0.064000	0.000000
0.128000	0.000000
0.192000	0.000000
0.256000	0.000000
0.320000	0.000000
0.384000	0.000000
0.448000	0.000000
0.512000	0.000000
0.576000	0.000000
0.640000	0.000000
0.704000	0.000000
0.768000	0.000000
0.832000	0.000000
0.896000	0.000000
0.960000	0.000000
1.024000	0.000000
1.088000	0.000000
1.152000	0.000000
1.216000	0.000000
1.280000	0.000000
1.344000	0.000000
1.408000	0.000000
1.472000	0.000000
1.536000	0.000000
1.600000	0.000000
1.664000	0.000000
1.728000	0.000000
1.792000	0.000000
1.856000	0.000000
1.920000	0.000000
1.984000	0.000000
2.048000	0.000000
2.112000	0.000000
2.176000	0.000000
2.240000	0.000000
2.304000	0.000000
2.368000	0.000000
2.432000	0.000000
2.496000	0.000000
2.560000	0.000000
2.624000	0.000000
2.688000	0.000000
2.752000	0.000000
2.816000	0.000000
2.880000	0.000000
2.944000	0.000000
3.008000	0.000000
3.072000	0.000000
3.136000	0.000000
3.200000	0.000000
3.264000	0.161176
3.328000	0.161176
3.392000	0.161176
3.456000	0.161176
3.520000	0.161176
3.584000	0.161176
3.648000	0.161176
3.712000	0.161176
3.776000	0.161176
3.840000	0.161176
3.904000	0.161176
3.968000	0.161176
4.032000	0.161176
4.096000	0.161176
4.160000	0.161176
4.224000	0.161176
4.288000	0.161176
4.352000	0.161176
4.416000	0.161176
4.480000	0.161176
4.544000	0.161176
4.608000	0.161176
4.672000	0.161176
4.736000	0.161176
4.800000	0.161176
4.864000	0.161176
4.928000	0.161176
4.992000	0.161176
5.056000	0.161176
5.120000	0.161176
5.184000	0.161176
5.248000	0.161176
5.312000	0.161176
5.376000	0.161176
5.440000	0.161176
5.504000	0.161176
5.568000	0.161176
5.632000	0.161176
5.696000	0.161176
5.760000	0.161176
5.824000	0.161176
5.888000	0.161176
5.952000	0.161176
6.016000	0.161176
6.080000	0.161176
6.144000	0.161176
6.208000	0.161176
6.272000	0.161176
6.336000	0.161176
6.400000	0.161176
6.464000	0.175776
6.528000	0.175776
6.592000	0.175776
6.656000	0.175776
6.720000	0.175776
6.784000	0.175776
6.848000	0.175776
6.912000	0.175776
6.976000	0.175776
7.040000	0.175776
7.104000	0.175776
7.168000	0.175776
7.232000	0.175776
7.296000	0.175776
7.360000	0.175776
7.424000	0.175776
7.488000	0.175776
7.552000	0.175776
7.616000	0.175776
7.680000	0.175776
7.744000	0.175776
7.808000	0.175776
7.872000	0.175776
7.936000	0.175776
8.000000	0.175776
8.064000	0.175776
8.128000	0.175776
8.192000	0.175776
8.256000	0.175776
8.320000	0.175776
8.384000	0.175776
8.448000	0.175776
8.512000	0.175776
8.576000	0.175776
8.640000	0.175776
8.704000	0.175776
8.768000	0.175776
8.832000	0.175776
8.896000	0.175776
8.960000	0.175776
9.024000	0.175776
9.088000	0.175776
9.152000	0.175776
9.216000	0.175776
9.280000	0.175776
9.344000	0.175776
9.408000	0.175776
9.472000	0.175776
9.536000	0.175776
9.600000	0.175776
9.664000	0.175776
9.728000	0.175776
9.792000	0.175776
9.856000	0.175776
9.920000	0.175776
9.984000	0.175776
10.048000	0.175776
10.112000	0.175776
10.176000	0.175776
10.240000	0.175776
10.304000	0.175776
10.368000	0.175776
10.432000	0.175776
10.496000	0.175776
10.560000	0.175776
10.624000	0.175776
10.688000	0.175776
10.752000	0.175776
10.816000	0.175776
10.880000	0.175776
10.944000	0.175776
11.008000	0.175776
11.072000	0.175776
11.136000	0.116419
11.200000	0.116419
11.264000	0.116419
11.328000	0.116419
11.392000	0.116419
11.456000	0.116419
11.520000	0.116419
11.584000	0.116419
11.648000	0.116419
11.712000	0.116419
11.776000	0.116419
11.840000	0.116419
11.904000	0.116419
11.968000	0.116419
12.032000	0.116419
12.096000	0.116419
12.160000	0.116419
12.224000	0.116419
12.288000	0.116419
12.352000	0.116419
12.416000	0.116419
12.480000	0.116419
12.544000	0.116419
12.608000	0.116419
12.672000	0.116419
12.736000	0.116419
12.800000	0.116419
12.864000	0.116419
12.928000	0.116419
12.992000	0.116419
13.056000	0.116419
13.120000	0.116419
13.184000	0.116419
13.248000	0.116419
13.312000	0.116419
13.376000	0.116419
13.440000	0.116419
13.504000	0.116419
13.568000	0.116419
13.632000	0.116419
13.696000	0.116419
13.760000	0.116419
13.824000	0.116419
13.888000	0.116419
13.952000	0.116419
14.016000	0.116419
14.080000	0.116419
14.144000	0.116419
14.208000	0.116419
14.272000	0.116419
14.336000	0.116419
14.400000	0.116419
14.464000	0.116419
14.528000	0.116419
14.592000	0.116419
14.656000	0.116419
14.720000	0.116419
14.784000	0.116419
14.848000	0.116419
14.912000	0.116419
14.976000	0.116419
15.040000	0.116419
15.104000	0.116419
15.168000	0.116419
15.232000	0.116419
15.296000	0.116419
15.360000	0.116419
15.424000	0.116419
15.488000	0.116419
15.552000	0.116419
15.616000	0.116419
15.680000	0.116419
15.744000	0.116419
15.808000	0.116419
15.872000	0.116419
15.936000	0.116419
16.000000	0.116419
16.064000	0.116419
16.128000	0.116419
16.192000	0.116419
16.256000	0.116419
16.320000	0.116419
16.384000	0.116419
16.448000	0.116419
16.512000	0.116419
16.576000	0.116419
16.640000	0.116419
16.704000	0.116419
16.768000	0.116419
16.832000	0.116419
16.896000	0.116419
16.960000	0.116419
17.024000	0.116419
17.088000	0.116419
17.152000	0.116419
17.216000	0.116419
17.280000	0.116419
17.344000	0.116419
17.408000	0.116419
17.472000	0.116419
17.536000	0.157814
17.600000	0.157814
17.664000	0.157814
17.728000	0.157814
17.792000	0.157814
17.856000	0.157814
17.920000	0.157814
17.984000	0.157814
18.048000	0.157814
18.112000	0.157814
18.176000	0.157814
18.240000	0.157814
18.304000	0.157814
18.368000	0.157814
18.432000	0.157814
18.496000	0.157814
18.560000	0.157814
18.624000	0.157814
18.688000	0.157814
18.752000	0.157814
18.816000	0.157814
18.880000	0.157814
18.944000	0.157814
19.008000	0.157814
19.072000	0.157814
19.136000	0.157814
19.200000	0.158474
19.264000	0.158474
19.328000	0.158474
19.392000	0.158474
19.456000	0.158474
19.520000	0.158474
19.584000	0.158474
19.648000	0.158474
19.712000	0.158474
19.776000	0.158474
19.840000	0.158474
19.904000	0.158474
19.968000	0.158474
20.032000	0.158474
20.096000	0.158474
20.160000	0.158474
20.224000	0.158474
20.288000	0.158474
20.352000	0.158474
20.416000	0.158474
20.480000	0.158474
20.544000	0.158474
20.608000	0.158474
20.672000	0.158474
20.736000	0.158474
20.800000	0.158474
20.864000	0.158474
20.928000	0.158474
20.992000	0.158474
21.056000	0.158474
21.120000	0.158474
21.184000	0.158474
21.248000	0.158474
21.312000	0.158474
21.376000	0.158474
21.440000	0.158474
21.504000	0.158474
21.568000	0.158474
21.632000	0.158474
21.696000	0.158474
21.760000	0.158474
21.824000	0.158474
21.888000	0.101465
21.952000	0.101465
22.016000	0.101465
22.080000	0.101465
22.144000	0.101465
22.208000	0.101465
22.272000	0.101465
22.336000	0.101465
22.400000	0.101465
22.464000	0.101465
22.528000	0.101465
22.592000	0.101465
22.656000	0.101465
22.720000	0.101465
22.784000	0.101465
22.848000	0.101465
22.912000	0.101465
22.976000	0.101465
23.040000	0.101465
23.104000	0.101465
23.168000	0.101465
23.232000	0.101465
23.296000	0.101465
23.360000	0.101465
23.424000	0.101465
23.488000	0.101465
23.552000	0.101465
23.616000	0.101465
23.680000	0.101465
23.744000	0.101465
23.808000	0.101465
23.872000	0.101465
23.936000	0.101465
24.000000	0.101465
24.064000	0.101465
24.128000	0.101465
24.192000	0.101465
24.256000	0.101465
24.320000	0.101465
24.384000	0.101465
24.448000	0.101465
24.512000	0.101465
24.576000	0.101465
24.640000	0.101465
24.704000	0.101465
24.768000	0.101465
24.832000	0.101465
24.896000	0.101465
24.960000	0.101465
25.024000	0.101465
25.088000	0.101465
25.152000	0.101465
25.216000	0.101465
25.280000	0.101465
25.344000	0.101465
25.408000	0.101465
25.472000	0.101465
25.536000	0.101465
25.600000	0.101465
25.664000	0.101465
25.728000	0.101465
25.792000	0.101465
25.856000	0.101465
25.920000	0.101465
25.984000	0.101465
26.048000	0.101465
26.112000	0.101465
26.176000	0.101465
26.240000	0.101465
26.304000	0.101465
26.368000	0.101465
26.432000	0.101465
26.496000	0.101465
26.560000	0.101465
26.624000	0.101465
26.688000	0.101465
26.752000	0.101465
26.816000	0.101465
26.880000	0.101465
26.944000	0.101465
27.008000	0.101465
27.072000	0.101465
27.136000	0.101465
27.200000	0.101465
27.264000	0.101465
27.328000	0.101465
27.392000	0.101465
27.456000	0.101465
27.520000	0.101465
27.584000	0.101465
27.648000	0.101465
27.712000	0.101465
27.776000	0.101465
27.840000	0.101465
27.904000	0.101465
27.968000	0.101465
28.032000	0.101465
28.096000	0.101465
28.160000	0.101465
28.224000	0.101465
28.288000	0.111592
28.352000	0.111592
28.416000	0.111592
28.480000	0.111592
28.544000	0.111592
28.608000	0.111592
28.672000	0.111592
28.736000	0.111592
28.800000	0.111592
28.864000	0.111592
28.928000	0.111592
28.992000	0.111592
29.056000	0.111592
29.120000	0.111592
29.184000	0.111592
29.248000	0.111592
29.312000	0.111592
29.376000	0.111592
29.440000	0.111592
29.504000	0.111592
29.568000	0.111592
29.632000	0.111592
29.696000	0.111592
29.760000	0.111592
29.824000	0.111592
29.888000	0.111592
29.952000	0.111592
30.016000	0.111592
30.080000	0.111592
30.144000	0.111592
30.208000	0.111592
30.272000	0.111592
30.336000	0.111592
30.400000	0.111592
30.464000	0.111592
30.528000	0.111592
30.592000	0.111592
30.656000	0.111592
30.720000	0.111592
30.784000	0.111592
30.848000	0.111592
30.912000	0.111592
30.976000	0.111592
31.040000	0.111592
31.104000	0.111592
31.168000	0.111592
31.232000	0.111592
31.296000	0.111592
31.360000	0.111592
31.424000	0.111592
31.488000	0.111592
31.552000	0.111592
31.616000	0.111592
31.680000	0.111592
31.744000	0.111592
31.808000	0.111592
31.872000	0.111592
31.936000	0.111592
32.000000	0.111592
32.064000	0.111592
32.128000	0.111592
32.192000	0.111592
32.256000	0.111592
32.320000	0.111592
32.384000	0.111592
32.448000	0.111592
32.512000	0.111592
32.576000	0.111592
32.640000	0.111592
32.704000	0.199271
32.768000	0.208625
32.832000	0.208625
32.896000	0.208625
32.960000	0.208625
33.024000	0.208625
33.088000	0.208625
33.152000	0.208625
33.216000	0.208625
33.280000	0.208625
33.344000	0.208625
33.408000	0.208625
33.472000	0.208625
33.536000	0.208625
33.600000	0.208625
33.664000	0.208625
33.728000	0.208625
33.792000	0.208625
33.856000	0.208625
33.920000	0.208625
33.984000	0.208625
34.048000	0.208625
34.112000	0.208625
34.176000	0.208625
34.240000	0.208625
34.304000	0.208625
34.368000	0.208625
34.432000	0.208625
34.496000	0.208625
34.560000	0.208625
34.624000	0.208625
34.688000	0.208625
34.752000	0.208625
34.816000	0.208625
34.880000	0.208625
34.944000	0.208625
35.008000	0.208625
35.072000	0.208625
35.136000	0.208625
35.200000	0.208625
35.264000	0.208625
35.328000	0.208625
35.392000	0.208625
35.456000	0.208625
35.520000	0.208625
35.584000	0.208625
35.648000	0.208625
35.712000	0.208625
35.776000	0.208625
35.840000	0.208625
35.904000	0.208625
35.968000	0.208625
36.032000	0.208625
36.096000	0.208625
36.160000	0.208625
36.224000	0.208625
36.288000	0.208625
36.352000	0.208625
36.416000	0.208625
36.480000	0.208625
36.544000	0.208625
36.608000	0.208625
36.672000	0.208625
36.736000	0.208625
36.800000	0.208625
36.864000	0.208625
36.928000	0.208625
36.992000	0.208625
37.056000	0.208625
37.120000	0.208625
37.184000	0.208625
37.248000	0.208625
37.312000	0.208625
37.376000	0.212956
37.440000	0.212956
37.504000	0.212956
37.568000	0.212956
37.632000	0.212956
37.696000	0.212956
37.760000	0.212956
37.824000	0.212956
37.888000	0.212956
37.952000	0.212956
38.016000	0.212956
38.080000	0.212956
38.144000	0.212956
38.208000	0.212956
38.272000	0.212956
38.336000	0.212956
38.400000	0.212956
38.464000	0.212956
38.528000	0.212956
38.592000	0.212956
38.656000	0.212956
38.720000	0.212956
38.784000	0.221948
38.848000	0.221948
38.912000	0.221948
38.976000	0.221948
39.040000	0.221948
39.104000	0.221948
39.168000	0.221948
39.232000	0.221948
39.296000	0.241521
39.360000	0.246639
39.424000	0.175002
39.488000	0.175002
39.552000	0.175002
39.616000	0.175002
39.680000	0.175002
39.744000	0.175002
39.808000	0.175002
39.872000	0.175002
39.936000	0.175002
40.000000	0.175002
40.064000	0.175002
40.128000	0.175002
40.192000	0.175002
40.256000	0.175002
40.320000	0.175002
40.384000	0.175002
40.448000	0.175002
40.512000	0.175002
40.576000	0.175002
40.640000	0.175002
40.704000	0.175002
40.768000	0.175002
40.832000	0.175002
40.896000	0.175002
40.960000	0.175002
41.024000	0.175002
41.088000	0.175002
41.152000	0.175002
41.216000	0.175002
41.280000	0.175002
41.344000	0.175002
41.408000	0.175002
41.472000	0.175002
41.536000	0.175002
41.600000	0.175002
41.664000	0.175002
41.728000	0.175002
41.792000	0.175002
41.856000	0.175002
41.920000	0.175002
41.984000	0.175002
42.048000	0.175002
42.112000	0.175002
42.176000	0.175002
42.240000	0.175002
42.304000	0.175002
42.368000	0.175002
42.432000	0.175002
42.496000	0.175002
42.560000	0.175002
42.624000	0.175002
42.688000	0.175002
42.752000	0.175002
42.816000	0.175002
42.880000	0.175002
42.944000	0.175002
43.008000	0.175002
43.072000	0.175002
43.136000	0.175002
43.200000	0.175002
43.264000	0.175002
43.328000	0.175002
43.392000	0.175002
43.456000	0.175002
43.520000	0.175002
43.584000	0.175002
43.648000	0.175002
43.712000	0.175002
43.776000	0.175002
43.840000	0.175002
43.904000	0.175002
43.968000	0.175002
44.032000	0.175002
44.096000	0.175002
44.160000	0.175002
44.224000	0.175002
44.288000	0.175002
44.352000	0.175002
44.416000	0.175002
44.480000	0.175002
44.544000	0.175002
44.608000	0.175002
44.672000	0.175002
44.736000	0.175002
44.800000	0.175002
44.864000	0.175002
44.928000	0.175002
44.992000	0.175002
45.056000	0.175002
45.120000	0.175002
45.184000	0.175002
45.248000	0.175002
45.312000	0.175002
45.376000	0.175002
45.440000	0.175002
45.504000	0.175002
45.568000	0.175002
45.632000	0.175002
45.696000	0.175002
45.760000	0.175002
45.824000	0.224723
45.888000	0.224723
45.952000	0.224723
46.016000	0.224723
46.080000	0.224723
46.144000	0.224723
46.208000	0.224723
46.272000	0.224723
46.336000	0.224723
46.400000	0.224723
46.464000	0.224723
46.528000	0.224723
46.592000	0.312833
46.656000	0.312833
46.720000	0.312833
46.784000	0.312833
46.848000	0.312833
46.912000	0.312833
46.976000	0.312833
47.040000	0.312833
47.104000	0.312833
47.168000	0.312833
47.232000	0.312833
47.296000	0.312833
47.360000	0.312833
47.424000	0.312833
47.488000	0.312833
47.552000	0.312833
47.616000	0.312833
47.680000	0.312833
47.744000	0.312833
47.808000	0.312833
47.872000	0.312833
47.936000	0.312833
48.000000	0.312833
48.064000	0.312833
48.128000	0.312833
48.192000	0.312833
48.256000	0.312833
48.320000	0.312833
48.384000	0.312833
48.448000	0.312833
48.512000	0.312833
48.576000	0.312833
48.640000	0.312833
48.704000	0.312833
48.768000	0.312833
48.832000	0.312833
48.896000	0.272444
48.960000	0.224403
49.024000	0.224403
49.088000	0.224403
49.152000	0.224403
49.216000	0.224403
49.280000	0.224403
49.344000	0.224403
49.408000	0.224403
49.472000	0.224403
49.536000	0.224403
49.600000	0.224403
49.664000	0.224403
49.728000	0.224403
49.792000	0.224403
49.856000	0.224403
49.920000	0.224403
49.984000	0.224403
50.048000	0.224403
50.112000	0.224403
50.176000	0.224403
50.240000	0.224403
50.304000	0.224403
50.368000	0.224403
50.432000	0.224403
50.496000	0.224403
50.560000	0.224403
50.624000	0.224403
50.688000	0.224403
50.752000	0.224403
50.816000	0.224403
50.880000	0.224403
50.944000	0.224403
51.008000	0.224403
51.072000	0.224403
51.136000	0.224403
51.200000	0.224403
51.264000	0.224403
51.328000	0.224403
51.392000	0.224403
51.456000	0.224403
51.520000	0.224403
51.584000	0.224403
51.648000	0.224403
51.712000	0.224403
51.776000	0.224403
51.840000	0.224403
51.904000	0.224403
51.968000	0.224403
52.032000	0.224403
52.096000	0.224403
52.160000	0.224403
52.224000	0.224403
52.288000	0.224403
52.352000	0.224403
52.416000	0.224403
52.480000	0.224403
52.544000	0.224403
52.608000	0.224403
52.672000	0.224403
52.736000	0.224403
52.800000	0.224403
52.864000	0.224403
52.928000	0.224403
52.992000	0.224403
53.056000	0.224403
53.120000	0.224403
53.184000	0.224403
53.248000	0.224403
53.312000	0.224403
53.376000	0.224403
53.440000	0.224403
53.504000	0.224403
53.568000	0.224403
53.632000	0.224403
53.696000	0.224403
53.760000	0.224403
53.824000	0.224403
53.888000	0.224403
53.952000	0.224403
54.016000	0.224403
54.080000	0.224403
54.144000	0.224403
54.208000	0.224403
54.272000	0.224403
54.336000	0.224403
54.400000	0.224403
54.464000	0.224403
54.528000	0.224403
54.592000	0.224403
54.656000	0.224403
54.720000	0.224403
54.784000	0.224403
54.848000	0.224403
54.912000	0.224403
54.976000	0.224403
55.040000	0.224403
55.104000	0.224403
55.168000	0.224403
55.232000	0.224403
55.296000	0.224403
55.360000	0.244993
55.424000	0.244993
55.488000	0.244993
55.552000	0.244993
55.616000	0.244993
55.680000	0.244993
55.744000	0.244993
55.808000	0.244993
55.872000	0.244993
55.936000	0.244993
56.000000	0.244993
56.064000	0.244993
56.128000	0.244993
56.192000	0.244993
56.256000	0.244993
56.320000	0.244993
56.384000	0.244993
56.448000	0.244993
56.512000	0.244993
56.576000	0.244993
56.640000	0.244993
56.704000	0.244993
56.768000	0.244993
56.832000	0.244993
56.896000	0.244993
56.960000	0.244993
57.024000	0.244993
57.088000	0.244993
57.152000	0.244993
57.216000	0.244993
57.280000	0.244993
57.344000	0.244993
57.408000	0.244993
57.472000	0.244993
57.536000	0.244993
57.600000	0.244993
57.664000	0.244993
57.728000	0.244993
57.792000	0.244993
57.856000	0.244993
57.920000	0.244993
57.984000	0.244993
58.048000	0.244993
58.112000	0.244993
58.176000	0.244993
58.240000	0.244993
58.304000	0.244993
58.368000	0.244993
58.432000	0.244993
58.496000	0.244993
58.560000	0.244993
58.624000	0.244993
58.688000	0.244993
58.752000	0.244993
58.816000	0.244993
58.880000	0.244993
58.944000	0.244993
59.008000	0.244993
59.072000	0.244993
59.136000	0.244993
59.200000	0.244993
59.264000	0.244993
59.328000	0.244993
59.392000	0.244993
59.456000	0.244993
59.520000	0.244993
59.584000	0.244993
59.648000	0.244993
59.712000	0.244993
59.776000	0.244993
59.840000	0.244993
59.904000	0.244993
59.968000	0.244993
60.032000	0.244993
60.096000	0.244993
60.160000	0.244993
60.224000	0.227508
60.288000	0.227508
60.352000	0.227508
60.416000	0.227508
60.480000	0.227508
60.544000	0.227508
60.608000	0.227508
60.672000	0.227508
60.736000	0.227508
60.800000	0.227508
60.864000	0.227508
60.928000	0.227508
60.992000	0.227508
61.056000	0.227508
61.120000	0.227508
61.184000	0.227508
61.248000	0.227508
61.312000	0.227508
61.376000	0.227508
61.440000	0.227508
61.504000	0.227508
61.568000	0.227508
61.632000	0.227508
61.696000	0.227508
61.760000	0.227508
61.824000	0.227508
61.888000	0.227508
61.952000	0.227508
62.016000	0.227508
62.080000	0.227508
62.144000	0.227508
62.208000	0.227508
62.272000	0.227508
62.336000	0.227508
62.400000	0.227508
62.464000	0.227508
62.528000	0.227508
62.592000	0.227508
62.656000	0.227508
62.720000	0.227508
62.784000	0.227508
62.848000	0.227508
62.912000	0.227508
62.976000	0.227508
63.040000	0.227508
63.104000	0.227508
63.168000	0.227508
63.232000	0.227508
63.296000	0.227508
63.360000	0.227508
63.424000	0.227508
63.488000	0.227508
63.552000	0.227508
63.616000	0.227508
63.680000	0.227508
63.744000	0.227508
63.808000	0.227508
63.872000	0.227508
63.936000	0.227508
64.000000	0.227508
64.064000	0.227508
64.128000	0.227508
64.192000	0.227508
64.256000	0.227508
64.320000	0.227508
64.384000	0.227508
64.448000	0.227508
64.512000	0.227508
64.576000	0.227508
64.640000	0.227508
64.704000	0.227508
64.768000	0.227508
64.832000	0.227508
64.896000	0.227508
64.960000	0.227508
65.024000	0.227508
65.088000	0.227508
65.152000	0.227508
65.216000	0.227508
65.280000	0.227508
65.344000	0.227508
65.408000	0.227508
65.472000	0.227508
65.536000	0.227508
65.600000	0.227508
65.664000	0.227508
65.728000	0.227508
65.792000	0.227508
65.856000	0.227508
65.920000	0.227508
65.984000	0.227508
66.048000	0.227508
66.112000	0.227508
66.176000	0.227508
66.240000	0.227508
66.304000	0.227508
66.368000	0.227508
66.432000	0.227508
66.496000	0.227508
66.560000	0.227508
66.624000	0.233941
66.688000	0.233941
66.752000	0.233941
66.816000	0.233941
66.880000	0.233941
66.944000	0.233941
67.008000	0.233941
67.072000	0.233941
67.136000	0.233941
67.200000	0.264316
67.264000	0.264316
67.328000	0.264316
67.392000	0.264316
67.456000	0.264316
67.520000	0.264316
67.584000	0.264316
67.648000	0.264316
67.712000	0.264316
67.776000	0.264316
67.840000	0.264316
67.904000	0.264316
67.968000	0.264316
68.032000	0.264316
68.096000	0.264316
68.160000	0.279636
68.224000	0.279636
68.288000	0.279636
68.352000	0.279636
68.416000	0.279636
68.480000	0.279636
68.544000	0.279636
68.608000	0.279636
68.672000	0.279636
68.736000	0.279636
68.800000	0.279636
68.864000	0.279636
68.928000	0.279636
68.992000	0.279636
69.056000	0.279636
69.120000	0.279636
69.184000	0.279636
69.248000	0.279636
69.312000	0.279636
69.376000	0.279636
69.440000	0.279636
69.504000	0.279636
69.568000	0.279636
69.632000	0.279636
69.696000	0.279636
69.760000	0.279636
69.824000	0.279636
69.888000	0.280905
69.952000	0.283227
70.016000	0.283227
70.080000	0.283227
70.144000	0.283227
70.208000	0.283227
70.272000	0.283227
70.336000	0.283227
70.400000	0.283227
70.464000	0.283227
70.528000	0.283227
70.592000	0.283227
70.656000	0.283227
70.720000	0.283227
70.784000	0.283227
70.848000	0.283227
70.912000	0.283227
70.976000	0.283227
71.040000	0.283227
71.104000	0.283227
71.168000	0.283227
71.232000	0.283227
71.296000	0.283227
71.360000	0.283227
71.424000	0.283227
71.488000	0.283227
71.552000	0.283227
71.616000	0.283227
71.680000	0.283227
71.744000	0.283227
71.808000	0.283227
71.872000	0.283227
71.936000	0.283227
72.000000	0.283227
72.064000	0.283227
72.128000	0.283227
72.192000	0.283227
72.256000	0.283227
72.320000	0.283227
72.384000	0.283227
72.448000	0.283227
72.512000	0.283227
72.576000	0.283227
72.640000	0.283227
72.704000	0.283227
72.768000	0.283227
72.832000	0.283227
72.896000	0.283227
72.960000	0.247957
73.024000	0.247957
73.088000	0.247957
73.152000	0.247957
73.216000	0.247957
73.280000	0.247957
73.344000	0.247957
73.408000	0.247957
73.472000	0.247957
73.536000	0.247957
73.600000	0.247957
73.664000	0.247957
73.728000	0.247957
73.792000	0.247957
73.856000	0.247957
73.920000	0.247957
73.984000	0.247957
74.048000	0.247957
74.112000	0.247957
74.176000	0.247957
74.240000	0.247957
74.304000	0.247957
74.368000	0.247957
74.432000	0.247957
74.496000	0.247957
74.560000	0.247957
74.624000	0.247957
74.688000	0.247957
74.752000	0.247957
74.816000	0.247957
74.880000	0.247957
74.944000	0.247957
75.008000	0.247957
75.072000	0.247957
75.136000	0.247957
75.200000	0.247957
75.264000	0.247957
75.328000	0.247957
75.392000	0.247957
75.456000	0.247957
75.520000	0.247957
75.584000	0.247957
75.648000	0.247957
75.712000	0.247957
75.776000	0.247957
75.840000	0.247957
75.904000	0.247957
75.968000	0.247957
76.032000	0.247957
76.096000	0.247957
76.160000	0.247957
76.224000	0.247957
76.288000	0.247957
76.352000	0.247957
76.416000	0.247957
76.480000	0.247957
76.544000	0.247957
76.608000	0.247957
76.672000	0.247957
76.736000	0.247957
76.800000	0.247957
76.864000	0.247957
76.928000	0.247957
76.992000	0.247957
77.056000	0.247957
77.120000	0.247957
77.184000	0.247957
77.248000	0.247957
77.312000	0.189625
77.376000	0.189625
77.440000	0.189625
77.504000	0.189625
77.568000	0.189625
77.632000	0.189625
77.696000	0.189625
77.760000	0.189625
77.824000	0.189625
77.888000	0.189625
77.952000	0.189625
78.016000	0.189625
78.080000	0.189625
78.144000	0.189625
78.208000	0.189625
78.272000	0.189625
78.336000	0.189625
78.400000	0.189625
78.464000	0.189625
78.528000	0.189625
78.592000	0.189625
78.656000	0.189625
78.720000	0.189625
78.784000	0.189625
78.848000	0.189625
78.912000	0.165857
78.976000	0.165857
79.040000	0.165857
79.104000	0.165857
79.168000	0.165857
79.232000	0.165857
79.296000	0.165857
79.360000	0.165857
79.424000	0.165857
79.488000	0.165857
79.552000	0.165857
79.616000	0.165857
79.680000	0.165857
79.744000	0.165857
79.808000	0.165857
79.872000	0.165857
79.936000	0.165857
80.000000	0.165857
80.064000	0.165857
80.128000	0.165857
80.192000	0.165857
80.256000	0.165857
80.320000	0.165857
80.384000	0.165857
80.448000	0.165857
80.512000	0.165857
80.576000	0.165857
80.640000	0.165857
80.704000	0.165857
80.768000	0.165857
80.832000	0.165857
80.896000	0.165857
80.960000	0.165857
81.024000	0.165857
81.088000	0.165857
81.152000	0.165857
81.216000	0.165857
81.280000	0.165857
81.344000	0.165857
81.408000	0.165857
81.472000	0.165857
81.536000	0.165857
81.600000	0.165857
81.664000	0.165857
81.728000	0.165857
81.792000	0.165857
81.856000	0.165857
81.920000	0.165857
81.984000	0.165857
82.048000	0.165857
82.112000	0.165857
82.176000	0.165857
82.240000	0.165857
82.304000	0.165857
82.368000	0.165857
82.432000	0.165857
82.496000	0.165857
82.560000	0.165857
82.624000	0.165857
82.688000	0.165857
82.752000	0.117473
82.816000	0.117473
82.880000	0.117473
82.944000	0.117473
83.008000	0.117473
83.072000	0.117473
83.136000	0.117473
83.200000	0.117473
83.264000	0.117473
83.328000	0.117473
83.392000	0.117473
83.456000	0.117473
83.520000	0.117473
83.584000	0.117473
83.648000	0.117473
83.712000	0.117473
83.776000	0.117473
83.840000	0.117473
83.904000	0.117473
83.968000	0.117473
84.032000	0.117473
84.096000	0.117473
84.160000	0.117473
84.224000	0.117473
84.288000	0.117473
84.352000	0.117473
84.416000	0.117473
84.480000	0.117473
84.544000	0.117473
84.608000	0.117473
84.672000	0.117473
84.736000	0.117473
84.800000	0.117473
84.864000	0.117473
84.928000	0.117473
84.992000	0.117473
85.056000	0.117473
85.120000	0.117473
85.184000	0.117473
85.248000	0.117473
85.312000	0.117473
85.376000	0.117473
85.440000	0.117473
85.504000	0.117473
85.568000	0.117473
85.632000	0.117473
85.696000	0.117473
85.760000	0.117473
85.824000	0.117473
85.888000	0.117473
85.952000	0.117473
86.016000	0.117473
86.080000	0.117473
86.144000	0.117473
86.208000	0.117473
86.272000	0.117473
86.336000	0.117473
86.400000	0.117473
86.464000	0.117473
86.528000	0.117473
86.592000	0.117473
86.656000	0.117473
86.720000	0.117473
86.784000	0.117473
86.848000	0.117473
86.912000	0.117473
86.976000	0.117473
87.040000	0.117473
87.104000	0.117473
87.168000	0.117473
87.232000	0.117473
87.296000	0.117473
87.360000	0.117473
87.424000	0.117473
87.488000	0.117473
87.552000	0.117473
87.616000	0.117473
87.680000	0.117473
87.744000	0.117473
87.808000	0.117473
87.872000	0.117473
87.936000	0.117473
88.000000	0.117473
88.064000	0.117473
88.128000	0.117473
88.192000	0.117473
88.256000	0.117473
88.320000	0.117473
88.384000	0.117473
88.448000	0.117473
88.512000	0.117473
88.576000	0.117473
88.640000	0.117473
88.704000	0.117473
88.768000	0.117473
88.832000	0.117473
88.896000	0.117473
88.960000	0.117473
89.024000	0.117473
89.088000	0.117473
89.152000	0.160138
89.216000	0.160138
89.280000	0.160138
89.344000	0.160138
89.408000	0.160138
89.472000	0.160138
89.536000	0.160138
89.600000	0.160138
89.664000	0.160138
89.728000	0.160138
89.792000	0.160138
89.856000	0.160138
89.920000	0.160138
89.984000	0.160138
90.048000	0.160138
90.112000	0.160138
90.176000	0.160138
90.240000	0.160138
90.304000	0.160138
90.368000	0.160138
90.432000	0.160138
90.496000	0.160138
90.560000	0.160138
90.624000	0.160138
90.688000	0.160138
90.752000	0.160138
90.816000	0.160138
90.880000	0.160138
90.944000	0.160138
91.008000	0.160138
91.072000	0.160138
91.136000	0.160138
91.200000	0.160138
91.264000	0.160138
91.328000	0.160138
91.392000	0.160138
91.456000	0.160138
91.520000	0.160138
91.584000	0.160138
91.648000	0.160138
91.712000	0.160138
91.776000	0.160138
91.840000	0.160138
91.904000	0.160138
91.968000	0.160138
92.032000	0.160138
92.096000	0.160138
92.160000	0.160138
92.224000	0.160138
92.288000	0.160138
92.352000	0.160138
92.416000	0.160138
92.480000	0.160138
92.544000	0.160138
92.608000	0.160138
92.672000	0.160138
92.736000	0.160138
92.800000	0.160138
92.864000	0.160138
92.928000	0.160138
92.992000	0.160138
93.056000	0.160138
93.120000	0.160138
93.184000	0.160138
93.248000	0.160138
93.312000	0.169258
93.376000	0.169258
93.440000	0.169258
93.504000	0.169258
93.568000	0.169258
93.632000	0.169258
93.696000	0.169258
93.760000	0.169258
93.824000	0.169258
93.888000	0.169258
93.952000	0.169258
94.016000	0.169258
94.080000	0.169258
94.144000	0.169258
94.208000	0.169258
94.272000	0.169258
94.336000	0.169258
94.400000	0.169258
94.464000	0.169258
94.528000	0.169258
94.592000	0.169258
94.656000	0.169258
94.720000	0.169258
94.784000	0.169258
94.848000	0.169258
94.912000	0.169258
94.976000	0.169258
95.040000	0.169258
95.104000	0.169258
95.168000	0.169258
95.232000	0.169258
95.296000	0.169258
95.360000	0.169258
95.424000	0.169258
95.488000	0.169258
95.552000	0.169258
95.616000	0.169258
95.680000	0.169258
95.744000	0.169258
95.808000	0.169258
95.872000	0.169258
95.936000	0.169258
96.000000	0.169258
96.064000	0.169258
96.128000	0.169258
96.192000	0.169258
96.256000	0.169258
96.320000	0.169258
96.384000	0.169258
96.448000	0.169258
96.512000	0.169258
96.576000	0.169258
96.640000	0.169258
96.704000	0.169258
96.768000	0.169258
96.832000	0.169258
96.896000	0.169258
96.960000	0.169258
97.024000	0.169258
97.088000	0.169258
97.152000	0.169258
97.216000	0.169258
97.280000	0.169258
97.344000	0.169258
97.408000	0.169258
97.472000	0.169258
97.536000	0.169258
97.600000	0.169258
97.664000	0.169258
97.728000	0.169258
97.792000	0.169258
97.856000	0.169258
97.920000	0.169258
97.984000	0.169258
98.048000	0.169258
98.112000	0.169258
98.176000	0.169258
98.240000	0.169258
98.304000	0.169258
98.368000	0.169258
98.432000	0.169258
98.496000	0.169258
98.560000	0.169258
98.624000	0.169258
98.688000	0.169258
98.752000	0.169258
98.816000	0.169258
98.880000	0.169258
98.944000	0.287438
99.008000	0.287438
99.072000	0.287438
99.136000	0.287438
99.200000	0.287438
99.264000	0.287438
99.328000	0.287438
99.392000	0.287438
99.456000	0.287438
99.520000	0.287438
99.584000	0.287438
99.648000	0.287438
99.712000	0.287438
99.776000	0.287438
99.840000	0.287438
99.904000	0.287438
99.968000	0.287438
100.032000	0.287438
100.096000	0.287438
100.160000	0.287438
100.224000	0.287438
100.288000	0.287438
100.352000	0.287438
100.416000	0.287438
100.480000	0.287438
100.544000	0.287438
100.608000	0.287438
100.672000	0.287438
100.736000	0.287438
100.800000	0.287438
100.864000	0.287438
100.928000	0.287438
100.992000	0.287438
101.056000	0.287438
101.120000	0.287438
101.184000	0.287438
101.248000	0.287438
101.312000	0.287438
101.376000	0.287438
101.440000	0.287438
101.504000	0.287438
101.568000	0.287438
101.632000	0.287438
101.696000	0.287438
101.760000	0.287438
101.824000	0.287438
101.888000	0.287438
101.952000	0.287438
102.016000	0.287438
102.080000	0.287438
102.144000	0.287438
102.208000	0.287438
102.272000	0.287438
102.336000	0.287438
102.400000	0.287438
102.464000	0.287438
102.528000	0.287438
102.592000	0.287438
102.656000	0.287438
102.720000	0.287438
102.784000	0.287438
102.848000	0.287438
102.912000	0.287438
102.976000	0.287438
103.040000	0.287438
103.104000	0.212305
103.168000	0.212305
103.232000	0.212305
103.296000	0.212305
103.360000	0.212305
103.424000	0.212305
103.488000	0.212305
103.552000	0.212305
103.616000	0.212305
103.680000	0.212305
103.744000	0.212305
103.808000	0.212305
103.872000	0.212305
103.936000	0.212305
104.000000	0.212305
104.064000	0.212305
104.128000	0.212305
104.192000	0.212305
104.256000	0.212305
104.320000	0.212305
104.384000	0.212305
104.448000	0.212305
104.512000	0.212305
104.576000	0.212305
104.640000	0.212305
104.704000	0.212305
104.768000	0.212305
104.832000	0.212305
104.896000	0.212305
104.960000	0.212305
105.024000	0.212305
105.088000	0.212305
105.152000	0.212305
105.216000	0.212305
105.280000	0.212305
105.344000	0.212305
105.408000	0.212305
105.472000	0.212305
105.536000	0.212305
105.600000	0.212305
105.664000	0.212305
105.728000	0.212305
105.792000	0.212305
105.856000	0.212305
105.920000	0.212305
105.984000	0.212305
106.048000	0.212305
106.112000	0.212305
106.176000	0.212305
106.240000	0.212305
106.304000	0.212305
106.368000	0.212305
106.432000	0.212305
106.496000	0.212305
106.560000	0.212305
106.624000	0.212305
106.688000	0.212305
106.752000	0.212305
106.816000	0.212305
106.880000	0.212305
106.944000	0.212305
107.008000	0.212305
107.072000	0.212305
107.136000	0.212305
107.200000	0.212305
107.264000	0.212305
107.328000	0.212305
107.392000	0.212305
107.456000	0.212305
107.520000	0.212305
107.584000	0.212305
107.648000	0.212305
107.712000	0.212305
107.776000	0.212305
107.840000	0.212305
107.904000	0.212305
107.968000	0.212305
108.032000	0.212305
108.096000	0.212305
108.160000	0.212305
108.224000	0.212305
108.288000	0.212305
108.352000	0.212305
108.416000	0.212305
108.480000	0.212305
108.544000	0.212305
108.608000	0.212305
108.672000	0.212305
108.736000	0.212305
108.800000	0.212305
108.864000	0.212305
108.928000	0.212305
108.992000	0.212305
109.056000	0.212305
109.120000	0.212305
109.184000	0.212305
109.248000	0.212305
109.312000	0.212305
109.376000	0.212305
109.440000	0.212305
109.504000	0.422622
109.568000	0.422622
109.632000	0.422622
109.696000	0.422622
109.760000	0.422622
109.824000	0.422622
109.888000	0.422622
109.952000	0.422622
110.016000	0.422622
110.080000	0.422622
110.144000	0.422622
110.208000	0.422622
110.272000	0.422622
110.336000	0.422622
110.400000	0.430612
110.464000	0.430612
110.528000	0.430612
110.592000	0.430612
110.656000	0.430612
110.720000	0.430612
110.784000	0.430612
110.848000	0.430612
110.912000	0.430612
110.976000	0.430612
111.040000	0.430612
111.104000	0.430612
111.168000	0.430612
111.232000	0.430612
111.296000	0.430612
111.360000	0.430612
111.424000	0.430612
111.488000	0.430612
111.552000	0.430612
111.616000	0.430612
111.680000	0.430612
111.744000	0.430612
111.808000	0.430612
111.872000	0.430612
111.936000	0.430612
112.000000	0.430612
112.064000	0.430612
112.128000	0.430612
112.192000	0.430612
112.256000	0.430612
112.320000	0.430612
112.384000	0.430612
112.448000	0.430612
112.512000	0.430612
112.576000	0.430612
112.640000	0.430612
112.704000	0.430612
112.768000	0.430612
112.832000	0.430612
112.896000	0.430612
112.960000	0.430612
113.024000	0.430612
113.088000	0.430612
113.152000	0.412438
113.216000	0.368296
113.280000	0.368296
113.344000	0.368296
113.408000	0.368296
113.472000	0.368296
113.536000	0.260858
113.600000	0.237344
113.664000	0.237344
113.728000	0.237344
113.792000	0.237344
113.856000	0.237344
113.920000	0.237344
113.984000	0.237344
114.048000	0.237344
114.112000	0.237344
114.176000	0.237344
114.240000	0.237344
114.304000	0.237344
114.368000	0.237344
114.432000	0.237344
114.496000	0.237344
114.560000	0.237344
114.624000	0.237344
114.688000	0.237344
114.752000	0.237344
114.816000	0.237344
114.880000	0.237344
114.944000	0.237344
115.008000	0.237344
115.072000	0.237344
115.136000	0.237344
115.200000	0.237344
115.264000	0.237344
115.328000	0.237344
115.392000	0.237344
115.456000	0.237344
115.520000	0.237344
115.584000	0.237344
115.648000	0.237344
115.712000	0.237344
115.776000	0.237344
115.840000	0.237344
115.904000	0.237344
115.968000	0.237344
116.032000	0.237344
116.096000	0.237344
116.160000	0.237344
116.224000	0.237344
116.288000	0.237344
116.352000	0.237344
116.416000	0.237344
116.480000	0.237344
116.544000	0.237344
116.608000	0.237344
116.672000	0.237344
116.736000	0.237344
116.800000	0.237344
116.864000	0.237344
116.928000	0.237344
116.992000	0.237344
117.056000	0.237344
117.120000	0.237344
117.184000	0.237344
117.248000	0.237344
117.312000	0.237344
117.376000	0.237344
117.440000	0.237344
117.504000	0.237344
117.568000	0.237344
117.632000	0.237344
117.696000	0.237344
117.760000	0.237344
117.824000	0.237344
117.888000	0.187810
117.952000	0.187810
118.016000	0.187810
118.080000	0.187810
118.144000	0.187810
118.208000	0.187810
118.272000	0.187810
118.336000	0.187810
118.400000	0.187810
118.464000	0.187810
118.528000	0.187810
118.592000	0.187810
118.656000	0.187810
118.720000	0.187810
118.784000	0.187810
118.848000	0.187810
118.912000	0.187810
118.976000	0.187810
119.040000	0.187810
119.104000	0.187810
119.168000	0.187810
119.232000	0.187810
119.296000	0.187810
119.360000	0.187810
119.424000	0.187810
119.488000	0.187810
119.552000	0.187810
119.616000	0.187810
119.680000	0.187810
119.744000	0.187810
119.808000	0.187810
119.872000	0.187810
119.936000	0.187810
120.000000	0.187810
120.064000	0.187810
120.128000	0.187810
120.192000	0.187810
120.256000	0.187810
120.320000	0.187810
120.384000	0.187810
120.448000	0.187810
120.512000	0.187810
120.576000	0.187810
120.640000	0.187810
120.704000	0.187810
120.768000	0.187810
120.832000	0.187810
120.896000	0.187810
120.960000	0.187810
121.024000	0.187810
121.088000	0.187810
121.152000	0.187810
121.216000	0.187810
121.280000	0.187810
121.344000	0.187810
121.408000	0.187810
121.472000	0.187810
121.536000	0.187810
121.600000	0.187810
121.664000	0.187810
121.728000	0.187810
121.792000	0.187810
121.856000	0.187810
121.920000	0.187810
121.984000	0.187810
122.048000	0.187810
122.112000	0.187810
122.176000	0.187810
122.240000	0.187810
122.304000	0.187810
122.368000	0.187810
122.432000	0.187810
122.496000	0.187810
122.560000	0.187810
122.624000	0.187810
122.688000	0.187810
122.752000	0.187810
122.816000	0.187810
122.880000	0.187810
122.944000	0.187810
123.008000	0.187810
123.072000	0.187810
123.136000	0.187810
123.200000	0.187810
123.264000	0.187810
123.328000	0.187810
123.392000	0.187810
123.456000	0.187810
123.520000	0.187810
123.584000	0.187810
123.648000	0.187810
123.712000	0.187810
123.776000	0.187810
123.840000	0.187810
123.904000	0.187810
123.968000	0.187810
124.032000	0.187810
124.096000	0.187810
124.160000	0.187810
124.224000	0.187810
124.288000	0.225093
124.352000	0.230016
124.416000	0.230016
124.480000	0.230016
124.544000	0.230016
124.608000	0.293030
124.672000	0.293030
124.736000	0.293030
124.800000	0.293030
124.864000	0.293030
124.928000	0.293030
124.992000	0.293030
125.056000	0.293030
125.120000	0.293030
125.184000	0.293030
125.248000	0.293030
125.312000	0.293030
125.376000	0.293030
125.440000	0.293030
125.504000	0.293030
125.568000	0.293030
125.632000	0.293030
125.696000	0.289756
125.760000	0.289756
125.824000	0.198001
125.888000	0.167724
125.952000	0.167724
126.016000	0.167724
126.080000	0.167724
126.144000	0.167724
126.208000	0.167724
126.272000	0.167724
126.336000	0.167724
126.400000	0.167724
126.464000	0.167724
126.528000	0.167724
126.592000	0.167724
126.656000	0.167724
126.720000	0.167724
126.784000	0.167724
126.848000	0.167724
126.912000	0.167724
126.976000	0.167724
127.040000	0.167724
127.104000	0.167724
127.168000	0.167724
127.232000	0.167724
127.296000	0.167724
127.360000	0.167724
127.424000	0.167724
127.488000	0.167724
127.552000	0.167724
127.616000	0.167724
127.680000	0.167724
127.744000	0.167724
127.808000	0.167724
127.872000	0.167724
127.936000	0.167724
128.000000	0.167724
128.064000	0.167724
128.128000	0.167724
128.192000	0.167724
128.256000	0.167724
128.320000	0.167724
128.384000	0.167724
128.448000	0.167724
128.512000	0.167724
128.576000	0.167724
128.640000	0.167724
128.704000	0.167724
128.768000	0.167724
128.832000	0.167724
128.896000	0.167724
128.960000	0.167724
129.024000	0.167724
129.088000	0.167724
129.152000	0.167724
129.216000	0.167724
129.280000	0.167724
129.344000	0.167724
129.408000	0.167724
129.472000	0.167724
129.536000	0.167724
129.600000	0.167724
129.664000	0.167724
129.728000	0.167724
129.792000	0.167724
129.856000	0.167724
129.920000	0.167724
129.984000	0.167724
130.048000	0.167724
130.112000	0.167724
130.176000	0.167724
130.240000	0.167724
130.304000	0.167724
130.368000	0.167724
130.432000	0.167724
130.496000	0.167724
130.560000	0.167724
130.624000	0.167724
130.688000	0.167724
130.752000	0.167724
130.816000	0.167724
130.880000	0.167724
130.944000	0.167724
131.008000	0.167724
131.072000	0.167724
131.136000	0.167724
131.200000	0.167724
131.264000	0.167724
131.328000	0.167724
131.392000	0.167724
131.456000	0.167724
131.520000	0.167724
131.584000	0.167724
131.648000	0.167724
131.712000	0.167724
131.776000	0.167724
131.840000	0.167724
131.904000	0.167724
131.968000	0.167724
132.032000	0.167724
132.096000	0.167724
132.160000	0.167724
132.224000	0.167724
132.288000	0.183388
132.352000	0.183388
132.416000	0.183388
132.480000	0.183388
132.544000	0.183388
132.608000	0.183388
132.672000	0.183388
132.736000	0.183388
132.800000	0.183388
132.864000	0.183388
132.928000	0.183388
132.992000	0.183388
133.056000	0.183388
133.120000	0.183388
133.184000	0.183388
133.248000	0.183388
133.312000	0.183388
133.376000	0.183388
133.440000	0.183388
133.504000	0.183388
133.568000	0.183388
133.632000	0.183388
133.696000	0.183388
133.760000	0.183388
133.824000	0.183388
133.888000	0.183388
133.952000	0.183388
134.016000	0.183388
134.080000	0.183388
134.144000	0.183388
134.208000	0.161640
134.272000	0.161640
134.336000	0.161640
134.400000	0.161640
134.464000	0.161640
134.528000	0.161640
134.592000	0.161640
134.656000	0.161640
134.720000	0.161640
134.784000	0.161640
134.848000	0.161640
134.912000	0.161640
134.976000	0.161640
135.040000	0.161640
135.104000	0.161640
135.168000	0.161640
135.232000	0.161640
135.296000	0.161640
135.360000	0.161640
135.424000	0.161640
135.488000	0.161640
135.552000	0.161640
135.616000	0.161640
135.680000	0.161640
135.744000	0.161640
135.808000	0.161640
135.872000	0.161640
135.936000	0.161640
136.000000	0.161640
136.064000	0.161640
136.128000	0.161640
136.192000	0.161640
136.256000	0.161640
136.320000	0.161640
136.384000	0.161640
136.448000	0.161640
136.512000	0.161640
136.576000	0.161640
136.640000	0.161640
136.704000	0.161640
136.768000	0.161640
136.832000	0.161640
136.896000	0.161640
136.960000	0.161640
137.024000	0.161640
137.088000	0.156487
137.152000	0.156487
137.216000	0.156487
137.280000	0.156487
137.344000	0.156487
137.408000	0.156487
137.472000	0.156487
137.536000	0.156487
137.600000	0.156487
137.664000	0.156487
137.728000	0.156487
137.792000	0.156487
137.856000	0.156487
137.920000	0.156487
137.984000	0.156487
138.048000	0.156487
138.112000	0.156487
138.176000	0.156487
138.240000	0.156487
138.304000	0.156487
138.368000	0.156487
138.432000	0.156487
138.496000	0.156487
138.560000	0.156487
138.624000	0.156487
138.688000	0.156487
138.752000	0.156487
138.816000	0.156487
138.880000	0.156487
138.944000	0.156487
139.008000	0.156487
139.072000	0.156487
139.136000	0.156487
139.200000	0.156487
139.264000	0.156487
139.328000	0.156487
139.392000	0.156487
139.456000	0.156487
139.520000	0.156487
139.584000	0.156487
139.648000	0.156487
139.712000	0.156487
139.776000	0.156487
139.840000	0.156487
139.904000	0.156487
139.968000	0.156487
140.032000	0.156487
140.096000	0.156487
140.160000	0.156487
140.224000	0.156487
140.288000	0.156487
140.352000	0.156487
140.416000	0.156487
140.480000	0.156487
140.544000	0.156487
140.608000	0.156487
140.672000	0.156487
140.736000	0.156487
140.800000	0.156487
140.864000	0.156487
140.928000	0.156487
140.992000	0.156487
141.056000	0.156487
141.120000	0.156487
141.184000	0.156487
141.248000	0.156487
141.312000	0.156487
141.376000	0.156487
141.440000	0.156487
141.504000	0.156487
141.568000	0.156487
141.632000	0.156487
141.696000	0.156487
141.760000	0.156487
141.824000	0.156487
141.888000	0.156487
141.952000	0.156487
142.016000	0.156487
142.080000	0.156487
142.144000	0.156487
142.208000	0.156487
142.272000	0.156487
142.336000	0.156487
142.400000	0.156487
142.464000	0.156487
142.528000	0.156487
142.592000	0.156487
142.656000	0.156487
142.720000	0.156487
142.784000	0.156487
142.848000	0.156487
142.912000	0.156487
142.976000	0.156487
143.040000	0.156487
143.104000	0.156487
143.168000	0.156487
143.232000	0.156487
143.296000	0.156487
143.360000	0.156487
143.424000	0.156487
143.488000	0.187106
143.552000	0.187106
143.616000	0.187106
143.680000	0.187106
143.744000	0.187106
143.808000	0.187106
143.872000	0.187106
143.936000	0.187106
144.000000	0.187106
144.064000	0.187106
144.128000	0.187106
144.192000	0.187106
144.256000	0.187106
144.320000	0.187106
144.384000	0.187106
144.448000	0.187106
144.512000	0.187106
144.576000	0.187106
144.640000	0.187106
144.704000	0.187106
144.768000	0.187106
144.832000	0.187106
144.896000	0.187106
144.960000	0.187106
145.024000	0.187106
145.088000	0.187106
145.152000	0.187106
145.216000	0.187106
145.280000	0.187106
145.344000	0.187106
145.408000	0.187106
145.472000	0.187106
145.536000	0.187106
145.600000	0.187106
145.664000	0.187106
145.728000	0.187106
145.792000	0.187106
145.856000	0.187106
145.920000	0.187106
145.984000	0.187106
146.048000	0.187106
146.112000	0.187106
146.176000	0.187106
146.240000	0.187106
146.304000	0.187106
146.368000	0.187106
146.432000	0.187106
146.496000	0.187106
146.560000	0.187106
146.624000	0.187106
146.688000	0.187106
146.752000	0.187106
146.816000	0.187106
146.880000	0.187106
146.944000	0.187106
147.008000	0.187106
147.072000	0.187106
147.136000	0.187106
147.200000	0.187106
147.264000	0.187106
147.328000	0.187106
147.392000	0.187106
147.456000	0.187106
147.520000	0.187106
147.584000	0.187106
147.648000	0.187106
147.712000	0.187106
147.776000	0.187106
147.840000	0.187106
147.904000	0.187106
147.968000	0.187106
148.032000	0.187106
148.096000	0.187106
148.160000	0.187106
148.224000	0.187106
148.288000	0.187106
148.352000	0.187106
148.416000	0.187106
148.480000	0.187106
148.544000	0.187106
148.608000	0.187106
148.672000	0.187106
148.736000	0.187106
148.800000	0.187106
148.864000	0.187106
148.928000	0.187106
148.992000	0.187106
149.056000	0.187106
149.120000	0.187106
149.184000	0.187106
149.248000	0.187106
149.312000	0.187106
149.376000	0.187106
149.440000	0.187106
149.504000	0.187106
149.568000	0.187106
149.632000	0.187106
149.696000	0.217292
149.760000	0.217292
149.824000	0.217292
149.888000	0.217292
149.952000	0.217292
150.016000	0.217292
150.080000	0.217292
150.144000	0.217292
150.208000	0.217292
150.272000	0.188391
150.336000	0.188391
150.400000	0.188391
150.464000	0.188391
150.528000	0.188391
150.592000	0.188391
150.656000	0.188391
150.720000	0.188391
150.784000	0.188391
150.848000	0.188391
150.912000	0.188391
150.976000	0.188391
151.040000	0.188391
151.104000	0.188391
151.168000	0.188391
151.232000	0.188391
151.296000	0.188391
151.360000	0.188391
151.424000	0.188391
151.488000	0.188391
151.552000	0.188391
151.616000	0.188391
151.680000	0.188391
151.744000	0.188391
151.808000	0.188391
151.872000	0.188391
151.936000	0.188391
152.000000	0.188391
152.064000	0.188391
152.128000	0.188391
152.192000	0.188391
152.256000	0.188391
152.320000	0.188391
152.384000	0.188391
152.448000	0.188391
152.512000	0.188391
152.576000	0.188391
152.640000	0.188391
152.704000	0.188391
152.768000	0.188391
152.832000	0.188391
152.896000	0.188391
152.960000	0.188391
153.024000	0.188391
153.088000	0.188391
153.152000	0.188391
153.216000	0.188391
153.280000	0.188391
153.344000	0.188391
153.408000	0.188391
153.472000	0.188391
153.536000	0.188391
153.600000	0.188391
153.664000	0.188391
153.728000	0.188391
153.792000	0.188391
153.856000	0.188391
153.920000	0.188391
153.984000	0.188391
154.048000	0.188391
154.112000	0.188391
154.176000	0.188391
154.240000	0.188391
154.304000	0.188391
154.368000	0.188391
154.432000	0.188391
154.496000	0.188391
154.560000	0.188391
154.624000	0.188391
154.688000	0.188391
154.752000	0.188391
154.816000	0.188391
154.880000	0.188391
154.944000	0.188391
155.008000	0.188391
155.072000	0.188391
155.136000	0.188391
155.200000	0.188391
155.264000	0.188391
155.328000	0.188391
155.392000	0.188391
155.456000	0.188391
155.520000	0.188391
155.584000	0.188391
155.648000	0.188391
155.712000	0.188391
155.776000	0.188391
155.840000	0.188391
155.904000	0.188391
155.968000	0.188391
156.032000	0.188391
156.096000	0.188391
156.160000	0.188391
156.224000	0.188391
156.288000	0.188391
156.352000	0.188391
156.416000	0.188391
156.480000	0.188391
156.544000	0.188391
156.608000	0.188391
156.672000	0.273120
156.736000	0.273120
156.800000	0.273120
156.864000	0.273120
156.928000	0.273120
156.992000	0.273120
157.056000	0.273120
157.120000	0.273120
157.184000	0.273120
157.248000	0.273120
157.312000	0.273120
157.376000	0.273120
157.440000	0.273120
157.504000	0.273120
157.568000	0.273120
157.632000	0.273120
157.696000	0.273120
157.760000	0.273120
157.824000	0.273120
157.888000	0.273120
157.952000	0.273120
158.016000	0.273120
158.080000	0.273120
158.144000	0.273120
158.208000	0.273120
158.272000	0.273120
158.336000	0.273120
158.400000	0.273120
158.464000	0.273120
158.528000	0.273120
158.592000	0.273120
158.656000	0.273120
158.720000	0.314367
158.784000	0.314367
158.848000	0.314367
158.912000	0.314367
158.976000	0.314367
159.040000	0.314367
159.104000	0.314367
159.168000	0.314367
159.232000	0.314367
159.296000	0.314367
159.360000	0.314367
159.424000	0.314367
159.488000	0.314367
159.552000	0.314367
159.616000	0.314367
159.680000	0.314367
159.744000	0.314367
159.808000	0.314367
159.872000	0.314367
159.936000	0.314367
160.000000	0.314367
160.064000	0.314367
160.128000	0.314367
160.192000	0.314367
160.256000	0.314367
160.320000	0.314367
160.384000	0.314367
160.448000	0.314367
160.512000	0.314367
160.576000	0.314367
160.640000	0.314367
160.704000	0.314367
160.768000	0.314367
160.832000	0.314367
160.896000	0.314367
160.960000	0.314367
161.024000	0.314367
161.088000	0.314367
161.152000	0.314367
161.216000	0.314367
161.280000	0.342741
161.344000	0.342741
161.408000	0.342741
161.472000	0.342741
161.536000	0.342741
161.600000	0.342741
161.664000	0.342741
161.728000	0.417451
161.792000	0.417451
161.856000	0.417451
161.920000	0.417451
161.984000	0.417451
162.048000	0.417451
162.112000	0.417451
162.176000	0.417451
162.240000	0.417451
162.304000	0.417451
162.368000	0.417451
162.432000	0.457845
162.496000	0.457845
162.560000	0.457845
162.624000	0.457845
162.688000	0.457845
162.752000	0.400490
162.816000	0.353219
162.880000	0.353219
162.944000	0.353219
163.008000	0.353219
163.072000	0.353219
163.136000	0.353219
163.200000	0.353219
163.264000	0.353219
163.328000	0.353219
163.392000	0.353219
163.456000	0.353219
163.520000	0.353219
163.584000	0.353219
163.648000	0.353219
163.712000	0.353219
163.776000	0.353219
163.840000	0.353219
163.904000	0.353219
163.968000	0.353219
164.032000	0.353219
164.096000	0.353219
164.160000	0.353219
164.224000	0.353219
164.288000	0.353219
164.352000	0.353219
164.416000	0.353219
164.480000	0.353219
164.544000	0.353219
164.608000	0.353219
164.672000	0.353219
164.736000	0.353219
164.800000	0.353219
164.864000	0.353219
164.928000	0.353219
164.992000	0.353219
165.056000	0.353219
165.120000	0.353219
165.184000	0.353219
165.248000	0.353219
165.312000	0.353219
165.376000	0.353219
165.440000	0.353219
165.504000	0.353219
165.568000	0.353219
165.632000	0.353219
165.696000	0.353219
165.760000	0.353219
165.824000	0.353219
165.888000	0.353219
165.952000	0.353219
166.016000	0.353219
166.080000	0.353219
166.144000	0.353219
166.208000	0.353219
166.272000	0.353219
166.336000	0.353219
166.400000	0.353219
166.464000	0.353219
166.528000	0.353219
166.592000	0.353219
166.656000	0.353219
166.720000	0.353219
166.784000	0.353219
166.848000	0.353219
166.912000	0.353219
166.976000	0.353219
167.040000	0.353219
167.104000	0.353219
167.168000	0.353219
167.232000	0.353219
167.296000	0.353219
167.360000	0.353219
167.424000	0.353219
167.488000	0.353219
167.552000	0.353219
167.616000	0.353219
167.680000	0.353219
167.744000	0.353219
167.808000	0.353219
167.872000	0.353219
167.936000	0.353219
168.000000	0.353219
168.064000	0.353219
168.128000	0.353219
168.192000	0.353219
168.256000	0.353219
168.320000	0.353219
168.384000	0.353219
168.448000	0.353219
168.512000	0.353219
168.576000	0.353219
168.640000	0.353219
168.704000	0.353219
168.768000	0.353219
168.832000	0.353219
168.896000	0.353219
168.960000	0.353219
169.024000	0.353219
169.088000	0.353219
169.152000	0.353219
169.216000	0.404687
169.280000	0.404687
169.344000	0.404687
169.408000	0.404687
169.472000	0.404687
169.536000	0.404687
169.600000	0.404687
169.664000	0.404687
169.728000	0.404687
169.792000	0.404687
169.856000	0.404687
169.920000	0.404687
169.984000	0.404687
170.048000	0.404687
170.112000	0.404687
170.176000	0.404687
170.240000	0.404687
170.304000	0.404687
170.368000	0.404687
170.432000	0.404687
170.496000	0.404687
170.560000	0.404687
170.624000	0.404687
170.688000	0.404687
170.752000	0.404687
170.816000	0.404687
170.880000	0.404687
170.944000	0.404687
171.008000	0.404687
171.072000	0.404687
171.136000	0.404687
171.200000	0.404687
171.264000	0.404687
171.328000	0.404687
171.392000	0.404687
171.456000	0.404687
171.520000	0.404687
171.584000	0.404687
171.648000	0.404687
171.712000	0.404687
171.776000	0.404687
171.840000	0.404687
171.904000	0.404687
171.968000	0.404687
172.032000	0.404687
172.096000	0.404687
172.160000	0.404687
172.224000	0.404687
172.288000	0.404687
172.352000	0.404687
172.416000	0.404687
172.480000	0.404687
172.544000	0.404687
172.608000	0.404687
172.672000	0.404687
172.736000	0.404687
172.800000	0.404687
172.864000	0.556270
172.928000	0.556270
172.992000	0.556270
173.056000	0.556270
173.120000	0.556270
173.184000	0.556270
173.248000	0.556270
173.312000	0.556270
173.376000	0.556270
173.440000	0.556270
173.504000	0.556270
173.568000	0.556270
173.632000	0.556270
173.696000	0.556270
173.760000	0.556270
173.824000	0.556270
173.888000	0.556270
173.952000	0.556270
174.016000	0.556270
174.080000	0.556270
174.144000	0.556270
174.208000	0.556270
174.272000	0.556270
174.336000	0.556270
174.400000	0.556270
174.464000	0.556270
174.528000	0.556270
174.592000	0.556270
174.656000	0.556270
174.720000	0.556270
174.784000	0.556270
174.848000	0.556270
174.912000	0.556270
174.976000	0.556364
175.040000	0.556364
175.104000	0.556364
175.168000	0.556364
175.232000	0.556364
175.296000	0.556364
175.360000	0.556364
175.424000	0.556364
175.488000	0.556364
175.552000	0.556364
175.616000	0.556364
175.680000	0.556364
175.744000	0.556364
175.808000	0.556364
175.872000	0.556364
175.936000	0.556364
176.000000	0.556364
176.064000	0.556364
176.128000	0.556364
176.192000	0.556364
176.256000	0.556364
176.320000	0.556364
176.384000	0.556364
176.448000	0.483170
176.512000	0.447776
176.576000	0.447776
176.640000	0.299986
176.704000	0.299986
176.768000	0.299986
176.832000	0.299986
176.896000	0.299986
176.960000	0.299986
177.024000	0.299986
177.088000	0.299986
177.152000	0.299986
177.216000	0.299986
177.280000	0.299986
177.344000	0.299986
177.408000	0.299986
177.472000	0.299986
177.536000	0.299986
177.600000	0.299986
177.664000	0.299986
177.728000	0.299986
177.792000	0.299986
177.856000	0.299986
177.920000	0.299986
177.984000	0.299986
178.048000	0.299986
178.112000	0.299986
178.176000	0.299986
178.240000	0.299986
178.304000	0.299986
178.368000	0.299986
178.432000	0.299986
178.496000	0.299986
178.560000	0.299986
178.624000	0.299986
178.688000	0.299986
178.752000	0.299986
178.816000	0.299986
178.880000	0.299986
178.944000	0.299986
179.008000	0.299986
179.072000	0.299986
179.136000	0.299986
179.200000	0.299986
179.264000	0.299986
179.328000	0.299986
179.392000	0.299986
179.456000	0.299986
179.520000	0.299986
179.584000	0.299986
179.648000	0.299986
179.712000	0.299986
179.776000	0.299986
179.840000	0.299986
179.904000	0.299986
179.968000	0.299986
180.032000	0.299986
180.096000	0.299986
180.160000	0.299986
180.224000	0.299986
180.288000	0.299986
180.352000	0.299986
180.416000	0.299986
180.480000	0.299986
180.544000	0.299986
180.608000	0.299986
180.672000	0.299986
180.736000	0.299986
180.800000	0.299986
180.864000	0.299986
180.928000	0.299986
180.992000	0.299986
181.056000	0.299986
181.120000	0.299986
181.184000	0.299986
181.248000	0.299986
181.312000	0.299986
181.376000	0.299986
181.440000	0.299986
181.504000	0.299986
181.568000	0.299986
181.632000	0.299986
181.696000	0.299986
181.760000	0.299986
181.824000	0.299986
181.888000	0.299986
181.952000	0.299986
182.016000	0.299986
182.080000	0.299986
182.144000	0.299986
182.208000	0.299986
182.272000	0.299986
182.336000	0.299986
182.400000	0.299986
182.464000	0.299986
182.528000	0.299986
182.592000	0.299986
182.656000	0.299986
182.720000	0.299986
182.784000	0.299986
182.848000	0.299986
182.912000	0.299986
182.976000	0.299986
183.040000	0.307451
183.104000	0.352455
183.168000	0.352455
183.232000	0.352455
183.296000	0.352455
183.360000	0.352455
183.424000	0.352455
183.488000	0.352455
183.552000	0.352455
183.616000	0.352455
183.680000	0.352455
183.744000	0.352455
183.808000	0.352455
183.872000	0.352455
183.936000	0.373001
184.000000	0.373001
184.064000	0.373001
184.128000	0.564732
184.192000	0.564732
184.256000	0.564732
184.320000	0.564732
184.384000	0.564732
184.448000	0.564732
184.512000	0.564732
184.576000	0.564732
184.640000	0.564732
184.704000	0.564732
184.768000	0.564732
184.832000	0.564732
184.896000	0.564732
184.960000	0.564732
185.024000	0.564732
185.088000	0.564732
185.152000	0.564732
185.216000	0.564732
185.280000	0.564732
185.344000	0.564732
185.408000	0.564732
185.472000	0.564732
185.536000	0.547069
185.600000	0.423024
185.664000	0.423024
185.728000	0.423024
185.792000	0.423024
185.856000	0.423024
185.920000	0.336384
185.984000	0.336384
186.048000	0.336384
186.112000	0.336384
186.176000	0.336384
186.240000	0.336384
186.304000	0.336384
186.368000	0.336384
186.432000	0.336384
186.496000	0.336384
186.560000	0.271990
186.624000	0.271990
186.688000	0.271990
186.752000	0.271990
186.816000	0.271990
186.880000	0.271990
186.944000	0.271990
187.008000	0.271990
187.072000	0.271990
187.136000	0.271990
187.200000	0.271990
187.264000	0.271990
187.328000	0.271990
187.392000	0.271990
187.456000	0.271990
187.520000	0.271990
187.584000	0.271990
187.648000	0.271990
187.712000	0.271990
187.776000	0.271990
187.840000	0.271990
187.904000	0.271990
187.968000	0.271990
188.032000	0.271990
188.096000	0.271990
188.160000	0.271990
188.224000	0.271990
188.288000	0.271990
188.352000	0.271990
188.416000	0.271990
188.480000	0.271990
188.544000	0.271990
188.608000	0.271990
188.672000	0.271990
188.736000	0.271990
188.800000	0.271990
188.864000	0.271990
188.928000	0.271990
188.992000	0.271990
189.056000	0.271990
189.120000	0.271990
189.184000	0.271990
189.248000	0.271990
189.312000	0.271990
189.376000	0.271990
189.440000	0.271990
189.504000	0.271990
189.568000	0.271990
189.632000	0.271990
189.696000	0.271990
189.760000	0.271990
189.824000	0.271990
189.888000	0.271990
189.952000	0.271990
190.016000	0.271990
190.080000	0.271990
190.144000	0.271990
190.208000	0.271990
190.272000	0.271990
190.336000	0.271990
190.400000	0.271990
190.464000	0.271990
190.528000	0.271990
190.592000	0.271990
190.656000	0.271990
190.720000	0.271990
190.784000	0.271990
190.848000	0.271990
190.912000	0.271990
190.976000	0.271990
191.040000	0.271990
191.104000	0.271990
191.168000	0.271990
191.232000	0.271990
191.296000	0.271990
191.360000	0.271990
191.424000	0.271990
191.488000	0.271990
191.552000	0.271990
191.616000	0.271990
191.680000	0.271990
191.744000	0.271990
191.808000	0.271990
191.872000	0.271990
191.936000	0.271990
192.000000	0.271990
192.064000	0.271990
192.128000	0.271990
192.192000	0.271990
192.256000	0.271990
192.320000	0.271990
192.384000	0.271990
192.448000	0.271990
192.512000	0.271990
192.576000	0.271990
192.640000	0.271990
192.704000	0.271990
192.768000	0.271990
192.832000	0.271990
192.896000	0.271990
192.960000	0.344725
193.024000	0.344725
193.088000	0.324432
193.152000	0.324432
193.216000	0.324432
193.280000	0.324432
193.344000	0.324432
193.408000	0.324432
193.472000	0.324432
193.536000	0.324432
193.600000	0.324432
193.664000	0.324432
193.728000	0.324432
193.792000	0.324432
193.856000	0.324432
193.920000	0.324432
193.984000	0.324432
194.048000	0.324432
194.112000	0.324432
194.176000	0.324432
194.240000	0.324432
194.304000	0.324432
194.368000	0.324432
194.432000	0.324432
194.496000	0.324432
194.560000	0.324432
194.624000	0.324432
194.688000	0.324432
194.752000	0.324432
194.816000	0.324432
194.880000	0.324432
194.944000	0.324432
195.008000	0.324432
195.072000	0.324432
195.136000	0.324432
195.200000	0.324432
195.264000	0.324432
195.328000	0.324432
195.392000	0.324432
195.456000	0.324432
195.520000	0.324432
195.584000	0.324432
195.648000	0.324432
195.712000	0.324432
195.776000	0.324432
195.840000	0.324432
195.904000	0.324432
195.968000	0.324432
196.032000	0.324432
196.096000	0.324432
196.160000	0.324432
196.224000	0.324432
196.288000	0.324432
196.352000	0.324432
196.416000	0.324432
196.480000	0.324432
196.544000	0.324432
196.608000	0.324432
196.672000	0.324432
196.736000	0.324432
196.800000	0.324432
196.864000	0.317851
196.928000	0.317851
196.992000	0.317851
197.056000	0.317851
197.120000	0.317851
197.184000	0.283535
197.248000	0.283535
197.312000	0.283535
197.376000	0.283535
197.440000	0.283535
197.504000	0.283535
197.568000	0.283535
197.632000	0.283535
197.696000	0.283535
197.760000	0.283535
197.824000	0.283535
197.888000	0.283535
197.952000	0.283535
198.016000	0.283535
198.080000	0.283535
198.144000	0.283535
198.208000	0.283535
198.272000	0.283535
198.336000	0.283535
198.400000	0.283535
198.464000	0.283535
198.528000	0.283535
198.592000	0.283535
198.656000	0.283535
198.720000	0.283535
198.784000	0.283535
198.848000	0.283535
198.912000	0.283535
198.976000	0.283535
199.040000	0.283535
199.104000	0.283535
199.168000	0.283535
199.232000	0.283535
199.296000	0.283535
199.360000	0.283535
199.424000	0.283535
199.488000	0.283535
199.552000	0.283535
199.616000	0.283535
199.680000	0.283535
199.744000	0.283535
199.808000	0.283535
199.872000	0.283535
199.936000	0.283535
200.000000	0.283535
200.064000	0.283535
200.128000	0.283535
200.192000	0.283535
200.256000	0.283535
200.320000	0.283535
200.384000	0.283535
200.448000	0.283535
200.512000	0.283535
200.576000	0.283535
200.640000	0.283535
200.704000	0.283535
200.768000	0.283535
200.832000	0.283535
200.896000	0.283535
200.960000	0.283535
201.024000	0.283535
201.088000	0.283535
201.152000	0.283535
201.216000	0.283535
201.280000	0.283535
201.344000	0.283535
201.408000	0.283535
201.472000	0.271687
201.536000	0.271687
201.600000	0.271687
201.664000	0.271687
201.728000	0.271687
201.792000	0.180671
201.856000	0.180671
201.920000	0.180671
201.984000	0.180671
202.048000	0.180671
202.112000	0.180671
202.176000	0.180671
202.240000	0.180671
202.304000	0.180671
202.368000	0.180671
202.432000	0.180671
202.496000	0.180671
202.560000	0.180671
202.624000	0.180671
202.688000	0.180671
202.752000	0.180671
202.816000	0.180671
202.880000	0.180671
202.944000	0.180671
203.008000	0.180671
203.072000	0.180671
203.136000	0.180671
203.200000	0.180671
203.264000	0.180671
203.328000	0.180671
203.392000	0.180671
203.456000	0.180671
203.520000	0.180671
203.584000	0.180671
203.648000	0.180671
203.712000	0.180671
203.776000	0.180671
203.840000	0.180671
203.904000	0.180671
203.968000	0.180671
204.032000	0.180671
204.096000	0.180671
204.160000	0.180671
204.224000	0.180671
204.288000	0.180671
204.352000	0.180671
204.416000	0.180671
204.480000	0.180671
204.544000	0.180671
204.608000	0.180671
204.672000	0.180671
204.736000	0.180671
204.800000	0.180671
204.864000	0.180671
204.928000	0.180671
204.992000	0.180671
205.056000	0.180671
205.120000	0.180671
205.184000	0.180671
205.248000	0.180671
205.312000	0.180671
205.376000	0.180671
205.440000	0.180671
205.504000	0.180671
205.568000	0.180671
205.632000	0.180671
205.696000	0.180671
205.760000	0.180671
205.824000	0.180671
205.888000	0.180671
205.952000	0.180671
206.016000	0.180671
206.080000	0.180671
206.144000	0.180671
206.208000	0.180671
206.272000	0.180671
206.336000	0.180671
206.400000	0.180671
206.464000	0.180671
206.528000	0.180671
206.592000	0.180671
206.656000	0.180671
206.720000	0.180671
206.784000	0.180671
206.848000	0.180671
206.912000	0.180671
206.976000	0.180671
207.040000	0.180671
207.104000	0.180671
207.168000	0.180671
207.232000	0.180671
207.296000	0.180671
207.360000	0.180671
207.424000	0.180671
207.488000	0.180671
207.552000	0.180671
207.616000	0.180671
207.680000	0.180671
207.744000	0.180671
207.808000	0.180671
207.872000	0.180671
207.936000	0.180671
208.000000	0.180671
208.064000	0.180671
208.128000	0.180671
208.192000	0.238856
208.256000	0.238856
208.320000	0.238856
208.384000	0.238856
208.448000	0.238856
208.512000	0.238856
208.576000	0.240105
208.640000	0.249872
208.704000	0.249872
208.768000	0.249872
208.832000	0.249872
208.896000	0.249872
208.960000	0.249872
209.024000	0.249872
209.088000	0.249872
209.152000	0.249872
209.216000	0.249872
209.280000	0.249872
209.344000	0.249872
209.408000	0.249872
209.472000	0.249872
209.536000	0.249872
209.600000	0.249872
209.664000	0.249872
209.728000	0.249872
209.792000	0.249872
209.856000	0.249872
209.920000	0.249872
209.984000	0.249872
210.048000	0.249872
210.112000	0.249872
210.176000	0.249872
210.240000	0.249872
210.304000	0.249872
210.368000	0.249872
210.432000	0.249872
210.496000	0.249872
210.560000	0.249872
210.624000	0.317944
210.688000	0.317944
210.752000	0.317944
210.816000	0.317944
210.880000	0.317944
210.944000	0.317944
211.008000	0.317944
211.072000	0.317944
211.136000	0.317944
211.200000	0.317944
211.264000	0.317944
211.328000	0.259126
211.392000	0.259126
211.456000	0.259126
211.520000	0.259126
211.584000	0.259126
211.648000	0.259126
211.712000	0.259126
211.776000	0.259126
211.840000	0.259126
211.904000	0.259126
211.968000	0.259126
212.032000	0.259126
212.096000	0.259126
212.160000	0.259126
212.224000	0.259126
212.288000	0.259126
212.352000	0.259126
212.416000	0.259126
212.480000	0.259126
212.544000	0.259126
212.608000	0.259126
212.672000	0.259126
212.736000	0.259126
212.800000	0.259126
212.864000	0.259126
212.928000	0.259126
212.992000	0.259126
213.056000	0.259126
213.120000	0.259126
213.184000	0.259126
213.248000	0.259126
213.312000	0.259126
213.376000	0.259126
213.440000	0.259126
213.504000	0.259126
213.568000	0.259126
213.632000	0.259126
213.696000	0.259126
213.760000	0.259126
213.824000	0.259126
213.888000	0.259126
213.952000	0.259126
214.016000	0.259126
214.080000	0.259126
214.144000	0.259126
214.208000	0.259126
214.272000	0.259126
214.336000	0.259126
214.400000	0.259126
214.464000	0.218501
214.528000	0.218501
214.592000	0.218501
214.656000	0.218501
214.720000	0.218501
214.784000	0.218501
214.848000	0.218501
214.912000	0.218501
214.976000	0.218501
215.040000	0.218501
215.104000	0.218501
215.168000	0.218501
215.232000	0.218501
215.296000	0.218501
215.360000	0.218501
215.424000	0.218501
215.488000	0.218501
215.552000	0.218501
215.616000	0.218501
215.680000	0.218501
215.744000	0.218501
215.808000	0.218501
215.872000	0.218501
215.936000	0.218501
216.000000	0.218501
216.064000	0.218501
216.128000	0.218501
216.192000	0.218501
216.256000	0.218501
216.320000	0.218501
216.384000	0.192429
216.448000	0.192429
216.512000	0.192429
216.576000	0.192429
216.640000	0.192429
216.704000	0.192429
216.768000	0.192429
216.832000	0.192429
216.896000	0.192429
216.960000	0.192429
217.024000	0.192429
217.088000	0.192429
217.152000	0.192429
217.216000	0.192429
217.280000	0.192429
217.344000	0.192429
217.408000	0.192429
217.472000	0.192429
217.536000	0.192429
217.600000	0.192429
217.664000	0.192429
217.728000	0.192429
217.792000	0.192429
217.856000	0.192429
217.920000	0.192429
217.984000	0.192429
218.048000	0.190767
218.112000	0.190767
218.176000	0.190767
218.240000	0.190767
218.304000	0.190767
218.368000	0.190767
218.432000	0.190767
218.496000	0.190767
218.560000	0.190767
218.624000	0.190767
218.688000	0.190767
218.752000	0.190767
218.816000	0.190767
218.880000	0.190767
218.944000	0.190767
219.008000	0.190767
219.072000	0.190767
219.136000	0.190767
219.200000	0.190767
219.264000	0.190767
219.328000	0.190767
219.392000	0.190767
219.456000	0.190767
219.520000	0.190767
219.584000	0.190767
219.648000	0.190767
219.712000	0.190767
219.776000	0.190767
219.840000	0.190767
219.904000	0.190767
219.968000	0.190767
220.032000	0.190767
220.096000	0.190767
220.160000	0.190767
220.224000	0.190767
220.288000	0.190767
220.352000	0.190767
220.416000	0.190767
220.480000	0.190767
220.544000	0.190767
220.608000	0.190767
220.672000	0.190767
220.736000	0.190767
220.800000	0.190767
220.864000	0.190767
220.928000	0.190767
220.992000	0.190767
221.056000	0.190767
221.120000	0.190767
221.184000	0.190767
221.248000	0.190767
221.312000	0.190767
221.376000	0.190767
221.440000	0.190767
221.504000	0.190767
221.568000	0.190767
221.632000	0.190767
221.696000	0.190767
221.760000	0.190767
221.824000	0.190767
221.888000	0.190767
221.952000	0.190767
222.016000	0.190767
222.080000	0.190767
222.144000	0.190767
222.208000	0.190767
222.272000	0.190767
222.336000	0.190767
222.400000	0.190767
222.464000	0.190767
222.528000	0.190767
222.592000	0.190767
222.656000	0.190767
222.720000	0.190767
222.784000	0.190767
222.848000	0.190767
222.912000	0.190767
222.976000	0.190767
223.040000	0.190767
223.104000	0.190767
223.168000	0.190767
223.232000	0.190767
223.296000	0.190767
223.360000	0.190767
223.424000	0.190767
223.488000	0.190767
223.552000	0.190767
223.616000	0.190767
223.680000	0.190767
223.744000	0.190767
223.808000	0.190767
223.872000	0.190767
223.936000	0.190767
224.000000	0.190767
224.064000	0.190767
224.128000	0.190767
224.192000	0.190767
224.256000	0.190767
224.320000	0.190767
224.384000	0.190767
224.448000	0.191866
224.512000	0.191866
224.576000	0.191866
224.640000	0.191866
224.704000	0.191866
224.768000	0.191866
224.832000	0.191866
224.896000	0.191866
224.960000	0.191866
225.024000	0.191866
225.088000	0.191866
225.152000	0.191866
225.216000	0.191866
225.280000	0.191866
225.344000	0.191866
225.408000	0.191866
225.472000	0.191866
225.536000	0.191866
225.600000	0.191866
225.664000	0.191866
225.728000	0.191866
225.792000	0.191866
225.856000	0.191866
225.920000	0.191866
225.984000	0.191866
226.048000	0.191866
226.112000	0.191866
226.176000	0.191866
226.240000	0.191866
226.304000	0.191866
226.368000	0.191866
226.432000	0.191866
226.496000	0.191866
226.560000	0.191866
226.624000	0.191866
226.688000	0.191866
226.752000	0.191866
226.816000	0.211153
226.880000	0.211153
226.944000	0.211153
227.008000	0.211153
227.072000	0.211153
227.136000	0.211153
227.200000	0.211153
227.264000	0.211153
227.328000	0.211153
227.392000	0.211153
227.456000	0.211153
227.520000	0.211153
227.584000	0.211153
227.648000	0.211153
227.712000	0.211153
227.776000	0.211153
227.840000	0.211153
227.904000	0.211153
227.968000	0.211153
228.032000	0.211153
228.096000	0.211153
228.160000	0.211153
228.224000	0.211153
228.288000	0.211153
228.352000	0.211153
228.416000	0.211153
228.480000	0.211153
228.544000	0.211153
228.608000	0.211153
228.672000	0.211153
228.736000	0.211153
228.800000	0.211153
228.864000	0.211153
228.928000	0.211153
228.992000	0.211153
229.056000	0.211153
229.120000	0.211153
229.184000	0.211153
229.248000	0.211153
229.312000	0.211153
229.376000	0.211153
229.440000	0.211153
229.504000	0.211153
229.568000	0.211153
229.632000	0.211153
229.696000	0.211153
229.760000	0.211153
229.824000	0.211153
229.888000	0.211153
229.952000	0.211153
230.016000	0.211153
230.080000	0.211153
230.144000	0.211153
230.208000	0.211153
230.272000	0.211153
230.336000	0.211153
230.400000	0.211153
230.464000	0.211153
230.528000	0.211153
230.592000	0.211153
230.656000	0.211153
230.720000	0.211153
230.784000	0.211153
230.848000	0.211153
230.912000	0.211153
230.976000	0.211153
231.040000	0.211153
231.104000	0.253803
231.168000	0.253803
231.232000	0.253803
231.296000	0.253803
231.360000	0.253803
231.424000	0.223676
231.488000	0.223676
231.552000	0.168433
231.616000	0.132008
231.680000	0.132008
231.744000	0.132008
231.808000	0.132008
231.872000	0.132008
231.936000	0.132008
232.000000	0.132008
232.064000	0.132008
232.128000	0.132008
232.192000	0.132008
232.256000	0.132008
232.320000	0.132008
232.384000	0.132008
232.448000	0.132008
232.512000	0.132008
232.576000	0.132008
232.640000	0.132008
232.704000	0.132008
232.768000	0.132008
232.832000	0.132008
232.896000	0.132008
232.960000	0.132008
233.024000	0.132008
233.088000	0.132008
233.152000	0.132008
233.216000	0.132008
233.280000	0.132008
233.344000	0.132008
233.408000	0.132008
233.472000	0.132008
233.536000	0.132008
233.600000	0.132008
233.664000	0.132008
233.728000	0.132008
233.792000	0.132008
233.856000	0.132008
233.920000	0.132008
233.984000	0.132008
234.048000	0.132008
234.112000	0.132008
234.176000	0.132008
234.240000	0.132008
234.304000	0.132008
234.368000	0.132008
234.432000	0.132008
234.496000	0.132008
234.560000	0.132008
234.624000	0.132008
234.688000	0.132008
234.752000	0.132008
234.816000	0.132008
234.880000	0.132008
234.944000	0.132008
235.008000	0.132008
235.072000	0.132008
235.136000	0.132008
235.200000	0.132008
235.264000	0.132008
235.328000	0.132008
235.392000	0.132008
235.456000	0.132008
235.520000	0.132008
235.584000	0.132008
235.648000	0.132008
235.712000	0.132008
235.776000	0.132008
235.840000	0.132008
235.904000	0.132008
235.968000	0.132008
236.032000	0.132008
236.096000	0.132008
236.160000	0.132008
236.224000	0.132008
236.288000	0.132008
236.352000	0.132008
236.416000	0.132008
236.480000	0.132008
236.544000	0.132008
236.608000	0.132008
236.672000	0.132008
236.736000	0.086726
236.800000	0.086726
236.864000	0.086726
236.928000	0.086726
236.992000	0.086726
237.056000	0.086726
237.120000	0.086726
237.184000	0.086726
237.248000	0.086726
237.312000	0.086726
237.376000	0.086726
237.440000	0.086726
237.504000	0.086726
237.568000	0.086726
237.632000	0.086726
237.696000	0.086726
237.760000	0.086726
237.824000	0.086726
237.888000	0.086726
237.952000	0.086726
238.016000	0.086726
238.080000	0.086726
238.144000	0.086726
238.208000	0.086726
238.272000	0.086726
238.336000	0.086726
238.400000	0.086726
238.464000	0.086726
238.528000	0.086726
238.592000	0.086726
238.656000	0.086726
238.720000	0.086726
238.784000	0.086726
238.848000	0.086726
238.912000	0.086726
238.976000	0.086726
239.040000	0.086726
239.104000	0.086726
239.168000	0.086726
239.232000	0.086726
239.296000	0.086726
239.360000	0.086726
239.424000	0.086726
239.488000	0.086726
239.552000	0.086726
239.616000	0.086726
239.680000	0.086726
239.744000	0.086726
239.808000	0.086726
239.872000	0.086726
239.936000	0.086726
240.000000	0.086726
240.064000	0.086726
240.128000	0.086726
240.192000	0.086726
240.256000	0.086726
240.320000	0.086726
240.384000	0.086726
240.448000	0.086726
240.512000	0.086726
240.576000	0.086726
240.640000	0.086726
240.704000	0.086726
240.768000	0.086726
240.832000	0.086726
240.896000	0.086726
240.960000	0.086726
241.024000	0.086726
241.088000	0.086726
241.152000	0.086726
241.216000	0.086726
241.280000	0.086726
241.344000	0.086726
241.408000	0.086726
241.472000	0.086726
241.536000	0.086726
241.600000	0.086726
241.664000	0.086726
241.728000	0.086726
241.792000	0.086726
241.856000	0.086726
241.920000	0.086726
241.984000	0.086726
242.048000	0.086726
242.112000	0.086726
242.176000	0.086726
242.240000	0.086726
242.304000	0.086726
242.368000	0.086726
242.432000	0.086726
242.496000	0.086726
242.560000	0.086726
242.624000	0.086726
242.688000	0.086726
242.752000	0.086726
242.816000	0.086726
242.880000	0.086726
242.944000	0.086726
243.008000	0.086726
243.072000	0.086726
243.136000	0.166903
243.200000	0.168209
243.264000	0.168209
243.328000	0.168209
243.392000	0.168209
243.456000	0.168209
243.520000	0.168209
243.584000	0.168209
243.648000	0.168209
243.712000	0.168209
243.776000	0.168209
243.840000	0.168209
243.904000	0.168209
243.968000	0.168209
244.032000	0.168209
244.096000	0.168209
244.160000	0.168209
244.224000	0.168209
244.288000	0.168209
244.352000	0.168209
244.416000	0.168209
244.480000	0.168209
244.544000	0.168209
244.608000	0.168209
244.672000	0.168209
244.736000	0.168209
244.800000	0.168209
244.864000	0.168209
244.928000	0.168209
244.992000	0.168209
245.056000	0.168209
245.120000	0.168209
245.184000	0.168209
245.248000	0.168209
245.312000	0.168209
245.376000	0.168209
245.440000	0.168209
245.504000	0.168209
245.568000	0.168209
245.632000	0.168209
245.696000	0.168209
245.760000	0.168209
245.824000	0.168209
245.888000	0.168209
245.952000	0.168209
246.016000	0.168209
246.080000	0.168209
246.144000	0.168209
246.208000	0.168209
246.272000	0.168209
246.336000	0.168209
246.400000	0.168209
246.464000	0.168209
246.528000	0.168209
246.592000	0.168209
246.656000	0.168209
246.720000	0.168209
246.784000	0.168209
246.848000	0.168209
246.912000	0.168209
246.976000	0.168209
247.040000	0.168209
247.104000	0.168209
247.168000	0.168209
247.232000	0.168209
247.296000	0.168209
247.360000	0.168209
247.424000	0.168209
247.488000	0.168209
247.552000	0.168209
247.616000	0.168209
247.680000	0.168209
247.744000	0.168209
247.808000	0.168209
247.872000	0.168209
247.936000	0.168209
248.000000	0.168209
248.064000	0.168209
248.128000	0.168209
248.192000	0.168209
248.256000	0.168209
248.320000	0.168209
248.384000	0.186383
248.448000	0.186383
248.512000	0.186383
248.576000	0.186383
248.640000	0.186383
248.704000	0.186383
248.768000	0.186383
248.832000	0.186383
248.896000	0.186383
248.960000	0.186383
249.024000	0.186383
249.088000	0.186383
249.152000	0.186383
249.216000	0.186383
249.280000	0.200197
249.344000	0.200197
249.408000	0.200197
249.472000	0.200197
249.536000	0.200197
249.600000	0.200197
249.664000	0.200197
249.728000	0.200197
249.792000	0.200197
249.856000	0.200197
249.920000	0.200197
249.984000	0.200197
250.048000	0.200197
250.112000	0.200197
250.176000	0.200197
250.240000	0.200197
250.304000	0.200197
250.368000	0.200197
250.432000	0.200197
250.496000	0.200197
250.560000	0.200197
250.624000	0.200197
250.688000	0.200197
250.752000	0.200197
250.816000	0.200197
250.880000	0.200197
250.944000	0.200197
251.008000	0.200197
251.072000	0.200197
251.136000	0.200197
251.200000	0.200197
251.264000	0.200197
251.328000	0.200197
251.392000	0.200197
251.456000	0.200197
251.520000	0.200197
251.584000	0.200197
251.648000	0.200197
251.712000	0.200197
251.776000	0.200197
251.840000	0.200197
251.904000	0.200197
251.968000	0.200197
252.032000	0.200197
252.096000	0.200197
252.160000	0.200197
252.224000	0.200197
252.288000	0.200197
252.352000	0.200197
252.416000	0.200197
252.480000	0.200197
252.544000	0.200197
252.608000	0.200197
252.672000	0.200197
252.736000	0.200197
252.800000	0.200197
252.864000	0.200197
252.928000	0.200197
252.992000	0.200197
253.056000	0.200197
253.120000	0.200197
253.184000	0.200197
253.248000	0.200197
253.312000	0.200197
253.376000	0.200197
253.440000	0.200197
253.504000	0.200197
253.568000	0.200197
253.632000	0.200197
253.696000	0.200197
253.760000	0.200197
253.824000	0.200197
253.888000	0.200197
253.952000	0.200197
254.016000	0.200197
254.080000	0.200197
254.144000	0.200197
254.208000	0.200197
254.272000	0.200197
254.336000	0.200197
254.400000	0.200197
254.464000	0.200197
254.528000	0.200197
254.592000	0.200197
254.656000	0.200197
254.720000	0.200197
254.784000	0.200197
254.848000	0.200197
254.912000	0.200197
254.976000	0.200197
255.040000	0.200197
255.104000	0.200197
255.168000	0.200197
255.232000	0.200197
255.296000	0.200197
255.360000	0.200197
255.424000	0.200197
255.488000	0.201341
255.552000	0.201341
255.616000	0.201341
255.680000	0.201341
255.744000	0.201341
255.808000	0.201341
255.872000	0.201341
255.936000	0.201341
256.000000	0.201341
256.064000	0.201341
256.128000	0.201341
256.192000	0.201341
256.256000	0.201341
256.320000	0.205159
256.384000	0.205159
256.448000	0.205159
256.512000	0.205159
256.576000	0.205159
256.640000	0.205159
256.704000	0.205159
256.768000	0.192373
256.832000	0.144115
256.896000	0.144115
256.960000	0.144115
257.024000	0.144115
257.088000	0.144115
257.152000	0.144115
257.216000	0.144115
257.280000	0.144115
257.344000	0.144115
257.408000	0.144115
257.472000	0.144115
257.536000	0.144115
257.600000	0.144115
257.664000	0.144115
257.728000	0.144115
257.792000	0.144115
257.856000	0.144115
257.920000	0.144115
257.984000	0.144115
258.048000	0.144115
258.112000	0.144115
258.176000	0.144115
258.240000	0.144115
258.304000	0.144115
258.368000	0.144115
258.432000	0.144115
258.496000	0.144115
258.560000	0.144115
258.624000	0.144115
258.688000	0.144115
258.752000	0.144115
258.816000	0.144115
258.880000	0.144115
258.944000	0.144115
259.008000	0.144115
259.072000	0.144115
259.136000	0.144115
259.200000	0.144115
259.264000	0.144115
259.328000	0.144115
259.392000	0.144115
259.456000	0.144115
259.520000	0.144115
259.584000	0.144115
259.648000	0.144115
259.712000	0.144115
259.776000	0.144115
259.840000	0.144115
259.904000	0.144115
259.968000	0.144115
260.032000	0.144115
260.096000	0.144115
260.160000	0.144115
260.224000	0.144115
260.288000	0.144115
260.352000	0.144115
260.416000	0.144115
260.480000	0.144115
260.544000	0.144115
260.608000	0.144115
260.672000	0.144115
260.736000	0.144115
260.800000	0.144115
260.864000	0.144115
260.928000	0.144115
260.992000	0.099829
261.056000	0.099829
261.120000	0.099829
261.184000	0.099829
261.248000	0.099829
261.312000	0.099829
261.376000	0.099829
261.440000	0.099829
261.504000	0.099829
261.568000	0.099829
261.632000	0.099829
261.696000	0.099829
261.760000	0.099829
261.824000	0.099829
261.888000	0.099829
261.952000	0.099829
262.016000	0.099829
262.080000	0.099829
262.144000	0.099829
262.208000	0.099829
262.272000	0.099829
262.336000	0.099829
262.400000	0.099829
262.464000	0.099829
262.528000	0.099829
262.592000	0.099829
262.656000	0.099829
262.720000	0.099829
262.784000	0.099829
262.848000	0.099829
262.912000	0.099829
262.976000	0.099829
263.040000	0.099829
263.104000	0.099829
263.168000	0.099829
263.232000	0.099829
263.296000	0.099829
263.360000	0.099829
263.424000	0.099829
263.488000	0.099829
263.552000	0.099829
263.616000	0.099829
263.680000	0.099829
263.744000	0.099829
263.808000	0.099829
263.872000	0.099829
263.936000	0.099829
264.000000	0.099829
264.064000	0.099829
264.128000	0.099829
264.192000	0.099829
264.256000	0.099829
264.320000	0.099829
264.384000	0.099829
264.448000	0.099829
264.512000	0.099829
264.576000	0.099829
264.640000	0.099829
264.704000	0.099829
264.768000	0.099829
264.832000	0.099829
264.896000	0.099829
264.960000	0.099829
265.024000	0.099829
265.088000	0.099829
265.152000	0.099829
265.216000	0.099829
265.280000	0.099829
265.344000	0.099829
265.408000	0.099829
265.472000	0.099829
265.536000	0.099829
265.600000	0.099829
265.664000	0.099829
265.728000	0.099829
265.792000	0.099829
265.856000	0.099829
265.920000	0.099829
265.984000	0.099829
266.048000	0.099829
266.112000	0.099829
266.176000	0.099829
266.240000	0.099829
266.304000	0.099829
266.368000	0.099829
266.432000	0.099829
266.496000	0.099829
266.560000	0.099829
266.624000	0.099829
266.688000	0.099829
266.752000	0.099829
266.816000	0.099829
266.880000	0.099829
266.944000	0.099829
267.008000	0.099829
267.072000	0.099829
267.136000	0.099829
267.200000	0.099829
267.264000	0.099829
267.328000	0.099829
267.392000	0.172667
267.456000	0.196839
267.520000	0.196839
267.584000	0.196839
267.648000	0.196839
267.712000	0.196839
267.776000	0.196839
267.840000	0.196839
267.904000	0.196839
267.968000	0.196839
268.032000	0.196839
268.096000	0.196839
268.160000	0.196839
268.224000	0.196839
268.288000	0.196839
268.352000	0.237356
268.416000	0.237356
268.480000	0.237356
268.544000	0.237356
268.608000	0.237356
268.672000	0.249166
268.736000	0.249166
268.800000	0.249166
268.864000	0.249166
268.928000	0.273813
268.992000	0.273813
269.056000	0.273813
269.120000	0.273813
269.184000	0.273813
269.248000	0.273813
269.312000	0.273813
269.376000	0.273813
269.440000	0.273813
269.504000	0.273813
269.568000	0.273813
269.632000	0.273813
269.696000	0.273813
269.760000	0.273813
269.824000	0.273813
269.888000	0.273813
269.952000	0.273813
270.016000	0.273813
270.080000	0.273813
270.144000	0.273813
270.208000	0.273813
270.272000	0.273813
270.336000	0.273813
270.400000	0.273813
270.464000	0.273813
270.528000	0.273813
270.592000	0.273813
270.656000	0.273813
270.720000	0.273813
270.784000	0.273813
270.848000	0.273813
270.912000	0.273813
270.976000	0.273813
271.040000	0.273813
271.104000	0.273813
271.168000	0.273813
271.232000	0.273813
271.296000	0.224064
271.360000	0.224064
271.424000	0.224064
271.488000	0.224064
271.552000	0.224064
271.616000	0.224064
271.680000	0.224064
271.744000	0.224064
271.808000	0.224064
271.872000	0.224064
271.936000	0.224064
272.000000	0.224064
272.064000	0.224064
272.128000	0.224064
272.192000	0.224064
272.256000	0.224064
272.320000	0.224064
272.384000	0.224064
272.448000	0.224064
272.512000	0.224064
272.576000	0.224064
272.640000	0.224064
272.704000	0.224064
272.768000	0.224064
272.832000	0.224064
272.896000	0.224064
272.960000	0.224064
273.024000	0.224064
273.088000	0.224064
273.152000	0.224064
273.216000	0.224064
273.280000	0.224064
273.344000	0.224064
273.408000	0.224064
273.472000	0.224064
273.536000	0.224064
273.600000	0.224064
273.664000	0.224064
273.728000	0.224064
273.792000	0.224064
273.856000	0.224064
273.920000	0.224064
273.984000	0.224064
274.048000	0.224064
274.112000	0.224064
274.176000	0.224064
274.240000	0.224064
274.304000	0.224064
274.368000	0.224064
274.432000	0.224064
274.496000	0.224064
274.560000	0.224064
274.624000	0.224064
274.688000	0.224064
274.752000	0.224064
274.816000	0.224064
274.880000	0.224064
274.944000	0.224064
275.008000	0.224064
275.072000	0.224064
275.136000	0.224064
275.200000	0.224064
275.264000	0.224064
275.328000	0.224064
275.392000	0.224064
275.456000	0.224064
275.520000	0.224064
275.584000	0.224064
275.648000	0.224064
275.712000	0.224064
275.776000	0.224064
275.840000	0.224064
275.904000	0.224064
275.968000	0.224064
276.032000	0.224064
276.096000	0.224064
276.160000	0.224064
276.224000	0.224064
276.288000	0.224064
276.352000	0.224064
276.416000	0.224064
276.480000	0.224064
276.544000	0.224064
276.608000	0.224064
276.672000	0.224064
276.736000	0.224064
276.800000	0.224064
276.864000	0.224064
276.928000	0.224064
276.992000	0.224064
277.056000	0.224064
277.120000	0.224064
277.184000	0.224064
277.248000	0.224064
277.312000	0.224064
277.376000	0.224064
277.440000	0.224064
277.504000	0.224064
277.568000	0.224064
277.632000	0.224064
277.696000	0.256699
277.760000	0.256699
277.824000	0.256699
277.888000	0.256699
277.952000	0.256699
278.016000	0.256699
278.080000	0.256699
278.144000	0.256699
278.208000	0.256699
278.272000	0.256699
278.336000	0.256699
278.400000	0.256699
278.464000	0.256699
278.528000	0.256699
278.592000	0.256699
278.656000	0.256699
278.720000	0.256699
278.784000	0.256699
278.848000	0.256699
278.912000	0.256699
278.976000	0.256699
279.040000	0.256699
279.104000	0.256699
279.168000	0.256699
279.232000	0.256699
279.296000	0.256699
279.360000	0.256699
279.424000	0.256699
279.488000	0.256699
279.552000	0.256699
279.616000	0.256699
279.680000	0.256699
279.744000	0.256699
279.808000	0.256699
279.872000	0.256699
279.936000	0.256699
280.000000	0.256699
280.064000	0.252795
280.128000	0.252795
280.192000	0.252795
280.256000	0.252795
280.320000	0.252795
280.384000	0.252795
280.448000	0.252795
280.512000	0.252795
280.576000	0.252795
280.640000	0.252795
280.704000	0.252795
280.768000	0.252795
280.832000	0.252795
280.896000	0.252795
280.960000	0.252795
281.024000	0.252795
281.088000	0.252795
281.152000	0.252795
281.216000	0.252795
281.280000	0.252795
281.344000	0.252795
281.408000	0.252795
281.472000	0.252795
281.536000	0.252795
281.600000	0.252795
281.664000	0.252795
281.728000	0.252795
281.792000	0.252795
281.856000	0.252795
281.920000	0.252795
281.984000	0.252795
282.048000	0.252795
282.112000	0.252795
282.176000	0.252795
282.240000	0.252795
282.304000	0.252795
282.368000	0.252795
282.432000	0.252795
282.496000	0.252795
282.560000	0.252795
282.624000	0.252795
282.688000	0.252795
282.752000	0.252795
282.816000	0.252795
282.880000	0.252795
282.944000	0.252795
283.008000	0.252795
283.072000	0.252795
283.136000	0.252795
283.200000	0.252795
283.264000	0.252795
283.328000	0.252795
283.392000	0.252795
283.456000	0.252795
283.520000	0.252795
283.584000	0.252795
283.648000	0.252795
283.712000	0.252795
283.776000	0.252795
283.840000	0.252795
283.904000	0.252795
283.968000	0.252795
284.032000	0.252795
284.096000	0.252795
284.160000	0.252795
284.224000	0.252795
284.288000	0.252795
284.352000	0.252795
284.416000	0.252795
284.480000	0.252795
284.544000	0.252795
284.608000	0.252795
284.672000	0.252795
284.736000	0.252795
284.800000	0.252795
284.864000	0.252795
284.928000	0.252795
284.992000	0.252795
285.056000	0.252795
285.120000	0.252795
285.184000	0.252795
285.248000	0.252795
285.312000	0.252795
285.376000	0.252795
285.440000	0.252795
285.504000	0.252795
285.568000	0.252795
285.632000	0.252795
285.696000	0.252795
285.760000	0.252795
285.824000	0.252795
285.888000	0.252795
285.952000	0.252795
286.016000	0.252795
286.080000	0.252795
286.144000	0.252795
286.208000	0.252795
286.272000	0.252795
286.336000	0.252795
286.400000	0.252795
286.464000	0.302632
286.528000	0.302632
286.592000	0.302632
286.656000	0.302632
286.720000	0.302632
286.784000	0.302632
286.848000	0.302632
286.912000	0.302632
286.976000	0.278208
287.040000	0.278208
287.104000	0.278208
287.168000	0.278208
287.232000	0.278208
287.296000	0.278208
287.360000	0.278208
287.424000	0.278208
287.488000	0.278208
287.552000	0.278208
287.616000	0.278208
287.680000	0.278208
287.744000	0.278208
287.808000	0.278208
287.872000	0.278208
287.936000	0.278208
288.000000	0.278208
288.064000	0.278208
288.128000	0.278208
288.192000	0.278208
288.256000	0.278208
288.320000	0.278208
288.384000	0.278208
288.448000	0.278208
288.512000	0.278208
288.576000	0.278208
288.640000	0.278208
288.704000	0.278208
288.768000	0.278208
288.832000	0.278208
288.896000	0.278208
288.960000	0.278208
289.024000	0.278208
289.088000	0.278208
289.152000	0.278208
289.216000	0.192277
289.280000	0.150227
289.344000	0.150227
289.408000	0.150227
289.472000	0.150227
289.536000	0.150227
289.600000	0.150227
289.664000	0.150227
289.728000	0.150227
289.792000	0.150227
289.856000	0.150227
289.920000	0.099805
289.984000	0.099805
290.048000	0.099805
290.112000	0.099805
290.176000	0.099805
290.240000	0.099805
290.304000	0.099805
290.368000	0.099805
290.432000	0.099805
290.496000	0.099805
290.560000	0.099805
290.624000	0.099805
290.688000	0.099805
290.752000	0.099805
290.816000	0.099805
290.880000	0.099805
290.944000	0.099805
291.008000	0.099805
291.072000	0.099805
291.136000	0.099805
291.200000	0.099805
291.264000	0.099805
291.328000	0.099805
291.392000	0.099805
291.456000	0.099805
291.520000	0.099805
291.584000	0.099805
291.648000	0.099805
291.712000	0.099805
291.776000	0.099805
291.840000	0.099805
291.904000	0.099805
291.968000	0.099805
292.032000	0.099805
292.096000	0.099805
292.160000	0.099805
292.224000	0.099805
292.288000	0.099805
292.352000	0.099805
292.416000	0.099805
292.480000	0.099805
292.544000	0.099805
292.608000	0.099805
292.672000	0.099805
292.736000	0.099805
292.800000	0.099805
292.864000	0.099805
292.928000	0.099805
292.992000	0.099805
293.056000	0.099805
293.120000	0.099805
293.184000	0.099805
293.248000	0.099805
293.312000	0.099805
293.376000	0.099805
293.440000	0.099805
293.504000	0.099805
293.568000	0.099805
293.632000	0.099805
293.696000	0.099805
293.760000	0.099805
293.824000	0.099805
293.888000	0.094826
293.952000	0.094826
294.016000	0.094826
294.080000	0.094826
294.144000	0.094826
294.208000	0.094826
294.272000	0.094826
294.336000	0.094826
294.400000	0.094826
294.464000	0.094826
294.528000	0.094826
294.592000	0.094826
294.656000	0.094826
294.720000	0.094826
294.784000	0.094826
294.848000	0.094826
294.912000	0.094826
294.976000	0.094826
295.040000	0.094826
295.104000	0.094826
295.168000	0.094826
295.232000	0.094826
295.296000	0.094826
295.360000	0.094826
295.424000	0.094826
295.488000	0.094826
295.552000	0.094826
295.616000	0.094826
295.680000	0.094826
295.744000	0.094826
295.808000	0.094826
295.872000	0.094826
295.936000	0.094826
296.000000	0.094826
296.064000	0.094826
296.128000	0.094826
296.192000	0.094826
296.256000	0.094826
296.320000	0.094826
296.384000	0.094826
296.448000	0.094826
296.512000	0.094826
296.576000	0.094826
296.640000	0.094826
296.704000	0.094826
296.768000	0.094826
296.832000	0.094826
296.896000	0.094826
296.960000	0.094826
297.024000	0.094826
297.088000	0.094826
297.152000	0.094826
297.216000	0.094826
297.280000	0.094826
297.344000	0.094826
297.408000	0.094826
297.472000	0.094826
297.536000	0.000004
297.600000	0.000004
297.664000	0.000004
297.728000	0.000004
297.792000	0.000004
297.856000	0.000004
297.920000	0.000004
297.984000	0.000004
298.048000	0.000004
298.112000	0.000004
298.176000	0.000004
298.240000	0.000004
298.304000	0.000004
298.368000	0.000000
298.432000	0.000000
298.496000	0.000000
298.560000	0.000000
298.624000	0.000000
298.688000	0.000000
298.752000	0.000000
298.816000	0.000000
298.880000	0.000000
298.944000	0.000000
299.008000	0.000000
299.072000	0.000000
299.136000	0.000000
299.200000	0.000000
299.264000	0.000000
299.328000	0.000000
299.392000	0.000000
299.456000	0.000000
299.520000	0.000000
299.584000	0.000000
299.648000	0.000000
299.712000	0.000000
299.776000	0.000000
299.840000	0.000000
299.904000	0.000000
299.968000	0.000000
300.032000	0.000000
300.096000	0.000000
300.160000	0.000000
300.224000	0.000000
300.288000	0.000000
300.352000	0.000000
300.416000	0.000000
300.480000	0.000000
300.544000	0.000000
300.608000	0.000000
300.672000	0.000000
300.736000	0.000000
300.800000	0.000000
300.864000	0.000000
300.928000	0.000000
300.992000	0.000000
301.056000	0.000000
301.120000	0.000000
301.184000	0.000000
301.248000	0.000000
301.312000	0.000000
301.376000	0.000000
301.440000	0.000000
301.504000	0.000000
