0.064000	0.000000
0.128000	0.000000
0.192000	0.000000
0.256000	0.000000
0.320000	0.000000
0.384000	0.000000
0.448000	0.000000
0.512000	0.000000
0.576000	0.000000
0.640000	0.000000
0.704000	0.000000
0.768000	0.000000
0.832000	0.000000
0.896000	0.000000
0.960000	0.000000
1.024000	0.000000
1.088000	0.000000
1.152000	0.000000
1.216000	0.000000
1.280000	0.000000
1.344000	0.000000
1.408000	0.000000
1.472000	0.000000
1.536000	0.000000
1.600000	0.000000
1.664000	0.000000
1.728000	0.000000
1.792000	0.000000
1.856000	0.000000
1.920000	0.000000
1.984000	0.000000
2.048000	0.000000
2.112000	0.000000
2.176000	0.000000
2.240000	0.000000
2.304000	0.000000
2.368000	0.000000
2.432000	0.000000
2.496000	0.000000
2.560000	0.000000
2.624000	0.000000
2.688000	0.000000
2.752000	0.000000
2.816000	0.000000
2.880000	0.000000
2.944000	0.000000
3.008000	0.000000
3.072000	0.000000
3.136000	0.000000
3.200000	0.000000
3.264000	0.428746
3.328000	0.428746
3.392000	0.428746
3.456000	0.428746
3.520000	0.428746
3.584000	0.428746
3.648000	0.428746
3.712000	0.428746
3.776000	0.428746
3.840000	0.428746
3.904000	0.428746
3.968000	0.428746
4.032000	0.428746
4.096000	0.428746
4.160000	0.428746
4.224000	0.403651
4.288000	0.403651
4.352000	0.403651
4.416000	0.403651
4.480000	0.403651
4.544000	0.403651
4.608000	0.403651
4.672000	0.403651
4.736000	0.403651
4.800000	0.403651
4.864000	0.403651
4.928000	0.403651
4.992000	0.403651
5.056000	0.403651
5.120000	0.403651
5.184000	0.403651
5.248000	0.403651
5.312000	0.403651
5.376000	0.403651
5.440000	0.221656
5.504000	0.221656
5.568000	0.221656
5.632000	0.221656
5.696000	0.221656
5.760000	0.221656
5.824000	0.221656
5.888000	0.221656
5.952000	0.221656
6.016000	0.221656
6.080000	0.221656
6.144000	0.221656
6.208000	0.221656
6.272000	0.221656
6.336000	0.221656
6.400000	0.221656
6.464000	0.221656
6.528000	0.221656
6.592000	0.221656
6.656000	0.221656
6.720000	0.221656
6.784000	0.221656
6.848000	0.221656
6.912000	0.221656
6.976000	0.221656
7.040000	0.221656
7.104000	0.221656
7.168000	0.221656
7.232000	0.221656
7.296000	0.221656
7.360000	0.221656
7.424000	0.221656
7.488000	0.221656
7.552000	0.221656
7.616000	0.221656
7.680000	0.221656
7.744000	0.221656
7.808000	0.221656
7.872000	0.221656
7.936000	0.221656
8.000000	0.149250
8.064000	0.149250
8.128000	0.149250
8.192000	0.149250
8.256000	0.149250
8.320000	0.149250
8.384000	0.149250
8.448000	0.149250
8.512000	0.149250
8.576000	0.149250
8.640000	0.149250
8.704000	0.149250
8.768000	0.149250
8.832000	0.149250
8.896000	0.149250
8.960000	0.149250
9.024000	0.149250
9.088000	0.149250
9.152000	0.149250
9.216000	0.149250
9.280000	0.149250
9.344000	0.149250
9.408000	0.149250
9.472000	0.149250
9.536000	0.149250
9.600000	0.149250
9.664000	0.149250
9.728000	0.149250
9.792000	0.149250
9.856000	0.149250
9.920000	0.149250
9.984000	0.149250
10.048000	0.149250
10.112000	0.149250
10.176000	0.149250
10.240000	0.149250
10.304000	0.149250
10.368000	0.149250
10.432000	0.149250
10.496000	0.149250
10.560000	0.149250
10.624000	0.149250
10.688000	0.149250
10.752000	0.149250
10.816000	0.149250
10.880000	0.149250
10.944000	0.149250
11.008000	0.149250
11.072000	0.149250
11.136000	0.149250
11.200000	0.149250
11.264000	0.149250
11.328000	0.149250
11.392000	0.149250
11.456000	0.149250
11.520000	0.134767
11.584000	0.134767
11.648000	0.134767
11.712000	0.134767
11.776000	0.134767
11.840000	0.134767
11.904000	0.134767
11.968000	0.134767
12.032000	0.134767
12.096000	0.134767
12.160000	0.134767
12.224000	0.134767
12.288000	0.134767
12.352000	0.134767
12.416000	0.134767
12.480000	0.134767
12.544000	0.134767
12.608000	0.134767
12.672000	0.134767
12.736000	0.134767
12.800000	0.134767
12.864000	0.134767
12.928000	0.134767
12.992000	0.134767
13.056000	0.134767
13.120000	0.134767
13.184000	0.134767
13.248000	0.134767
13.312000	0.134767
13.376000	0.134767
13.440000	0.134767
13.504000	0.134767
13.568000	0.134767
13.632000	0.134767
13.696000	0.134767
13.760000	0.134767
13.824000	0.134767
13.888000	0.134767
13.952000	0.134767
14.016000	0.134767
14.080000	0.134767
14.144000	0.134767
14.208000	0.134767
14.272000	0.134767
14.336000	0.134767
14.400000	0.134767
14.464000	0.134767
14.528000	0.134767
14.592000	0.134767
14.656000	0.134767
14.720000	0.134767
14.784000	0.134767
14.848000	0.134767
14.912000	0.134767
14.976000	0.134767
15.040000	0.134767
15.104000	0.134767
15.168000	0.134767
15.232000	0.134767
15.296000	0.134767
15.360000	0.134767
15.424000	0.134767
15.488000	0.134767
15.552000	0.134767
15.616000	0.134767
15.680000	0.134767
15.744000	0.134767
15.808000	0.134767
15.872000	0.134767
15.936000	0.134767
16.000000	0.134767
16.064000	0.134767
16.128000	0.134767
16.192000	0.134767
16.256000	0.134767
16.320000	0.134767
16.384000	0.134767
16.448000	0.134767
16.512000	0.134767
16.576000	0.134767
16.640000	0.134767
16.704000	0.134767
16.768000	0.134767
16.832000	0.134767
16.896000	0.134767
16.960000	0.134767
17.024000	0.134767
17.088000	0.134767
17.152000	0.134767
17.216000	0.134767
17.280000	0.134767
17.344000	0.134767
17.408000	0.134767
17.472000	0.134767
17.536000	0.134767
17.600000	0.134767
17.664000	0.134767
17.728000	0.134767
17.792000	0.134767
17.856000	0.134767
17.920000	0.161676
17.984000	0.161676
18.048000	0.161676
18.112000	0.161676
18.176000	0.161676
18.240000	0.161676
18.304000	0.161676
18.368000	0.161676
18.432000	0.161676
18.496000	0.161676
18.560000	0.161676
18.624000	0.161676
18.688000	0.161676
18.752000	0.161676
18.816000	0.161676
18.880000	0.161676
18.944000	0.161676
19.008000	0.161676
19.072000	0.161676
19.136000	0.161676
19.200000	0.161676
19.264000	0.161676
19.328000	0.161676
19.392000	0.161676
19.456000	0.161676
19.520000	0.161676
19.584000	0.161676
19.648000	0.161676
19.712000	0.157184
19.776000	0.157184
19.840000	0.157184
19.904000	0.157184
19.968000	0.137627
20.032000	0.137627
20.096000	0.137627
20.160000	0.137627
20.224000	0.137627
20.288000	0.137627
20.352000	0.132642
20.416000	0.089361
20.480000	0.089361
20.544000	0.089361
20.608000	0.089361
20.672000	0.089361
20.736000	0.089361
20.800000	0.089361
20.864000	0.089361
20.928000	0.089361
20.992000	0.089361
21.056000	0.089361
21.120000	0.089361
21.184000	0.089361
21.248000	0.089361
21.312000	0.089361
21.376000	0.089361
21.440000	0.089361
21.504000	0.089361
21.568000	0.089361
21.632000	0.089361
21.696000	0.089361
21.760000	0.089361
21.824000	0.089361
21.888000	0.089361
21.952000	0.089361
22.016000	0.089361
22.080000	0.089361
22.144000	0.089361
22.208000	0.089361
22.272000	0.089361
22.336000	0.089361
22.400000	0.089361
22.464000	0.089361
22.528000	0.089361
22.592000	0.089361
22.656000	0.089361
22.720000	0.089361
22.784000	0.089361
22.848000	0.089361
22.912000	0.089361
22.976000	0.089361
23.040000	0.089361
23.104000	0.089361
23.168000	0.089361
23.232000	0.089361
23.296000	0.089361
23.360000	0.089361
23.424000	0.089361
23.488000	0.089361
23.552000	0.089361
23.616000	0.089361
23.680000	0.089361
23.744000	0.089361
23.808000	0.089361
23.872000	0.089361
23.936000	0.089361
24.000000	0.089361
24.064000	0.089361
24.128000	0.089361
24.192000	0.089361
24.256000	0.089361
24.320000	0.089361
24.384000	0.089361
24.448000	0.089361
24.512000	0.089361
24.576000	0.089361
24.640000	0.089361
24.704000	0.089361
24.768000	0.089361
24.832000	0.089361
24.896000	0.089361
24.960000	0.089361
25.024000	0.089361
25.088000	0.089361
25.152000	0.089361
25.216000	0.089361
25.280000	0.089361
25.344000	0.089361
25.408000	0.089361
25.472000	0.089361
25.536000	0.089361
25.600000	0.089361
25.664000	0.089361
25.728000	0.089361
25.792000	0.089361
25.856000	0.089361
25.920000	0.089361
25.984000	0.089361
26.048000	0.089361
26.112000	0.089361
26.176000	0.089361
26.240000	0.089361
26.304000	0.089361
26.368000	0.089361
26.432000	0.089361
26.496000	0.089361
26.560000	0.089361
26.624000	0.089361
26.688000	0.089361
26.752000	0.089361
26.816000	0.103485
26.880000	0.100159
26.944000	0.100159
27.008000	0.100159
27.072000	0.085373
27.136000	0.041987
27.200000	0.041987
27.264000	0.041987
27.328000	0.041987
27.392000	0.041987
27.456000	0.041987
27.520000	0.041987
27.584000	0.041987
27.648000	0.041987
27.712000	0.041987
27.776000	0.041987
27.840000	0.041987
27.904000	0.041987
27.968000	0.041987
28.032000	0.041987
28.096000	0.041987
28.160000	0.041987
28.224000	0.041987
28.288000	0.041987
28.352000	0.041987
28.416000	0.041987
28.480000	0.041987
28.544000	0.041987
28.608000	0.041987
28.672000	0.041987
28.736000	0.041987
28.800000	0.041987
28.864000	0.041987
28.928000	0.041987
28.992000	0.041987
29.056000	0.041987
29.120000	0.041987
29.184000	0.041987
29.248000	0.041987
29.312000	0.041987
29.376000	0.041987
29.440000	0.041987
29.504000	0.041987
29.568000	0.041987
29.632000	0.041987
29.696000	0.041987
29.760000	0.041987
29.824000	0.041987
29.888000	0.041987
29.952000	0.041987
30.016000	0.041987
30.080000	0.041987
30.144000	0.041987
30.208000	0.041987
30.272000	0.041987
30.336000	0.041987
30.400000	0.041987
30.464000	0.041987
30.528000	0.041987
30.592000	0.041987
30.656000	0.041987
30.720000	0.041987
30.784000	0.041987
30.848000	0.041987
30.912000	0.041987
30.976000	0.041987
31.040000	0.041987
31.104000	0.041987
31.168000	0.041987
31.232000	0.041987
31.296000	0.041987
31.360000	0.041987
31.424000	0.041987
31.488000	0.041987
31.552000	0.041987
31.616000	0.041987
31.680000	0.041987
31.744000	0.041987
31.808000	0.041987
31.872000	0.041987
31.936000	0.041987
32.000000	0.041987
32.064000	0.041987
32.128000	0.041987
32.192000	0.041987
32.256000	0.041987
32.320000	0.041987
32.384000	0.041987
32.448000	0.041987
32.512000	0.041987
32.576000	0.041987
32.640000	0.041987
32.704000	0.041987
32.768000	0.041987
32.832000	0.041987
32.896000	0.041987
32.960000	0.041987
33.024000	0.041987
33.088000	0.041987
33.152000	0.041987
33.216000	0.041987
33.280000	0.041987
33.344000	0.041987
33.408000	0.041987
33.472000	0.041987
33.536000	0.065288
33.600000	0.065288
33.664000	0.065288
33.728000	0.065288
33.792000	0.065288
33.856000	0.065288
33.920000	0.065288
33.984000	0.065288
34.048000	0.065288
34.112000	0.065288
34.176000	0.065288
34.240000	0.065288
34.304000	0.065288
34.368000	0.065288
34.432000	0.065288
34.496000	0.065288
34.560000	0.065288
34.624000	0.065288
34.688000	0.065288
34.752000	0.065288
34.816000	0.065288
34.880000	0.065288
34.944000	0.065288
35.008000	0.065288
35.072000	0.065288
35.136000	0.065288
35.200000	0.065288
35.264000	0.065288
35.328000	0.065288
35.392000	0.070797
35.456000	0.070797
35.520000	0.070797
35.584000	0.070797
35.648000	0.070797
35.712000	0.070797
35.776000	0.034621
35.840000	0.034621
35.904000	0.034621
35.968000	0.034621
36.032000	0.034621
36.096000	0.034621
36.160000	0.034621
36.224000	0.034621
36.288000	0.034621
36.352000	0.034621
36.416000	0.034621
36.480000	0.034621
36.544000	0.034621
36.608000	0.034621
36.672000	0.034621
36.736000	0.034621
36.800000	0.034621
36.864000	0.034621
36.928000	0.034621
36.992000	0.034621
37.056000	0.034621
37.120000	0.034621
37.184000	0.034621
37.248000	0.034621
37.312000	0.034621
37.376000	0.034621
37.440000	0.034621
37.504000	0.034621
37.568000	0.034621
37.632000	0.034621
37.696000	0.034621
37.760000	0.034621
37.824000	0.034621
37.888000	0.034621
37.952000	0.034621
38.016000	0.034621
38.080000	0.034621
38.144000	0.034621
38.208000	0.034621
38.272000	0.034621
38.336000	0.034621
38.400000	0.034621
38.464000	0.034621
38.528000	0.034621
38.592000	0.034621
38.656000	0.034621
38.720000	0.034621
38.784000	0.034621
38.848000	0.034621
38.912000	0.034621
38.976000	0.034621
39.040000	0.034621
39.104000	0.034621
39.168000	0.034621
39.232000	0.034621
39.296000	0.034621
39.360000	0.034621
39.424000	0.034621
39.488000	0.034621
39.552000	0.034621
39.616000	0.034621
39.680000	0.034621
39.744000	0.034621
39.808000	0.034621
39.872000	0.034621
39.936000	0.034621
40.000000	0.034621
40.064000	0.034621
40.128000	0.034621
40.192000	0.034621
40.256000	0.034621
40.320000	0.034621
40.384000	0.034621
40.448000	0.034621
40.512000	0.034621
40.576000	0.034621
40.640000	0.034621
40.704000	0.034621
40.768000	0.034621
40.832000	0.034621
40.896000	0.034621
40.960000	0.034621
41.024000	0.034621
41.088000	0.034621
41.152000	0.034621
41.216000	0.034621
41.280000	0.034621
41.344000	0.034621
41.408000	0.034621
41.472000	0.034621
41.536000	0.034621
41.600000	0.034621
41.664000	0.034621
41.728000	0.034621
41.792000	0.034621
41.856000	0.034621
41.920000	0.034621
41.984000	0.034621
42.048000	0.034621
42.112000	0.034621
42.176000	0.083910
42.240000	0.083910
42.304000	0.083910
42.368000	0.083910
42.432000	0.083910
42.496000	0.083910
42.560000	0.083910
42.624000	0.083910
42.688000	0.083910
42.752000	0.083910
42.816000	0.083910
42.880000	0.083910
42.944000	0.083910
43.008000	0.083910
43.072000	0.085522
43.136000	0.085522
43.200000	0.085522
43.264000	0.085522
43.328000	0.085522
43.392000	0.085522
43.456000	0.085522
43.520000	0.085522
43.584000	0.085522
43.648000	0.085522
43.712000	0.085522
43.776000	0.085522
43.840000	0.085522
43.904000	0.085522
43.968000	0.085522
44.032000	0.085522
44.096000	0.085522
44.160000	0.100535
44.224000	0.100535
44.288000	0.100535
44.352000	0.100535
44.416000	0.100535
44.480000	0.100535
44.544000	0.100535
44.608000	0.100535
44.672000	0.100535
44.736000	0.100535
44.800000	0.100535
44.864000	0.100535
44.928000	0.100535
44.992000	0.100535
45.056000	0.100535
45.120000	0.100535
45.184000	0.100535
45.248000	0.100535
45.312000	0.100535
45.376000	0.100535
45.440000	0.100535
45.504000	0.100535
45.568000	0.100535
45.632000	0.100535
45.696000	0.100555
45.760000	0.108289
45.824000	0.108289
45.888000	0.108289
45.952000	0.108289
46.016000	0.108289
46.080000	0.108289
46.144000	0.108289
46.208000	0.108289
46.272000	0.108289
46.336000	0.108289
46.400000	0.108289
46.464000	0.108289
46.528000	0.108289
46.592000	0.108289
46.656000	0.108289
46.720000	0.108289
46.784000	0.108289
46.848000	0.108289
46.912000	0.108289
46.976000	0.108289
47.040000	0.108289
47.104000	0.108289
47.168000	0.108289
47.232000	0.108289
47.296000	0.108289
47.360000	0.108289
47.424000	0.108289
47.488000	0.108289
47.552000	0.108289
47.616000	0.108289
47.680000	0.108289
47.744000	0.175612
47.808000	0.175612
47.872000	0.175612
47.936000	0.175612
48.000000	0.175612
48.064000	0.175612
48.128000	0.175612
48.192000	0.175612
48.256000	0.175612
48.320000	0.175612
48.384000	0.101461
48.448000	0.101461
48.512000	0.101461
48.576000	0.101461
48.640000	0.101461
48.704000	0.101461
48.768000	0.101461
48.832000	0.101461
48.896000	0.101461
48.960000	0.101461
49.024000	0.101461
49.088000	0.101461
49.152000	0.101461
49.216000	0.101461
49.280000	0.101461
49.344000	0.101461
49.408000	0.101461
49.472000	0.101461
49.536000	0.101461
49.600000	0.101461
49.664000	0.101461
49.728000	0.101461
49.792000	0.101461
49.856000	0.101461
49.920000	0.101461
49.984000	0.101461
50.048000	0.101461
50.112000	0.101461
50.176000	0.101461
50.240000	0.101461
50.304000	0.101461
50.368000	0.101461
50.432000	0.101461
50.496000	0.101461
50.560000	0.101461
50.624000	0.101461
50.688000	0.101461
50.752000	0.101461
50.816000	0.101461
50.880000	0.101461
50.944000	0.101461
51.008000	0.101461
51.072000	0.101461
51.136000	0.101461
51.200000	0.101461
51.264000	0.101461
51.328000	0.101461
51.392000	0.101461
51.456000	0.101461
51.520000	0.101461
51.584000	0.101461
51.648000	0.101461
51.712000	0.101461
51.776000	0.101461
51.840000	0.101461
51.904000	0.101461
51.968000	0.101461
52.032000	0.101461
52.096000	0.101461
52.160000	0.101461
52.224000	0.101461
52.288000	0.101461
52.352000	0.101461
52.416000	0.101461
52.480000	0.101461
52.544000	0.101461
52.608000	0.101461
52.672000	0.101461
52.736000	0.101461
52.800000	0.101461
52.864000	0.101461
52.928000	0.101461
52.992000	0.101461
53.056000	0.101461
53.120000	0.101461
53.184000	0.101461
53.248000	0.101461
53.312000	0.101461
53.376000	0.101461
53.440000	0.101461
53.504000	0.101461
53.568000	0.101461
53.632000	0.101461
53.696000	0.101461
53.760000	0.101461
53.824000	0.101461
53.888000	0.101461
53.952000	0.101461
54.016000	0.101461
54.080000	0.101461
54.144000	0.101461
54.208000	0.101461
54.272000	0.101461
54.336000	0.101461
54.400000	0.101461
54.464000	0.101461
54.528000	0.101461
54.592000	0.101461
54.656000	0.101461
54.720000	0.101461
54.784000	0.186050
54.848000	0.186050
54.912000	0.186050
54.976000	0.186050
55.040000	0.186050
55.104000	0.186050
55.168000	0.186050
55.232000	0.186050
55.296000	0.186050
55.360000	0.186050
55.424000	0.186050
55.488000	0.186050
55.552000	0.186050
55.616000	0.186050
55.680000	0.186050
55.744000	0.186050
55.808000	0.186050
55.872000	0.186050
55.936000	0.186050
56.000000	0.186050
56.064000	0.186050
56.128000	0.186050
56.192000	0.186050
56.256000	0.186050
56.320000	0.186050
56.384000	0.186050
56.448000	0.186050
56.512000	0.186050
56.576000	0.186050
56.640000	0.186050
56.704000	0.186050
56.768000	0.186050
56.832000	0.186050
56.896000	0.193712
56.960000	0.193712
57.024000	0.193712
57.088000	0.193712
57.152000	0.193712
57.216000	0.193712
57.280000	0.193712
57.344000	0.193712
57.408000	0.193712
57.472000	0.107372
57.536000	0.107372
57.600000	0.107372
57.664000	0.107372
57.728000	0.107372
57.792000	0.107372
57.856000	0.107372
57.920000	0.107372
57.984000	0.107372
58.048000	0.107372
58.112000	0.107372
58.176000	0.107372
58.240000	0.107372
58.304000	0.107372
58.368000	0.107372
58.432000	0.107372
58.496000	0.107372
58.560000	0.107372
58.624000	0.107372
58.688000	0.107372
58.752000	0.107372
58.816000	0.107372
58.880000	0.107372
58.944000	0.107372
59.008000	0.107372
59.072000	0.107372
59.136000	0.107372
59.200000	0.107372
59.264000	0.107372
59.328000	0.107372
59.392000	0.107372
59.456000	0.107372
59.520000	0.107372
59.584000	0.107372
59.648000	0.107372
59.712000	0.107372
59.776000	0.107372
59.840000	0.107372
59.904000	0.107372
59.968000	0.107372
60.032000	0.107372
60.096000	0.107372
60.160000	0.107372
60.224000	0.107372
60.288000	0.107372
60.352000	0.107372
60.416000	0.107372
60.480000	0.107372
60.544000	0.107372
60.608000	0.107372
60.672000	0.107372
60.736000	0.107372
60.800000	0.107372
60.864000	0.107372
60.928000	0.107372
60.992000	0.107372
61.056000	0.107372
61.120000	0.107372
61.184000	0.107372
61.248000	0.107372
61.312000	0.107372
61.376000	0.107372
61.440000	0.107372
61.504000	0.107372
61.568000	0.107372
61.632000	0.107372
61.696000	0.107372
61.760000	0.107372
61.824000	0.107372
61.888000	0.107372
61.952000	0.107372
62.016000	0.107372
62.080000	0.107372
62.144000	0.107372
62.208000	0.107372
62.272000	0.107372
62.336000	0.107372
62.400000	0.107372
62.464000	0.107372
62.528000	0.107372
62.592000	0.107372
62.656000	0.107372
62.720000	0.107372
62.784000	0.107372
62.848000	0.107372
62.912000	0.107372
62.976000	0.107372
63.040000	0.107372
63.104000	0.107372
63.168000	0.107372
63.232000	0.107372
63.296000	0.107372
63.360000	0.107372
63.424000	0.107372
63.488000	0.107372
63.552000	0.107372
63.616000	0.107372
63.680000	0.107372
63.744000	0.107372
63.808000	0.107372
63.872000	0.172369
63.936000	0.172369
64.000000	0.172369
64.064000	0.172369
64.128000	0.172369
64.192000	0.172369
64.256000	0.172369
64.320000	0.187035
64.384000	0.187035
64.448000	0.187035
64.512000	0.187035
64.576000	0.187035
64.640000	0.187035
64.704000	0.187035
64.768000	0.187035
64.832000	0.187035
64.896000	0.187035
64.960000	0.187035
65.024000	0.187035
65.088000	0.187035
65.152000	0.187035
65.216000	0.187035
65.280000	0.187035
65.344000	0.187035
65.408000	0.187035
65.472000	0.187035
65.536000	0.187035
65.600000	0.187035
65.664000	0.187035
65.728000	0.187035
65.792000	0.187035
65.856000	0.187035
65.920000	0.187035
65.984000	0.187035
66.048000	0.187035
66.112000	0.187035
66.176000	0.187035
66.240000	0.187035
66.304000	0.187035
66.368000	0.187035
66.432000	0.187035
66.496000	0.187035
66.560000	0.187035
66.624000	0.187035
66.688000	0.187035
66.752000	0.187035
66.816000	0.187035
66.880000	0.187035
66.944000	0.187035
67.008000	0.187035
67.072000	0.187035
67.136000	0.187035
67.200000	0.187035
67.264000	0.187035
67.328000	0.187035
67.392000	0.187035
67.456000	0.187035
67.520000	0.187035
67.584000	0.187035
67.648000	0.187035
67.712000	0.187035
67.776000	0.187035
67.840000	0.187035
67.904000	0.187035
67.968000	0.187035
68.032000	0.187035
68.096000	0.187035
68.160000	0.187035
68.224000	0.187035
68.288000	0.187035
68.352000	0.187035
68.416000	0.187035
68.480000	0.187035
68.544000	0.187035
68.608000	0.187035
68.672000	0.187035
68.736000	0.187035
68.800000	0.187035
68.864000	0.187035
68.928000	0.187035
68.992000	0.187035
69.056000	0.187035
69.120000	0.187035
69.184000	0.187035
69.248000	0.187035
69.312000	0.187035
69.376000	0.187035
69.440000	0.187035
69.504000	0.187035
69.568000	0.187035
69.632000	0.187035
69.696000	0.516984
69.760000	0.516984
69.824000	0.516984
69.888000	0.516984
69.952000	0.516984
70.016000	0.408265
70.080000	0.408265
70.144000	0.408265
70.208000	0.408265
70.272000	0.374789
70.336000	0.374789
70.400000	0.374789
70.464000	0.374789
70.528000	0.374789
70.592000	0.374789
70.656000	0.374789
70.720000	0.374789
70.784000	0.374789
70.848000	0.374789
70.912000	0.374789
70.976000	0.374789
71.040000	0.374789
71.104000	0.374789
71.168000	0.374789
71.232000	0.374789
71.296000	0.374789
71.360000	0.374789
71.424000	0.374789
71.488000	0.374789
71.552000	0.374789
71.616000	0.374789
71.680000	0.374789
71.744000	0.374789
71.808000	0.374789
71.872000	0.374789
71.936000	0.374789
72.000000	0.374789
72.064000	0.374789
72.128000	0.374789
72.192000	0.374789
72.256000	0.374789
72.320000	0.374789
72.384000	0.374789
72.448000	0.374789
72.512000	0.374789
72.576000	0.374789
72.640000	0.374789
72.704000	0.374789
72.768000	0.374789
72.832000	0.374789
72.896000	0.374789
72.960000	0.374789
73.024000	0.374789
73.088000	0.374789
73.152000	0.374789
73.216000	0.374789
73.280000	0.374789
73.344000	0.374789
73.408000	0.374789
73.472000	0.374789
73.536000	0.374789
73.600000	0.374789
73.664000	0.374789
73.728000	0.374789
73.792000	0.374789
73.856000	0.374789
73.920000	0.374789
73.984000	0.374789
74.048000	0.374789
74.112000	0.374789
74.176000	0.374789
74.240000	0.374789
74.304000	0.374789
74.368000	0.374789
74.432000	0.374789
74.496000	0.374789
74.560000	0.374789
74.624000	0.374789
74.688000	0.315528
74.752000	0.315528
74.816000	0.315528
74.880000	0.315528
74.944000	0.315528
75.008000	0.315528
75.072000	0.315528
75.136000	0.315528
75.200000	0.290913
75.264000	0.290913
75.328000	0.290913
75.392000	0.269254
75.456000	0.269254
75.520000	0.269254
75.584000	0.269254
75.648000	0.269254
75.712000	0.269254
75.776000	0.269254
75.840000	0.269254
75.904000	0.269254
75.968000	0.240311
76.032000	0.190726
76.096000	0.190726
76.160000	0.190726
76.224000	0.190726
76.288000	0.190726
76.352000	0.190726
76.416000	0.165951
76.480000	0.165951
76.544000	0.165951
76.608000	0.165951
76.672000	0.165951
76.736000	0.165951
76.800000	0.165951
76.864000	0.165951
76.928000	0.165951
76.992000	0.165951
77.056000	0.165951
77.120000	0.165951
77.184000	0.165951
77.248000	0.165951
77.312000	0.165951
77.376000	0.165951
77.440000	0.165951
77.504000	0.165951
77.568000	0.165951
77.632000	0.165951
77.696000	0.165951
77.760000	0.165951
77.824000	0.165951
77.888000	0.165951
77.952000	0.165951
78.016000	0.165951
78.080000	0.165951
78.144000	0.165951
78.208000	0.165951
78.272000	0.165951
78.336000	0.165951
78.400000	0.165951
78.464000	0.165951
78.528000	0.165951
78.592000	0.165951
78.656000	0.165951
78.720000	0.165951
78.784000	0.165951
78.848000	0.165951
78.912000	0.165951
78.976000	0.165951
79.040000	0.165951
79.104000	0.165951
79.168000	0.165951
79.232000	0.165951
79.296000	0.165951
79.360000	0.165951
79.424000	0.165951
79.488000	0.165951
79.552000	0.165951
79.616000	0.165951
79.680000	0.165951
79.744000	0.165951
79.808000	0.165951
79.872000	0.165951
79.936000	0.165951
80.000000	0.165951
80.064000	0.165951
80.128000	0.165951
80.192000	0.165951
80.256000	0.165951
80.320000	0.165951
80.384000	0.165951
80.448000	0.165951
80.512000	0.135054
80.576000	0.135054
80.640000	0.135054
80.704000	0.135054
80.768000	0.135054
80.832000	0.135054
80.896000	0.135054
80.960000	0.135054
81.024000	0.135054
81.088000	0.135054
81.152000	0.135054
81.216000	0.135054
81.280000	0.135054
81.344000	0.135054
81.408000	0.135054
81.472000	0.135054
81.536000	0.135054
81.600000	0.135054
81.664000	0.135054
81.728000	0.135054
81.792000	0.135054
81.856000	0.135054
81.920000	0.135054
81.984000	0.135054
82.048000	0.135054
82.112000	0.135054
82.176000	0.135054
82.240000	0.135054
82.304000	0.135054
82.368000	0.135054
82.432000	0.135054
82.496000	0.135054
82.560000	0.135054
82.624000	0.135054
82.688000	0.135054
82.752000	0.135054
82.816000	0.135054
82.880000	0.135054
82.944000	0.135054
83.008000	0.135054
83.072000	0.135054
83.136000	0.135054
83.200000	0.135054
83.264000	0.135054
83.328000	0.135054
83.392000	0.135054
83.456000	0.135054
83.520000	0.135054
83.584000	0.135054
83.648000	0.135054
83.712000	0.135054
83.776000	0.135054
83.840000	0.135054
83.904000	0.135054
83.968000	0.135054
84.032000	0.135054
84.096000	0.135054
84.160000	0.135054
84.224000	0.135054
84.288000	0.135054
84.352000	0.135054
84.416000	0.135054
84.480000	0.135054
84.544000	0.135054
84.608000	0.135054
84.672000	0.135054
84.736000	0.135054
84.800000	0.135054
84.864000	0.135054
84.928000	0.135054
84.992000	0.135054
85.056000	0.135054
85.120000	0.135054
85.184000	0.135054
85.248000	0.135054
85.312000	0.135054
85.376000	0.135054
85.440000	0.135054
85.504000	0.135054
85.568000	0.135054
85.632000	0.135054
85.696000	0.135054
85.760000	0.135054
85.824000	0.135054
85.888000	0.135054
85.952000	0.135054
86.016000	0.135054
86.080000	0.135054
86.144000	0.135054
86.208000	0.135054
86.272000	0.135054
86.336000	0.135054
86.400000	0.135054
86.464000	0.135054
86.528000	0.135054
86.592000	0.135054
86.656000	0.135054
86.720000	0.135054
86.784000	0.135054
86.848000	0.135054
86.912000	0.212663
86.976000	0.212663
87.040000	0.212663
87.104000	0.212663
87.168000	0.212663
87.232000	0.212663
87.296000	0.212663
87.360000	0.212663
87.424000	0.212663
87.488000	0.212663
87.552000	0.212663
87.616000	0.212663
87.680000	0.212663
87.744000	0.212663
87.808000	0.212663
87.872000	0.212663
87.936000	0.212663
88.000000	0.212663
88.064000	0.212663
88.128000	0.212663
88.192000	0.212663
88.256000	0.212663
88.320000	0.212663
88.384000	0.212663
88.448000	0.212663
88.512000	0.212663
88.576000	0.275089
88.640000	0.275089
88.704000	0.275089
88.768000	0.275089
88.832000	0.275089
88.896000	0.275089
88.960000	0.275089
89.024000	0.275089
89.088000	0.275089
89.152000	0.275089
89.216000	0.275089
89.280000	0.275089
89.344000	0.275089
89.408000	0.275089
89.472000	0.275089
89.536000	0.275089
89.600000	0.275089
89.664000	0.275089
89.728000	0.275089
89.792000	0.275089
89.856000	0.275089
89.920000	0.275089
89.984000	0.275089
90.048000	0.275089
90.112000	0.275089
90.176000	0.275089
90.240000	0.275089
90.304000	0.275089
90.368000	0.275089
90.432000	0.275089
90.496000	0.275089
90.560000	0.275089
90.624000	0.275089
90.688000	0.275089
90.752000	0.275089
90.816000	0.275089
90.880000	0.275089
90.944000	0.275089
91.008000	0.275089
91.072000	0.275089
91.136000	0.275089
91.200000	0.275089
91.264000	0.275089
91.328000	0.275089
91.392000	0.275089
91.456000	0.275089
91.520000	0.275089
91.584000	0.275089
91.648000	0.275089
91.712000	0.275089
91.776000	0.275089
91.840000	0.275089
91.904000	0.275089
91.968000	0.275089
92.032000	0.275089
92.096000	0.275089
92.160000	0.275089
92.224000	0.275089
92.288000	0.275089
92.352000	0.275089
92.416000	0.275089
92.480000	0.275089
92.544000	0.275089
92.608000	0.275089
92.672000	0.275089
92.736000	0.301252
92.800000	0.301252
92.864000	0.301252
92.928000	0.301252
92.992000	0.301252
93.056000	0.301252
93.120000	0.301252
93.184000	0.301252
93.248000	0.301252
93.312000	0.301252
93.376000	0.301252
93.440000	0.301252
93.504000	0.301252
93.568000	0.301252
93.632000	0.301252
93.696000	0.301252
93.760000	0.301252
93.824000	0.301252
93.888000	0.301252
93.952000	0.301252
94.016000	0.301252
94.080000	0.301252
94.144000	0.301252
94.208000	0.301252
94.272000	0.301252
94.336000	0.301252
94.400000	0.301252
94.464000	0.301252
94.528000	0.301252
94.592000	0.301252
94.656000	0.301252
94.720000	0.301252
94.784000	0.301252
94.848000	0.301252
94.912000	0.301252
94.976000	0.301252
95.040000	0.301252
95.104000	0.301252
95.168000	0.301252
95.232000	0.301252
95.296000	0.301252
95.360000	0.301252
95.424000	0.301252
95.488000	0.301252
95.552000	0.301252
95.616000	0.301252
95.680000	0.301252
95.744000	0.301252
95.808000	0.159460
95.872000	0.159460
95.936000	0.121455
96.000000	0.121455
96.064000	0.121455
96.128000	0.121455
96.192000	0.121455
96.256000	0.121455
96.320000	0.121455
96.384000	0.121455
96.448000	0.121455
96.512000	0.121455
96.576000	0.121455
96.640000	0.121455
96.704000	0.121455
96.768000	0.121455
96.832000	0.121455
96.896000	0.121455
96.960000	0.121455
97.024000	0.121455
97.088000	0.121455
97.152000	0.121455
97.216000	0.121455
97.280000	0.121455
97.344000	0.121455
97.408000	0.121455
97.472000	0.121455
97.536000	0.121455
97.600000	0.121455
97.664000	0.121455
97.728000	0.121455
97.792000	0.121455
97.856000	0.121455
97.920000	0.121455
97.984000	0.121455
98.048000	0.121455
98.112000	0.121455
98.176000	0.121455
98.240000	0.121455
98.304000	0.121455
98.368000	0.121455
98.432000	0.121455
98.496000	0.121455
98.560000	0.121455
98.624000	0.121455
98.688000	0.121455
98.752000	0.121455
98.816000	0.121455
98.880000	0.121455
98.944000	0.121455
99.008000	0.121455
99.072000	0.121455
99.136000	0.121455
99.200000	0.121455
99.264000	0.121455
99.328000	0.121455
99.392000	0.121455
99.456000	0.121455
99.520000	0.121455
99.584000	0.121455
99.648000	0.121455
99.712000	0.121455
99.776000	0.121455
99.840000	0.121455
99.904000	0.121455
99.968000	0.121455
100.032000	0.121455
100.096000	0.121455
100.160000	0.121455
100.224000	0.121455
100.288000	0.121455
100.352000	0.121455
100.416000	0.121455
100.480000	0.121455
100.544000	0.121455
100.608000	0.121455
100.672000	0.121455
100.736000	0.121455
100.800000	0.121455
100.864000	0.121455
100.928000	0.121455
100.992000	0.121455
101.056000	0.121455
101.120000	0.121455
101.184000	0.121455
101.248000	0.121455
101.312000	0.121455
101.376000	0.121455
101.440000	0.121455
101.504000	0.121455
101.568000	0.121455
101.632000	0.121455
101.696000	0.121455
101.760000	0.121455
101.824000	0.121455
101.888000	0.121455
101.952000	0.121455
102.016000	0.121455
102.080000	0.121455
102.144000	0.121455
102.208000	0.121455
102.272000	0.121455
102.336000	0.159899
102.400000	0.312926
102.464000	0.312926
102.528000	0.312926
102.592000	0.312926
102.656000	0.312926
102.720000	0.312926
102.784000	0.312926
102.848000	0.312926
102.912000	0.312926
102.976000	0.312926
103.040000	0.312926
103.104000	0.312926
103.168000	0.312926
103.232000	0.312926
103.296000	0.312926
103.360000	0.312926
103.424000	0.312926
103.488000	0.312926
103.552000	0.312926
103.616000	0.312926
103.680000	0.312926
103.744000	0.312926
103.808000	0.312926
103.872000	0.312926
103.936000	0.312926
104.000000	0.312926
104.064000	0.312926
104.128000	0.312926
104.192000	0.312926
104.256000	0.312926
104.320000	0.312926
104.384000	0.312926
104.448000	0.312926
104.512000	0.312926
104.576000	0.312926
104.640000	0.312926
104.704000	0.312926
104.768000	0.164497
104.832000	0.164497
104.896000	0.164497
104.960000	0.164497
105.024000	0.164497
105.088000	0.164497
105.152000	0.164497
105.216000	0.164497
105.280000	0.164497
105.344000	0.164497
105.408000	0.164497
105.472000	0.164497
105.536000	0.164497
105.600000	0.164497
105.664000	0.164497
105.728000	0.164497
105.792000	0.164497
105.856000	0.164497
105.920000	0.164497
105.984000	0.164497
106.048000	0.164497
106.112000	0.164497
106.176000	0.164497
106.240000	0.164497
106.304000	0.164497
106.368000	0.164497
106.432000	0.164497
106.496000	0.164497
106.560000	0.164497
106.624000	0.164497
106.688000	0.164497
106.752000	0.164497
106.816000	0.164497
106.880000	0.164497
106.944000	0.164497
107.008000	0.164497
107.072000	0.164497
107.136000	0.164497
107.200000	0.164497
107.264000	0.164497
107.328000	0.164497
107.392000	0.164497
107.456000	0.164497
107.520000	0.164497
107.584000	0.164497
107.648000	0.164497
107.712000	0.164497
107.776000	0.164497
107.840000	0.164497
107.904000	0.164497
107.968000	0.164497
108.032000	0.164497
108.096000	0.164497
108.160000	0.164497
108.224000	0.164497
108.288000	0.164497
108.352000	0.164497
108.416000	0.164497
108.480000	0.164497
108.544000	0.164497
108.608000	0.164497
108.672000	0.164497
108.736000	0.164497
108.800000	0.164497
108.864000	0.164497
108.928000	0.164497
108.992000	0.164497
109.056000	0.164497
109.120000	0.164497
109.184000	0.164497
109.248000	0.164497
109.312000	0.164497
109.376000	0.164497
109.440000	0.164497
109.504000	0.164497
109.568000	0.164497
109.632000	0.164497
109.696000	0.164497
109.760000	0.164497
109.824000	0.164497
109.888000	0.164497
109.952000	0.164497
110.016000	0.164497
110.080000	0.164497
110.144000	0.164497
110.208000	0.164497
110.272000	0.164497
110.336000	0.164497
110.400000	0.164497
110.464000	0.164497
110.528000	0.164497
110.592000	0.164497
110.656000	0.164497
110.720000	0.164497
110.784000	0.164497
110.848000	0.164497
110.912000	0.164497
110.976000	0.164497
111.040000	0.164497
111.104000	0.164497
111.168000	0.177047
111.232000	0.177047
111.296000	0.177047
111.360000	0.177047
111.424000	0.282670
111.488000	0.282670
111.552000	0.282670
111.616000	0.282670
111.680000	0.282670
111.744000	0.282670
111.808000	0.282670
111.872000	0.282670
111.936000	0.282670
112.000000	0.282670
112.064000	0.282670
112.128000	0.282670
112.192000	0.282670
112.256000	0.282670
112.320000	0.282670
112.384000	0.282670
112.448000	0.282670
112.512000	0.282670
112.576000	0.282670
112.640000	0.282670
112.704000	0.282670
112.768000	0.282670
112.832000	0.282670
112.896000	0.282670
112.960000	0.282670
113.024000	0.282670
113.088000	0.282670
113.152000	0.282670
113.216000	0.282670
113.280000	0.282670
113.344000	0.282670
113.408000	0.282670
113.472000	0.282670
113.536000	0.282670
113.600000	0.282670
113.664000	0.282670
113.728000	0.282670
113.792000	0.282670
113.856000	0.282670
113.920000	0.282670
113.984000	0.282670
114.048000	0.282670
114.112000	0.282670
114.176000	0.282670
114.240000	0.282670
114.304000	0.282670
114.368000	0.282670
114.432000	0.282670
114.496000	0.282670
114.560000	0.282670
114.624000	0.282670
114.688000	0.282670
114.752000	0.282670
114.816000	0.282670
114.880000	0.310611
114.944000	0.310611
115.008000	0.310611
115.072000	0.310611
115.136000	0.310611
115.200000	0.310611
115.264000	0.310611
115.328000	0.310611
115.392000	0.310611
115.456000	0.310611
115.520000	0.310611
115.584000	0.310611
115.648000	0.310611
115.712000	0.310611
115.776000	0.310611
115.840000	0.310611
115.904000	0.310611
115.968000	0.310611
116.032000	0.310611
116.096000	0.310611
116.160000	0.310611
116.224000	0.310611
116.288000	0.310611
116.352000	0.310611
116.416000	0.310611
116.480000	0.310611
116.544000	0.310611
116.608000	0.310611
116.672000	0.310611
116.736000	0.310611
116.800000	0.310611
116.864000	0.310611
116.928000	0.310611
116.992000	0.310611
117.056000	0.310611
117.120000	0.322067
117.184000	0.322067
117.248000	0.322067
117.312000	0.322067
117.376000	0.322067
117.440000	0.322067
117.504000	0.322067
117.568000	0.322067
117.632000	0.322067
117.696000	0.322067
117.760000	0.322067
117.824000	0.322067
117.888000	0.322067
117.952000	0.322067
118.016000	0.322067
118.080000	0.322067
118.144000	0.322067
118.208000	0.322067
118.272000	0.322067
118.336000	0.322067
118.400000	0.322067
118.464000	0.322067
118.528000	0.322067
118.592000	0.322067
118.656000	0.322067
118.720000	0.322067
118.784000	0.322067
118.848000	0.322067
118.912000	0.322067
118.976000	0.322067
119.040000	0.322067
119.104000	0.322067
119.168000	0.322067
119.232000	0.322067
119.296000	0.322067
119.360000	0.470857
119.424000	0.491528
119.488000	0.491528
119.552000	0.491528
119.616000	0.491528
119.680000	0.491528
119.744000	0.491528
119.808000	0.521569
119.872000	0.521569
119.936000	0.521569
120.000000	0.501240
120.064000	0.501240
120.128000	0.501240
120.192000	0.501240
120.256000	0.501240
120.320000	0.501240
120.384000	0.501240
120.448000	0.501240
120.512000	0.501240
120.576000	0.501240
120.640000	0.501240
120.704000	0.501240
120.768000	0.501240
120.832000	0.501240
120.896000	0.501240
120.960000	0.501240
121.024000	0.501240
121.088000	0.479101
121.152000	0.457393
121.216000	0.321655
121.280000	0.321655
121.344000	0.321655
121.408000	0.321655
121.472000	0.321655
121.536000	0.321655
121.600000	0.321655
121.664000	0.321655
121.728000	0.321655
121.792000	0.321655
121.856000	0.321655
121.920000	0.321655
121.984000	0.321655
122.048000	0.321655
122.112000	0.321655
122.176000	0.321655
122.240000	0.321655
122.304000	0.321655
122.368000	0.321655
122.432000	0.321655
122.496000	0.321655
122.560000	0.321655
122.624000	0.321655
122.688000	0.321655
122.752000	0.321655
122.816000	0.321655
122.880000	0.321655
122.944000	0.321655
123.008000	0.321655
123.072000	0.321655
123.136000	0.321655
123.200000	0.321655
123.264000	0.321655
123.328000	0.321655
123.392000	0.321655
123.456000	0.321655
123.520000	0.321655
123.584000	0.321655
123.648000	0.321655
123.712000	0.321655
123.776000	0.321655
123.840000	0.321655
123.904000	0.321655
123.968000	0.321655
124.032000	0.321655
124.096000	0.321655
124.160000	0.321655
124.224000	0.321655
124.288000	0.321655
124.352000	0.321655
124.416000	0.321655
124.480000	0.321655
124.544000	0.321655
124.608000	0.321655
124.672000	0.321655
124.736000	0.321655
124.800000	0.321655
124.864000	0.321655
124.928000	0.321655
124.992000	0.321655
125.056000	0.321655
125.120000	0.321655
125.184000	0.321655
125.248000	0.321655
125.312000	0.321655
125.376000	0.321655
125.440000	0.321655
125.504000	0.321655
125.568000	0.321655
125.632000	0.321655
125.696000	0.321655
125.760000	0.321655
125.824000	0.321655
125.888000	0.321655
125.952000	0.321655
126.016000	0.321655
126.080000	0.321655
126.144000	0.321655
126.208000	0.321655
126.272000	0.321655
126.336000	0.321655
126.400000	0.321655
126.464000	0.321655
126.528000	0.321655
126.592000	0.321655
126.656000	0.321655
126.720000	0.321655
126.784000	0.321655
126.848000	0.321655
126.912000	0.321655
126.976000	0.321655
127.040000	0.321655
127.104000	0.321655
127.168000	0.321655
127.232000	0.321655
127.296000	0.321655
127.360000	0.321655
127.424000	0.321655
127.488000	0.321655
127.552000	0.321655
127.616000	0.346291
127.680000	0.346291
127.744000	0.346291
127.808000	0.346291
127.872000	0.346291
127.936000	0.346291
128.000000	0.346291
128.064000	0.346291
128.128000	0.346291
128.192000	0.346291
128.256000	0.346291
128.320000	0.346291
128.384000	0.346291
128.448000	0.346291
128.512000	0.346291
128.576000	0.346291
128.640000	0.346291
128.704000	0.346291
128.768000	0.289801
128.832000	0.289801
128.896000	0.289801
128.960000	0.289801
129.024000	0.289801
129.088000	0.289801
129.152000	0.289801
129.216000	0.289801
129.280000	0.289801
129.344000	0.289801
129.408000	0.289801
129.472000	0.289801
129.536000	0.289801
129.600000	0.289801
129.664000	0.289801
129.728000	0.289801
129.792000	0.289801
129.856000	0.289801
129.920000	0.289801
129.984000	0.289801
130.048000	0.289801
130.112000	0.289801
130.176000	0.289801
130.240000	0.289801
130.304000	0.289801
130.368000	0.289801
130.432000	0.289801
130.496000	0.289801
130.560000	0.289801
130.624000	0.289801
130.688000	0.289801
130.752000	0.289801
130.816000	0.289801
130.880000	0.289801
130.944000	0.289801
131.008000	0.289801
131.072000	0.289801
131.136000	0.289801
131.200000	0.289801
131.264000	0.289801
131.328000	0.289801
131.392000	0.289801
131.456000	0.289801
131.520000	0.289801
131.584000	0.289801
131.648000	0.289801
131.712000	0.289801
131.776000	0.289801
131.840000	0.289801
131.904000	0.289801
131.968000	0.289801
132.032000	0.289801
132.096000	0.289801
132.160000	0.289801
132.224000	0.289801
132.288000	0.289801
132.352000	0.289801
132.416000	0.289801
132.480000	0.289801
132.544000	0.289801
132.608000	0.289801
132.672000	0.289801
132.736000	0.289801
132.800000	0.289801
132.864000	0.289801
132.928000	0.289801
132.992000	0.289801
133.056000	0.289801
133.120000	0.289801
133.184000	0.289801
133.248000	0.289801
133.312000	0.289801
133.376000	0.289801
133.440000	0.289801
133.504000	0.289801
133.568000	0.289801
133.632000	0.289801
133.696000	0.289801
133.760000	0.289801
133.824000	0.289801
133.888000	0.289801
133.952000	0.289801
134.016000	0.289801
134.080000	0.289801
134.144000	0.289801
134.208000	0.289801
134.272000	0.289801
134.336000	0.289801
134.400000	0.245776
134.464000	0.245776
134.528000	0.245776
134.592000	0.245776
134.656000	0.245776
134.720000	0.245776
134.784000	0.245776
134.848000	0.245776
134.912000	0.245776
134.976000	0.245776
135.040000	0.245776
135.104000	0.245776
135.168000	0.245776
135.232000	0.245776
135.296000	0.245776
135.360000	0.245776
135.424000	0.245776
135.488000	0.245776
135.552000	0.245776
135.616000	0.245776
135.680000	0.245776
135.744000	0.245776
135.808000	0.245776
135.872000	0.245776
135.936000	0.245776
136.000000	0.245776
136.064000	0.245776
136.128000	0.245776
136.192000	0.245776
136.256000	0.245776
136.320000	0.245776
136.384000	0.245776
136.448000	0.245776
136.512000	0.245776
136.576000	0.245776
136.640000	0.245776
136.704000	0.245776
136.768000	0.245776
136.832000	0.245776
136.896000	0.245776
136.960000	0.245776
137.024000	0.245776
137.088000	0.245776
137.152000	0.245776
137.216000	0.245776
137.280000	0.245776
137.344000	0.245776
137.408000	0.245776
137.472000	0.245776
137.536000	0.245776
137.600000	0.245776
137.664000	0.245776
137.728000	0.245776
137.792000	0.245776
137.856000	0.245776
137.920000	0.245776
137.984000	0.245776
138.048000	0.245776
138.112000	0.245776
138.176000	0.245776
138.240000	0.245776
138.304000	0.245776
138.368000	0.245776
138.432000	0.245776
138.496000	0.245776
138.560000	0.245776
138.624000	0.245776
138.688000	0.245776
138.752000	0.245776
138.816000	0.245776
138.880000	0.245776
138.944000	0.245776
139.008000	0.245776
139.072000	0.245776
139.136000	0.245776
139.200000	0.245776
139.264000	0.245776
139.328000	0.245776
139.392000	0.245776
139.456000	0.245776
139.520000	0.245776
139.584000	0.245776
139.648000	0.245776
139.712000	0.245776
139.776000	0.245776
139.840000	0.245776
139.904000	0.245776
139.968000	0.245776
140.032000	0.245776
140.096000	0.245776
140.160000	0.245776
140.224000	0.245776
140.288000	0.245776
140.352000	0.245776
140.416000	0.245776
140.480000	0.245776
140.544000	0.245776
140.608000	0.245776
140.672000	0.245776
140.736000	0.245776
140.800000	0.376390
140.864000	0.615922
140.928000	0.615922
140.992000	0.615922
141.056000	0.615922
141.120000	0.615922
141.184000	0.615922
141.248000	0.615922
141.312000	0.615922
141.376000	0.615922
141.440000	0.615922
141.504000	0.615922
141.568000	0.615922
141.632000	0.615922
141.696000	0.615922
141.760000	0.615922
141.824000	0.615922
141.888000	0.615922
141.952000	0.615922
142.016000	0.615922
142.080000	0.615922
142.144000	0.615922
142.208000	0.615922
142.272000	0.546224
142.336000	0.546224
142.400000	0.546224
142.464000	0.546224
142.528000	0.517914
142.592000	0.449941
142.656000	0.449941
142.720000	0.449941
142.784000	0.449941
142.848000	0.449941
142.912000	0.449941
142.976000	0.449941
143.040000	0.449941
143.104000	0.449941
143.168000	0.449941
143.232000	0.449941
143.296000	0.449941
143.360000	0.449941
143.424000	0.449941
143.488000	0.449941
143.552000	0.449941
143.616000	0.449941
143.680000	0.449941
143.744000	0.449941
143.808000	0.449941
143.872000	0.449941
143.936000	0.449941
144.000000	0.449941
144.064000	0.449941
144.128000	0.449941
144.192000	0.449941
144.256000	0.449941
144.320000	0.449941
144.384000	0.449941
144.448000	0.449941
144.512000	0.449941
144.576000	0.449941
144.640000	0.449941
144.704000	0.449941
144.768000	0.449941
144.832000	0.449941
144.896000	0.449941
144.960000	0.449941
145.024000	0.449941
145.088000	0.449941
145.152000	0.449941
145.216000	0.449941
145.280000	0.449941
145.344000	0.449941
145.408000	0.376247
145.472000	0.376247
145.536000	0.376247
145.600000	0.376247
145.664000	0.376247
145.728000	0.376247
145.792000	0.376247
145.856000	0.376247
145.920000	0.376247
145.984000	0.376247
146.048000	0.376247
146.112000	0.376247
146.176000	0.376247
146.240000	0.376247
146.304000	0.376247
146.368000	0.376247
146.432000	0.376247
146.496000	0.376247
146.560000	0.376247
146.624000	0.376247
146.688000	0.376247
146.752000	0.376247
146.816000	0.376247
146.880000	0.376247
146.944000	0.376247
147.008000	0.376247
147.072000	0.376247
147.136000	0.376247
147.200000	0.376247
147.264000	0.376247
147.328000	0.376247
147.392000	0.376247
147.456000	0.376247
147.520000	0.376247
147.584000	0.376247
147.648000	0.376247
147.712000	0.376247
147.776000	0.376247
147.840000	0.376247
147.904000	0.376247
147.968000	0.376247
148.032000	0.376247
148.096000	0.376247
148.160000	0.376247
148.224000	0.376247
148.288000	0.376247
148.352000	0.376247
148.416000	0.376247
148.480000	0.376247
148.544000	0.376247
148.608000	0.376247
148.672000	0.376247
148.736000	0.376247
148.800000	0.376247
148.864000	0.376247
148.928000	0.376247
148.992000	0.376247
149.056000	0.376247
149.120000	0.376247
149.184000	0.376247
149.248000	0.376247
149.312000	0.376247
149.376000	0.376247
149.440000	0.376247
149.504000	0.376247
149.568000	0.376247
149.632000	0.376247
149.696000	0.376247
149.760000	0.376247
149.824000	0.376247
149.888000	0.376247
149.952000	0.376247
150.016000	0.376247
150.080000	0.376247
150.144000	0.376247
150.208000	0.376247
150.272000	0.376247
150.336000	0.376247
150.400000	0.376247
150.464000	0.376247
150.528000	0.376247
150.592000	0.376247
150.656000	0.376247
150.720000	0.376247
150.784000	0.376247
150.848000	0.376247
150.912000	0.376247
150.976000	0.376247
151.040000	0.376247
151.104000	0.376247
151.168000	0.376247
151.232000	0.376247
151.296000	0.376247
151.360000	0.376247
151.424000	0.376247
151.488000	0.376247
151.552000	0.376247
151.616000	0.376247
151.680000	0.376247
151.744000	0.376247
151.808000	0.392290
151.872000	0.392290
151.936000	0.392290
152.000000	0.392290
152.064000	0.392290
152.128000	0.392290
152.192000	0.392290
152.256000	0.392290
152.320000	0.392290
152.384000	0.392290
152.448000	0.392290
152.512000	0.392290
152.576000	0.392290
152.640000	0.392290
152.704000	0.392290
152.768000	0.392290
152.832000	0.392290
152.896000	0.392290
152.960000	0.392290
153.024000	0.392290
153.088000	0.392290
153.152000	0.392290
153.216000	0.392290
153.280000	0.392290
153.344000	0.392290
153.408000	0.392290
153.472000	0.392290
153.536000	0.392290
153.600000	0.392290
153.664000	0.392290
153.728000	0.392290
153.792000	0.392290
153.856000	0.392290
153.920000	0.392290
153.984000	0.392290
154.048000	0.392290
154.112000	0.392290
154.176000	0.392290
154.240000	0.392290
154.304000	0.590370
154.368000	0.590370
154.432000	0.590370
154.496000	0.590370
154.560000	0.590370
154.624000	0.590370
154.688000	0.590370
154.752000	0.590370
154.816000	0.590370
154.880000	0.590370
154.944000	0.590370
155.008000	0.590370
155.072000	0.590370
155.136000	0.590370
155.200000	0.590370
155.264000	0.590370
155.328000	0.590370
155.392000	0.590370
155.456000	0.590370
155.520000	0.590370
155.584000	0.590370
155.648000	0.590370
155.712000	0.590370
155.776000	0.590370
155.840000	0.590370
155.904000	0.590370
155.968000	0.590370
156.032000	0.599541
156.096000	0.599541
156.160000	0.585805
156.224000	0.585805
156.288000	0.585805
156.352000	0.585805
156.416000	0.585805
156.480000	0.585805
156.544000	0.493776
156.608000	0.351028
156.672000	0.351028
156.736000	0.351028
156.800000	0.351028
156.864000	0.351028
156.928000	0.351028
156.992000	0.351028
157.056000	0.351028
157.120000	0.351028
157.184000	0.351028
157.248000	0.351028
157.312000	0.351028
157.376000	0.351028
157.440000	0.351028
157.504000	0.351028
157.568000	0.351028
157.632000	0.351028
157.696000	0.347749
157.760000	0.347749
157.824000	0.347749
157.888000	0.320435
157.952000	0.302645
158.016000	0.290921
158.080000	0.290921
158.144000	0.290921
158.208000	0.290921
158.272000	0.290921
158.336000	0.290921
158.400000	0.290921
158.464000	0.290921
158.528000	0.290921
158.592000	0.290921
158.656000	0.290921
158.720000	0.290921
158.784000	0.290921
158.848000	0.290921
158.912000	0.290921
158.976000	0.290921
159.040000	0.252353
159.104000	0.252353
159.168000	0.252353
159.232000	0.252353
159.296000	0.252353
159.360000	0.252353
159.424000	0.252353
159.488000	0.252353
159.552000	0.252353
159.616000	0.252353
159.680000	0.252353
159.744000	0.252353
159.808000	0.252353
159.872000	0.252353
159.936000	0.252353
160.000000	0.252353
160.064000	0.226073
160.128000	0.117147
160.192000	0.117147
160.256000	0.117147
160.320000	0.117147
160.384000	0.117147
160.448000	0.117147
160.512000	0.117147
160.576000	0.117147
160.640000	0.117147
160.704000	0.117147
160.768000	0.117147
160.832000	0.117147
160.896000	0.117147
160.960000	0.117147
161.024000	0.117147
161.088000	0.117147
161.152000	0.117147
161.216000	0.117147
161.280000	0.117147
161.344000	0.117147
161.408000	0.117147
161.472000	0.117147
161.536000	0.117147
161.600000	0.117147
161.664000	0.117147
161.728000	0.117147
161.792000	0.117147
161.856000	0.117147
161.920000	0.117147
161.984000	0.117147
162.048000	0.117147
162.112000	0.117147
162.176000	0.117147
162.240000	0.117147
162.304000	0.117147
162.368000	0.117147
162.432000	0.117147
162.496000	0.117147
162.560000	0.117147
162.624000	0.117147
162.688000	0.117147
162.752000	0.117147
162.816000	0.117147
162.880000	0.117147
162.944000	0.117147
163.008000	0.117147
163.072000	0.117147
163.136000	0.105571
163.200000	0.105571
163.264000	0.105571
163.328000	0.105571
163.392000	0.105571
163.456000	0.105571
163.520000	0.105571
163.584000	0.105571
163.648000	0.105571
163.712000	0.105571
163.776000	0.105571
163.840000	0.105571
163.904000	0.105571
163.968000	0.105571
164.032000	0.105571
164.096000	0.105571
164.160000	0.105571
164.224000	0.105571
164.288000	0.105571
164.352000	0.105571
164.416000	0.105571
164.480000	0.105571
164.544000	0.105571
164.608000	0.105571
164.672000	0.105571
164.736000	0.105571
164.800000	0.105571
164.864000	0.105571
164.928000	0.105571
164.992000	0.105571
165.056000	0.105571
165.120000	0.105571
165.184000	0.105571
165.248000	0.105571
165.312000	0.105571
165.376000	0.105571
165.440000	0.105571
165.504000	0.105571
165.568000	0.105571
165.632000	0.105571
165.696000	0.105571
165.760000	0.105571
165.824000	0.105571
165.888000	0.105571
165.952000	0.105571
166.016000	0.105571
166.080000	0.105571
166.144000	0.105571
166.208000	0.105571
166.272000	0.105571
166.336000	0.105571
166.400000	0.105571
166.464000	0.105571
166.528000	0.105571
166.592000	0.105571
166.656000	0.105571
166.720000	0.105571
166.784000	0.105571
166.848000	0.105571
166.912000	0.105571
166.976000	0.105571
167.040000	0.105571
167.104000	0.105571
167.168000	0.105571
167.232000	0.105571
167.296000	0.105571
167.360000	0.105571
167.424000	0.105571
167.488000	0.105571
167.552000	0.105571
167.616000	0.105571
167.680000	0.105571
167.744000	0.105571
167.808000	0.105571
167.872000	0.105571
167.936000	0.105571
168.000000	0.105571
168.064000	0.105571
168.128000	0.105571
168.192000	0.105571
168.256000	0.105571
168.320000	0.105571
168.384000	0.105571
168.448000	0.105571
168.512000	0.105571
168.576000	0.105571
168.640000	0.105571
168.704000	0.105571
168.768000	0.105571
168.832000	0.105571
168.896000	0.105571
168.960000	0.105571
169.024000	0.105571
169.088000	0.105571
169.152000	0.105571
169.216000	0.105571
169.280000	0.105571
169.344000	0.105571
169.408000	0.105571
169.472000	0.105571
169.536000	0.153671
169.600000	0.153671
169.664000	0.153671
169.728000	0.153671
169.792000	0.153671
169.856000	0.157776
169.920000	0.157776
169.984000	0.157776
170.048000	0.157776
170.112000	0.157776
170.176000	0.157776
170.240000	0.157776
170.304000	0.157776
170.368000	0.157776
170.432000	0.157776
170.496000	0.157776
170.560000	0.157776
170.624000	0.157776
170.688000	0.157776
170.752000	0.157776
170.816000	0.157776
170.880000	0.157776
170.944000	0.157776
171.008000	0.157776
171.072000	0.157776
171.136000	0.157776
171.200000	0.157776
171.264000	0.157776
171.328000	0.157776
171.392000	0.157776
171.456000	0.157776
171.520000	0.157776
171.584000	0.157776
171.648000	0.157776
171.712000	0.157776
171.776000	0.157776
171.840000	0.157776
171.904000	0.157776
171.968000	0.157776
172.032000	0.157776
172.096000	0.157776
172.160000	0.157776
172.224000	0.157776
172.288000	0.157776
172.352000	0.157776
172.416000	0.157776
172.480000	0.157776
172.544000	0.157776
172.608000	0.157776
172.672000	0.157776
172.736000	0.157776
172.800000	0.157776
172.864000	0.157776
172.928000	0.157776
172.992000	0.157776
173.056000	0.178001
173.120000	0.178001
173.184000	0.178001
173.248000	0.178001
173.312000	0.178001
173.376000	0.178001
173.440000	0.178001
173.504000	0.178001
173.568000	0.178001
173.632000	0.178001
173.696000	0.178001
173.760000	0.178001
173.824000	0.178001
173.888000	0.178001
173.952000	0.178001
174.016000	0.178001
174.080000	0.178001
174.144000	0.178001
174.208000	0.178001
174.272000	0.178001
174.336000	0.178001
174.400000	0.178001
174.464000	0.178001
174.528000	0.178001
174.592000	0.178001
174.656000	0.178001
174.720000	0.178001
174.784000	0.178001
174.848000	0.178001
174.912000	0.178001
174.976000	0.178001
175.040000	0.178001
175.104000	0.178001
175.168000	0.178001
175.232000	0.178001
175.296000	0.178001
175.360000	0.178001
175.424000	0.178001
175.488000	0.178001
175.552000	0.178001
175.616000	0.178001
175.680000	0.178001
175.744000	0.178001
175.808000	0.178001
175.872000	0.178001
175.936000	0.178001
176.000000	0.178001
176.064000	0.178001
176.128000	0.178001
176.192000	0.195250
176.256000	0.195250
176.320000	0.195250
176.384000	0.195250
176.448000	0.195250
176.512000	0.195250
176.576000	0.195250
176.640000	0.195250
176.704000	0.195250
176.768000	0.195250
176.832000	0.195250
176.896000	0.195250
176.960000	0.195250
177.024000	0.195250
177.088000	0.195250
177.152000	0.195250
177.216000	0.195250
177.280000	0.195250
177.344000	0.195250
177.408000	0.195250
177.472000	0.195250
177.536000	0.176284
177.600000	0.176284
177.664000	0.176284
177.728000	0.176284
177.792000	0.176284
177.856000	0.176284
177.920000	0.176284
177.984000	0.176284
178.048000	0.176284
178.112000	0.176284
178.176000	0.176284
178.240000	0.176284
178.304000	0.176284
178.368000	0.176284
178.432000	0.176284
178.496000	0.176284
178.560000	0.176284
178.624000	0.176284
178.688000	0.176284
178.752000	0.176284
178.816000	0.176284
178.880000	0.176284
178.944000	0.176284
179.008000	0.176284
179.072000	0.176284
179.136000	0.176284
179.200000	0.176284
179.264000	0.176284
179.328000	0.176284
179.392000	0.176284
179.456000	0.176284
179.520000	0.176284
179.584000	0.176284
179.648000	0.176284
179.712000	0.176284
179.776000	0.176284
179.840000	0.176284
179.904000	0.176284
179.968000	0.176284
180.032000	0.176284
180.096000	0.176284
180.160000	0.176284
180.224000	0.176284
180.288000	0.176284
180.352000	0.176284
180.416000	0.176284
180.480000	0.176284
180.544000	0.176284
180.608000	0.176284
180.672000	0.176284
180.736000	0.176284
180.800000	0.176284
180.864000	0.176284
180.928000	0.176284
180.992000	0.176284
181.056000	0.176284
181.120000	0.176284
181.184000	0.176284
181.248000	0.176284
181.312000	0.176284
181.376000	0.176284
181.440000	0.176284
181.504000	0.176284
181.568000	0.176284
181.632000	0.176284
181.696000	0.176284
181.760000	0.176284
181.824000	0.176284
181.888000	0.176284
181.952000	0.176284
182.016000	0.176284
182.080000	0.176284
182.144000	0.176284
182.208000	0.176284
182.272000	0.176284
182.336000	0.176284
182.400000	0.176284
182.464000	0.176284
182.528000	0.176284
182.592000	0.176284
182.656000	0.176284
182.720000	0.176284
182.784000	0.176284
182.848000	0.176284
182.912000	0.176284
182.976000	0.176284
183.040000	0.176284
183.104000	0.176284
183.168000	0.176284
183.232000	0.176284
183.296000	0.176284
183.360000	0.176284
183.424000	0.176284
183.488000	0.176284
183.552000	0.176284
183.616000	0.176284
183.680000	0.176284
183.744000	0.176284
183.808000	0.176284
183.872000	0.176284
183.936000	0.188049
184.000000	0.188049
184.064000	0.188049
184.128000	0.188049
184.192000	0.188049
184.256000	0.188049
184.320000	0.188049
184.384000	0.188049
184.448000	0.188049
184.512000	0.188049
184.576000	0.188049
184.640000	0.188049
184.704000	0.188049
184.768000	0.188049
184.832000	0.188049
184.896000	0.188049
184.960000	0.188049
185.024000	0.188049
185.088000	0.188049
185.152000	0.188049
185.216000	0.188049
185.280000	0.188049
185.344000	0.188049
185.408000	0.188049
185.472000	0.188049
185.536000	0.158187
185.600000	0.158187
185.664000	0.158187
185.728000	0.158187
185.792000	0.158187
185.856000	0.158187
185.920000	0.158187
185.984000	0.158187
186.048000	0.158187
186.112000	0.158187
186.176000	0.158187
186.240000	0.158187
186.304000	0.158187
186.368000	0.114379
186.432000	0.114379
186.496000	0.114379
186.560000	0.114379
186.624000	0.114379
186.688000	0.114379
186.752000	0.114379
186.816000	0.114379
186.880000	0.114379
186.944000	0.114379
187.008000	0.114379
187.072000	0.114379
187.136000	0.114379
187.200000	0.114379
187.264000	0.114379
187.328000	0.114379
187.392000	0.114379
187.456000	0.114379
187.520000	0.114379
187.584000	0.114379
187.648000	0.114379
187.712000	0.114379
187.776000	0.114379
187.840000	0.114379
187.904000	0.114379
187.968000	0.114379
188.032000	0.114379
188.096000	0.114379
188.160000	0.114379
188.224000	0.114379
188.288000	0.114379
188.352000	0.114379
188.416000	0.114379
188.480000	0.114379
188.544000	0.114379
188.608000	0.114379
188.672000	0.114379
188.736000	0.114379
188.800000	0.114379
188.864000	0.114379
188.928000	0.114379
188.992000	0.114379
189.056000	0.114379
189.120000	0.114379
189.184000	0.114379
189.248000	0.114379
189.312000	0.114379
189.376000	0.114379
189.440000	0.114379
189.504000	0.114379
189.568000	0.114379
189.632000	0.114379
189.696000	0.114379
189.760000	0.114379
189.824000	0.114379
189.888000	0.114379
189.952000	0.114379
190.016000	0.114379
190.080000	0.114379
190.144000	0.114379
190.208000	0.114379
190.272000	0.114379
190.336000	0.114379
190.400000	0.114379
190.464000	0.114379
190.528000	0.114379
190.592000	0.114379
190.656000	0.114379
190.720000	0.114379
190.784000	0.114379
190.848000	0.114379
190.912000	0.114379
190.976000	0.114379
191.040000	0.114379
191.104000	0.114379
191.168000	0.114379
191.232000	0.114379
191.296000	0.114379
191.360000	0.114379
191.424000	0.114379
191.488000	0.114379
191.552000	0.114379
191.616000	0.114379
191.680000	0.114379
191.744000	0.114379
191.808000	0.114379
191.872000	0.114379
191.936000	0.114379
192.000000	0.114379
192.064000	0.114379
192.128000	0.114379
192.192000	0.114379
192.256000	0.114379
192.320000	0.114379
192.384000	0.114379
192.448000	0.114379
192.512000	0.114379
192.576000	0.114379
192.640000	0.114379
192.704000	0.114379
192.768000	0.151245
192.832000	0.151245
192.896000	0.151245
192.960000	0.151245
193.024000	0.151245
193.088000	0.151245
193.152000	0.151245
193.216000	0.151245
193.280000	0.151245
193.344000	0.151245
193.408000	0.151245
193.472000	0.151245
193.536000	0.151245
193.600000	0.151245
193.664000	0.151245
193.728000	0.151245
193.792000	0.151245
193.856000	0.151245
193.920000	0.151245
193.984000	0.151245
194.048000	0.151245
194.112000	0.151245
194.176000	0.151245
194.240000	0.151245
194.304000	0.151245
194.368000	0.151245
194.432000	0.151245
194.496000	0.151245
194.560000	0.151245
194.624000	0.151245
194.688000	0.151245
194.752000	0.151245
194.816000	0.151245
194.880000	0.151245
194.944000	0.151245
195.008000	0.151245
195.072000	0.151245
195.136000	0.151245
195.200000	0.151245
195.264000	0.151245
195.328000	0.151245
195.392000	0.151245
195.456000	0.151245
195.520000	0.151245
195.584000	0.151245
195.648000	0.151245
195.712000	0.151245
195.776000	0.151245
195.840000	0.151245
195.904000	0.201140
195.968000	0.201140
196.032000	0.199204
196.096000	0.199204
196.160000	0.199204
196.224000	0.199204
196.288000	0.199204
196.352000	0.199204
196.416000	0.199204
196.480000	0.199204
196.544000	0.199204
196.608000	0.199204
196.672000	0.199204
196.736000	0.199204
196.800000	0.199204
196.864000	0.199204
196.928000	0.199204
196.992000	0.199204
197.056000	0.199204
197.120000	0.199204
197.184000	0.199204
197.248000	0.199204
197.312000	0.199204
197.376000	0.199204
197.440000	0.199204
197.504000	0.199204
197.568000	0.199204
197.632000	0.199204
197.696000	0.199204
197.760000	0.199204
197.824000	0.199204
197.888000	0.199204
197.952000	0.199204
198.016000	0.199204
198.080000	0.199204
198.144000	0.199204
198.208000	0.199204
198.272000	0.199204
198.336000	0.199204
198.400000	0.199204
198.464000	0.199204
198.528000	0.199204
198.592000	0.199204
198.656000	0.199204
198.720000	0.199204
198.784000	0.191565
198.848000	0.191565
198.912000	0.191565
198.976000	0.191565
199.040000	0.191565
199.104000	0.191565
199.168000	0.191565
199.232000	0.191565
199.296000	0.191565
199.360000	0.191565
199.424000	0.191565
199.488000	0.191565
199.552000	0.191565
199.616000	0.191565
199.680000	0.191565
199.744000	0.191565
199.808000	0.191565
199.872000	0.191565
199.936000	0.191565
200.000000	0.191565
200.064000	0.191565
200.128000	0.191565
200.192000	0.191565
200.256000	0.191565
200.320000	0.191565
200.384000	0.191565
200.448000	0.191565
200.512000	0.191565
200.576000	0.191565
200.640000	0.191565
200.704000	0.191565
200.768000	0.191565
200.832000	0.191565
200.896000	0.191565
200.960000	0.191565
201.024000	0.191565
201.088000	0.191565
201.152000	0.191565
201.216000	0.191565
201.280000	0.191565
201.344000	0.191565
201.408000	0.191565
201.472000	0.191565
201.536000	0.191565
201.600000	0.191565
201.664000	0.186614
201.728000	0.186614
201.792000	0.186614
201.856000	0.186614
201.920000	0.186614
201.984000	0.186614
202.048000	0.186614
202.112000	0.186614
202.176000	0.186614
202.240000	0.186614
202.304000	0.186614
202.368000	0.186614
202.432000	0.186614
202.496000	0.186614
202.560000	0.158142
202.624000	0.158142
202.688000	0.158142
202.752000	0.158142
202.816000	0.158142
202.880000	0.158142
202.944000	0.158142
203.008000	0.158142
203.072000	0.158142
203.136000	0.158142
203.200000	0.158142
203.264000	0.158142
203.328000	0.158142
203.392000	0.158142
203.456000	0.158142
203.520000	0.158142
203.584000	0.158142
203.648000	0.158142
203.712000	0.158142
203.776000	0.158142
203.840000	0.158142
203.904000	0.158142
203.968000	0.158142
204.032000	0.158142
204.096000	0.158142
204.160000	0.158142
204.224000	0.158142
204.288000	0.158142
204.352000	0.158142
204.416000	0.158142
204.480000	0.158142
204.544000	0.158142
204.608000	0.158142
204.672000	0.158142
204.736000	0.158142
204.800000	0.158142
204.864000	0.158142
204.928000	0.158142
204.992000	0.158142
205.056000	0.158142
205.120000	0.158142
205.184000	0.158142
205.248000	0.158142
205.312000	0.158142
205.376000	0.158142
205.440000	0.158142
205.504000	0.158142
205.568000	0.158142
205.632000	0.158142
205.696000	0.158142
205.760000	0.158142
205.824000	0.158142
205.888000	0.158142
205.952000	0.158142
206.016000	0.158142
206.080000	0.158142
206.144000	0.158142
206.208000	0.158142
206.272000	0.158142
206.336000	0.158142
206.400000	0.158142
206.464000	0.158142
206.528000	0.158142
206.592000	0.158142
206.656000	0.158142
206.720000	0.158142
206.784000	0.158142
206.848000	0.158142
206.912000	0.158142
206.976000	0.158142
207.040000	0.158142
207.104000	0.158142
207.168000	0.158142
207.232000	0.158142
207.296000	0.158142
207.360000	0.158142
207.424000	0.158142
207.488000	0.158142
207.552000	0.158142
207.616000	0.158142
207.680000	0.158142
207.744000	0.158142
207.808000	0.158142
207.872000	0.158142
207.936000	0.158142
208.000000	0.158142
208.064000	0.158142
208.128000	0.158142
208.192000	0.158142
208.256000	0.158142
208.320000	0.158142
208.384000	0.158142
208.448000	0.158142
208.512000	0.158142
208.576000	0.158142
208.640000	0.158142
208.704000	0.158142
208.768000	0.158142
208.832000	0.158142
208.896000	0.158142
208.960000	0.171773
209.024000	0.171773
209.088000	0.171773
209.152000	0.180558
209.216000	0.180558
209.280000	0.180558
209.344000	0.180558
209.408000	0.180558
209.472000	0.180558
209.536000	0.180558
209.600000	0.180558
209.664000	0.180558
209.728000	0.180558
209.792000	0.180558
209.856000	0.180558
209.920000	0.180558
209.984000	0.180558
210.048000	0.180558
210.112000	0.180558
210.176000	0.180558
210.240000	0.180558
210.304000	0.180558
210.368000	0.180558
210.432000	0.180558
210.496000	0.180558
210.560000	0.180558
210.624000	0.180558
210.688000	0.180558
210.752000	0.180558
210.816000	0.180558
210.880000	0.180558
210.944000	0.180558
211.008000	0.157047
211.072000	0.157047
211.136000	0.157047
211.200000	0.157047
211.264000	0.157047
211.328000	0.155720
211.392000	0.155720
211.456000	0.155720
211.520000	0.155720
211.584000	0.155720
211.648000	0.155720
211.712000	0.155720
211.776000	0.155720
211.840000	0.155720
211.904000	0.155720
211.968000	0.155720
212.032000	0.155720
212.096000	0.155720
212.160000	0.155720
212.224000	0.155720
212.288000	0.155720
212.352000	0.155720
212.416000	0.155720
212.480000	0.155720
212.544000	0.155720
212.608000	0.155720
212.672000	0.155720
212.736000	0.155720
212.800000	0.155720
212.864000	0.155720
212.928000	0.155720
212.992000	0.155720
213.056000	0.155720
213.120000	0.155720
213.184000	0.155720
213.248000	0.155720
213.312000	0.155720
213.376000	0.155720
213.440000	0.155720
213.504000	0.155720
213.568000	0.155720
213.632000	0.155720
213.696000	0.155720
213.760000	0.155720
213.824000	0.155720
213.888000	0.155720
213.952000	0.155720
214.016000	0.155720
214.080000	0.155720
214.144000	0.100726
214.208000	0.100726
214.272000	0.100726
214.336000	0.100726
214.400000	0.100726
214.464000	0.100726
214.528000	0.100726
214.592000	0.100726
214.656000	0.100726
214.720000	0.100726
214.784000	0.100726
214.848000	0.100726
214.912000	0.100726
214.976000	0.100726
215.040000	0.100726
215.104000	0.100726
215.168000	0.100726
215.232000	0.100726
215.296000	0.100726
215.360000	0.100726
215.424000	0.100726
215.488000	0.100726
215.552000	0.100726
215.616000	0.100726
215.680000	0.100726
215.744000	0.100726
215.808000	0.100726
215.872000	0.100726
215.936000	0.100726
216.000000	0.100726
216.064000	0.100726
216.128000	0.100726
216.192000	0.100726
216.256000	0.100726
216.320000	0.100726
216.384000	0.100726
216.448000	0.100726
216.512000	0.100726
216.576000	0.100726
216.640000	0.100726
216.704000	0.100726
216.768000	0.100726
216.832000	0.100726
216.896000	0.100726
216.960000	0.100726
217.024000	0.100726
217.088000	0.100726
217.152000	0.100726
217.216000	0.100726
217.280000	0.100726
217.344000	0.100726
217.408000	0.100726
217.472000	0.100726
217.536000	0.100726
217.600000	0.100726
217.664000	0.100726
217.728000	0.100726
217.792000	0.100726
217.856000	0.100726
217.920000	0.100726
217.984000	0.100726
218.048000	0.100726
218.112000	0.100726
218.176000	0.100726
218.240000	0.100726
218.304000	0.100726
218.368000	0.100726
218.432000	0.100726
218.496000	0.100726
218.560000	0.100726
218.624000	0.100726
218.688000	0.100726
218.752000	0.100726
218.816000	0.100726
218.880000	0.100726
218.944000	0.100726
219.008000	0.100726
219.072000	0.100726
219.136000	0.100726
219.200000	0.100726
219.264000	0.100726
219.328000	0.100726
219.392000	0.100726
219.456000	0.100726
219.520000	0.100726
219.584000	0.100726
219.648000	0.100726
219.712000	0.100726
219.776000	0.100726
219.840000	0.100726
219.904000	0.100726
219.968000	0.100726
220.032000	0.100726
220.096000	0.100726
220.160000	0.100726
220.224000	0.100726
220.288000	0.100726
220.352000	0.100726
220.416000	0.100726
220.480000	0.100726
220.544000	0.108637
220.608000	0.140381
220.672000	0.140381
220.736000	0.140381
220.800000	0.140381
220.864000	0.140381
220.928000	0.140381
220.992000	0.140381
221.056000	0.140381
221.120000	0.140381
221.184000	0.140381
221.248000	0.140381
221.312000	0.140381
221.376000	0.140381
221.440000	0.140381
221.504000	0.140381
221.568000	0.140381
221.632000	0.140381
221.696000	0.140381
221.760000	0.140381
221.824000	0.140381
221.888000	0.140381
221.952000	0.140381
222.016000	0.140381
222.080000	0.140381
222.144000	0.140381
222.208000	0.140381
222.272000	0.140381
222.336000	0.140381
222.400000	0.140381
222.464000	0.140381
222.528000	0.140381
222.592000	0.140381
222.656000	0.140381
222.720000	0.140381
222.784000	0.140381
222.848000	0.140381
222.912000	0.140381
222.976000	0.140381
223.040000	0.140381
223.104000	0.140381
223.168000	0.140381
223.232000	0.140381
223.296000	0.140381
223.360000	0.140381
223.424000	0.140381
223.488000	0.140381
223.552000	0.140381
223.616000	0.140381
223.680000	0.140381
223.744000	0.140381
223.808000	0.140381
223.872000	0.140381
223.936000	0.140381
224.000000	0.140381
224.064000	0.140381
224.128000	0.161280
224.192000	0.161280
224.256000	0.161280
224.320000	0.161280
224.384000	0.161280
224.448000	0.161280
224.512000	0.161280
224.576000	0.161280
224.640000	0.161280
224.704000	0.161280
224.768000	0.161280
224.832000	0.161280
224.896000	0.161280
224.960000	0.161280
225.024000	0.161280
225.088000	0.161280
225.152000	0.161280
225.216000	0.161280
225.280000	0.161280
225.344000	0.161280
225.408000	0.161280
225.472000	0.161280
225.536000	0.161280
225.600000	0.161280
225.664000	0.161280
225.728000	0.161280
225.792000	0.161280
225.856000	0.161280
225.920000	0.161280
225.984000	0.161280
226.048000	0.161280
226.112000	0.161280
226.176000	0.161280
226.240000	0.161280
226.304000	0.161280
226.368000	0.161280
226.432000	0.161280
226.496000	0.161280
226.560000	0.161280
226.624000	0.161280
226.688000	0.161280
226.752000	0.161280
226.816000	0.161280
226.880000	0.161280
226.944000	0.161280
227.008000	0.161280
227.072000	0.161280
227.136000	0.161280
227.200000	0.161280
227.264000	0.276655
227.328000	0.276655
227.392000	0.276655
227.456000	0.331204
227.520000	0.331204
227.584000	0.331204
227.648000	0.331204
227.712000	0.331204
227.776000	0.331204
227.840000	0.331204
227.904000	0.331204
227.968000	0.331204
228.032000	0.255190
228.096000	0.255190
228.160000	0.255190
228.224000	0.255190
228.288000	0.255190
228.352000	0.255190
228.416000	0.255190
228.480000	0.255190
228.544000	0.255190
228.608000	0.255190
228.672000	0.255190
228.736000	0.255190
228.800000	0.255190
228.864000	0.255190
228.928000	0.255190
228.992000	0.168007
229.056000	0.168007
229.120000	0.168007
229.184000	0.168007
229.248000	0.168007
229.312000	0.168007
229.376000	0.168007
229.440000	0.168007
229.504000	0.168007
229.568000	0.168007
229.632000	0.168007
229.696000	0.168007
229.760000	0.168007
229.824000	0.168007
229.888000	0.168007
229.952000	0.168007
230.016000	0.168007
230.080000	0.168007
230.144000	0.168007
230.208000	0.168007
230.272000	0.168007
230.336000	0.168007
230.400000	0.168007
230.464000	0.168007
230.528000	0.168007
230.592000	0.168007
230.656000	0.168007
230.720000	0.168007
230.784000	0.168007
230.848000	0.168007
230.912000	0.168007
230.976000	0.168007
231.040000	0.168007
231.104000	0.168007
231.168000	0.168007
231.232000	0.168007
231.296000	0.168007
231.360000	0.168007
231.424000	0.168007
231.488000	0.168007
231.552000	0.168007
231.616000	0.168007
231.680000	0.168007
231.744000	0.168007
231.808000	0.168007
231.872000	0.168007
231.936000	0.168007
232.000000	0.168007
232.064000	0.168007
232.128000	0.168007
232.192000	0.168007
232.256000	0.168007
232.320000	0.168007
232.384000	0.168007
232.448000	0.168007
232.512000	0.168007
232.576000	0.168007
232.640000	0.168007
232.704000	0.168007
232.768000	0.168007
232.832000	0.168007
232.896000	0.168007
232.960000	0.168007
233.024000	0.168007
233.088000	0.168007
233.152000	0.168007
233.216000	0.168007
233.280000	0.168007
233.344000	0.168007
233.408000	0.168007
233.472000	0.168007
233.536000	0.168007
233.600000	0.168007
233.664000	0.168007
233.728000	0.168007
233.792000	0.168007
233.856000	0.168007
233.920000	0.168007
233.984000	0.168007
234.048000	0.168007
234.112000	0.168007
234.176000	0.168007
234.240000	0.168007
234.304000	0.168007
234.368000	0.168007
234.432000	0.168007
234.496000	0.168007
234.560000	0.168007
234.624000	0.168007
234.688000	0.168007
234.752000	0.168007
234.816000	0.168007
234.880000	0.168007
234.944000	0.168007
235.008000	0.168007
235.072000	0.168007
235.136000	0.168007
235.200000	0.168007
235.264000	0.168007
235.328000	0.168007
235.392000	0.204092
235.456000	0.204092
235.520000	0.204092
235.584000	0.204092
235.648000	0.204092
235.712000	0.204092
235.776000	0.204092
235.840000	0.204092
235.904000	0.204092
235.968000	0.204092
236.032000	0.204092
236.096000	0.204092
236.160000	0.204092
236.224000	0.204092
236.288000	0.204092
236.352000	0.204092
236.416000	0.204092
236.480000	0.204092
236.544000	0.204092
236.608000	0.204092
236.672000	0.204092
236.736000	0.204092
236.800000	0.204092
236.864000	0.204092
236.928000	0.204092
236.992000	0.204092
237.056000	0.204092
237.120000	0.204092
237.184000	0.204092
237.248000	0.204092
237.312000	0.204092
237.376000	0.204092
237.440000	0.204092
237.504000	0.204092
237.568000	0.204092
237.632000	0.204092
237.696000	0.204092
237.760000	0.204092
237.824000	0.204092
237.888000	0.204092
237.952000	0.204092
238.016000	0.204092
238.080000	0.204092
238.144000	0.204092
238.208000	0.204092
238.272000	0.204092
238.336000	0.204092
238.400000	0.204092
238.464000	0.204092
238.528000	0.204092
238.592000	0.204092
238.656000	0.204092
238.720000	0.204092
238.784000	0.204092
238.848000	0.204092
238.912000	0.204092
238.976000	0.204092
239.040000	0.204092
239.104000	0.204092
239.168000	0.328607
239.232000	0.353310
239.296000	0.353310
239.360000	0.353310
239.424000	0.262794
239.488000	0.262794
239.552000	0.262794
239.616000	0.262794
239.680000	0.262794
239.744000	0.262794
239.808000	0.262794
239.872000	0.262794
239.936000	0.262794
240.000000	0.262794
240.064000	0.262794
240.128000	0.262794
240.192000	0.262794
240.256000	0.262794
240.320000	0.262794
240.384000	0.262794
240.448000	0.262794
240.512000	0.262794
240.576000	0.262794
240.640000	0.262794
240.704000	0.262794
240.768000	0.262794
240.832000	0.262794
240.896000	0.262794
240.960000	0.262794
241.024000	0.262794
241.088000	0.262794
241.152000	0.262794
241.216000	0.262794
241.280000	0.262794
241.344000	0.262794
241.408000	0.262794
241.472000	0.262794
241.536000	0.262794
241.600000	0.262794
241.664000	0.262794
241.728000	0.262794
241.792000	0.262794
241.856000	0.262794
241.920000	0.262794
241.984000	0.262794
242.048000	0.262794
242.112000	0.262794
242.176000	0.262794
242.240000	0.262794
242.304000	0.262794
242.368000	0.262794
242.432000	0.262794
242.496000	0.262794
242.560000	0.262794
242.624000	0.262794
242.688000	0.262794
242.752000	0.262794
242.816000	0.262794
242.880000	0.262794
242.944000	0.262794
243.008000	0.262794
243.072000	0.262794
243.136000	0.262794
243.200000	0.262794
243.264000	0.262794
243.328000	0.262794
243.392000	0.262794
243.456000	0.262794
243.520000	0.262794
243.584000	0.262794
243.648000	0.262794
243.712000	0.262794
243.776000	0.262794
243.840000	0.262794
243.904000	0.262794
243.968000	0.262794
244.032000	0.262794
244.096000	0.238442
244.160000	0.124630
244.224000	0.124630
244.288000	0.124630
244.352000	0.124630
244.416000	0.124630
244.480000	0.124630
244.544000	0.124630
244.608000	0.124630
244.672000	0.124630
244.736000	0.124630
244.800000	0.124630
244.864000	0.124630
244.928000	0.124630
244.992000	0.124630
245.056000	0.124630
245.120000	0.124630
245.184000	0.124630
245.248000	0.124630
245.312000	0.124630
245.376000	0.124630
245.440000	0.124630
245.504000	0.124630
245.568000	0.124630
245.632000	0.124630
245.696000	0.124630
245.760000	0.124630
245.824000	0.124630
245.888000	0.124630
245.952000	0.124630
246.016000	0.124630
246.080000	0.124630
246.144000	0.124630
246.208000	0.124630
246.272000	0.124630
246.336000	0.124630
246.400000	0.124630
246.464000	0.124630
246.528000	0.124630
246.592000	0.124630
246.656000	0.124630
246.720000	0.124630
246.784000	0.124630
246.848000	0.124630
246.912000	0.124630
246.976000	0.124630
247.040000	0.124630
247.104000	0.124630
247.168000	0.124630
247.232000	0.124630
247.296000	0.124630
247.360000	0.124630
247.424000	0.124630
247.488000	0.124630
247.552000	0.124630
247.616000	0.124630
247.680000	0.124630
247.744000	0.124630
247.808000	0.124630
247.872000	0.124630
247.936000	0.124630
248.000000	0.124630
248.064000	0.124630
248.128000	0.124630
248.192000	0.124630
248.256000	0.124630
248.320000	0.124630
248.384000	0.124630
248.448000	0.124630
248.512000	0.124630
248.576000	0.124630
248.640000	0.124630
248.704000	0.124630
248.768000	0.124630
248.832000	0.124630
248.896000	0.124630
248.960000	0.124630
249.024000	0.124630
249.088000	0.124630
249.152000	0.124630
249.216000	0.124630
249.280000	0.124630
249.344000	0.124630
249.408000	0.124630
249.472000	0.124630
249.536000	0.124630
249.600000	0.124630
249.664000	0.124630
249.728000	0.124630
249.792000	0.124630
249.856000	0.124630
249.920000	0.124630
249.984000	0.124630
250.048000	0.124630
250.112000	0.124630
250.176000	0.124630
250.240000	0.124630
250.304000	0.124630
250.368000	0.124630
250.432000	0.124630
250.496000	0.124630
250.560000	0.188609
250.624000	0.188609
250.688000	0.188609
250.752000	0.188609
250.816000	0.188609
250.880000	0.188609
250.944000	0.188609
251.008000	0.188609
251.072000	0.188609
251.136000	0.188609
251.200000	0.188609
251.264000	0.188609
251.328000	0.188609
251.392000	0.188609
251.456000	0.188609
251.520000	0.188609
251.584000	0.188609
251.648000	0.188609
251.712000	0.193452
251.776000	0.193452
251.840000	0.193452
251.904000	0.193452
251.968000	0.193452
252.032000	0.193452
252.096000	0.193452
252.160000	0.193452
252.224000	0.193452
252.288000	0.193452
252.352000	0.193452
252.416000	0.193452
252.480000	0.193452
252.544000	0.193452
252.608000	0.193452
252.672000	0.193452
252.736000	0.193452
252.800000	0.193452
252.864000	0.193452
252.928000	0.193452
252.992000	0.193452
253.056000	0.193452
253.120000	0.193452
253.184000	0.193452
253.248000	0.193452
253.312000	0.193452
253.376000	0.193452
253.440000	0.193452
253.504000	0.193452
253.568000	0.193452
253.632000	0.193452
253.696000	0.193452
253.760000	0.193452
253.824000	0.193452
253.888000	0.193452
253.952000	0.193452
254.016000	0.193452
254.080000	0.193452
254.144000	0.193452
254.208000	0.193452
254.272000	0.193452
254.336000	0.193452
254.400000	0.193452
254.464000	0.193452
254.528000	0.193452
254.592000	0.193452
254.656000	0.193452
254.720000	0.193452
254.784000	0.193452
254.848000	0.193452
254.912000	0.193452
254.976000	0.193452
255.040000	0.193452
255.104000	0.193452
255.168000	0.193452
255.232000	0.193452
255.296000	0.193452
255.360000	0.193452
255.424000	0.193452
255.488000	0.193452
255.552000	0.193452
255.616000	0.193452
255.680000	0.193452
255.744000	0.193452
255.808000	0.193452
255.872000	0.193452
255.936000	0.193452
256.000000	0.193452
256.064000	0.193452
256.128000	0.193452
256.192000	0.193452
256.256000	0.193452
256.320000	0.193452
256.384000	0.193452
256.448000	0.193452
256.512000	0.193452
256.576000	0.193452
256.640000	0.193452
256.704000	0.193452
256.768000	0.193452
256.832000	0.193452
256.896000	0.193452
256.960000	0.193452
257.024000	0.193452
257.088000	0.193452
257.152000	0.193452
257.216000	0.193452
257.280000	0.193452
257.344000	0.193452
257.408000	0.193452
257.472000	0.193452
257.536000	0.199699
257.600000	0.199699
257.664000	0.199699
257.728000	0.199699
257.792000	0.199699
257.856000	0.199699
257.920000	0.199699
257.984000	0.199699
258.048000	0.199699
258.112000	0.199699
258.176000	0.199699
258.240000	0.199699
258.304000	0.199699
258.368000	0.199699
258.432000	0.199699
258.496000	0.199699
258.560000	0.199699
258.624000	0.199699
258.688000	0.199699
258.752000	0.199699
258.816000	0.199699
258.880000	0.199699
258.944000	0.199699
259.008000	0.199699
259.072000	0.199699
259.136000	0.199699
259.200000	0.199699
259.264000	0.199699
259.328000	0.199699
259.392000	0.199699
259.456000	0.199699
259.520000	0.199699
259.584000	0.199699
259.648000	0.199699
259.712000	0.199699
259.776000	0.199699
259.840000	0.199699
259.904000	0.199699
259.968000	0.161100
260.032000	0.161100
260.096000	0.161100
260.160000	0.161100
260.224000	0.161100
260.288000	0.161100
260.352000	0.161100
260.416000	0.161100
260.480000	0.161100
260.544000	0.161100
260.608000	0.161100
260.672000	0.161100
260.736000	0.161100
260.800000	0.161100
260.864000	0.161100
260.928000	0.161100
260.992000	0.161100
261.056000	0.161100
261.120000	0.161100
261.184000	0.161100
261.248000	0.161100
261.312000	0.161100
261.376000	0.161100
261.440000	0.161100
261.504000	0.161100
261.568000	0.161100
261.632000	0.161100
261.696000	0.161100
261.760000	0.161100
261.824000	0.161100
261.888000	0.161100
261.952000	0.161100
262.016000	0.161100
262.080000	0.161100
262.144000	0.161100
262.208000	0.161100
262.272000	0.161100
262.336000	0.161100
262.400000	0.161100
262.464000	0.161100
262.528000	0.161100
262.592000	0.161100
262.656000	0.161100
262.720000	0.161100
262.784000	0.161100
262.848000	0.161100
262.912000	0.161100
262.976000	0.161100
263.040000	0.161100
263.104000	0.161100
263.168000	0.161100
263.232000	0.161100
263.296000	0.161100
263.360000	0.161100
263.424000	0.161100
263.488000	0.161100
263.552000	0.161100
263.616000	0.161100
263.680000	0.161100
263.744000	0.161100
263.808000	0.161100
263.872000	0.161100
263.936000	0.161100
264.000000	0.161100
264.064000	0.161100
264.128000	0.161100
264.192000	0.161100
264.256000	0.161100
264.320000	0.161100
264.384000	0.161100
264.448000	0.161100
264.512000	0.161100
264.576000	0.161100
264.640000	0.161100
264.704000	0.161100
264.768000	0.161100
264.832000	0.161100
264.896000	0.161100
264.960000	0.161100
265.024000	0.161100
265.088000	0.161100
265.152000	0.161100
265.216000	0.161100
265.280000	0.161100
265.344000	0.161100
265.408000	0.161100
265.472000	0.161100
265.536000	0.161100
265.600000	0.161100
265.664000	0.161100
265.728000	0.161100
265.792000	0.161100
265.856000	0.161100
265.920000	0.161100
265.984000	0.161100
266.048000	0.161100
266.112000	0.161100
266.176000	0.161100
266.240000	0.161100
266.304000	0.161100
266.368000	0.249779
266.432000	0.249779
266.496000	0.249779
266.560000	0.249779
266.624000	0.249779
266.688000	0.249779
266.752000	0.249779
266.816000	0.249779
266.880000	0.249779
266.944000	0.305450
267.008000	0.419051
267.072000	0.419051
267.136000	0.419051
267.200000	0.419051
267.264000	0.419051
267.328000	0.419051
267.392000	0.419051
267.456000	0.419051
267.520000	0.419051
267.584000	0.419051
267.648000	0.419051
267.712000	0.419051
267.776000	0.419051
267.840000	0.419051
267.904000	0.419051
267.968000	0.419051
268.032000	0.598091
268.096000	0.598091
268.160000	0.598091
268.224000	0.598091
268.288000	0.598091
268.352000	0.598091
268.416000	0.598091
268.480000	0.598091
268.544000	0.598091
268.608000	0.598091
268.672000	0.598091
268.736000	0.598091
268.800000	0.598091
268.864000	0.598091
268.928000	0.598091
268.992000	0.598091
269.056000	0.679376
269.120000	0.679376
269.184000	0.679376
269.248000	0.679376
269.312000	0.679376
269.376000	0.679376
269.440000	0.679376
269.504000	0.679376
269.568000	0.679376
269.632000	0.489230
269.696000	0.489230
269.760000	0.489230
269.824000	0.489230
269.888000	0.489230
269.952000	0.489230
270.016000	0.489230
270.080000	0.489230
270.144000	0.489230
270.208000	0.489230
270.272000	0.489230
270.336000	0.489230
270.400000	0.489230
270.464000	0.489230
270.528000	0.489230
270.592000	0.489230
270.656000	0.384448
270.720000	0.318517
270.784000	0.318517
270.848000	0.318517
270.912000	0.318517
270.976000	0.318517
271.040000	0.318517
271.104000	0.318517
271.168000	0.318517
271.232000	0.318517
271.296000	0.318517
271.360000	0.318517
271.424000	0.318517
271.488000	0.318517
271.552000	0.318517
271.616000	0.318517
271.680000	0.318517
271.744000	0.318517
271.808000	0.318517
271.872000	0.318517
271.936000	0.318517
272.000000	0.318517
272.064000	0.318517
272.128000	0.318517
272.192000	0.318517
272.256000	0.250494
272.320000	0.250494
272.384000	0.250494
272.448000	0.250494
272.512000	0.250494
272.576000	0.250494
272.640000	0.250494
272.704000	0.250494
272.768000	0.250494
272.832000	0.250494
272.896000	0.250494
272.960000	0.250494
273.024000	0.250494
273.088000	0.250494
273.152000	0.250494
273.216000	0.250494
273.280000	0.250494
273.344000	0.250494
273.408000	0.250494
273.472000	0.250494
273.536000	0.250494
273.600000	0.250494
273.664000	0.250494
273.728000	0.250494
273.792000	0.250494
273.856000	0.250494
273.920000	0.250494
273.984000	0.250494
274.048000	0.250494
274.112000	0.250494
274.176000	0.250494
274.240000	0.246956
274.304000	0.246956
274.368000	0.246956
274.432000	0.246956
274.496000	0.246956
274.560000	0.246956
274.624000	0.246956
274.688000	0.246956
274.752000	0.246956
274.816000	0.246956
274.880000	0.246956
274.944000	0.246956
275.008000	0.246956
275.072000	0.246956
275.136000	0.246956
275.200000	0.246956
275.264000	0.225191
275.328000	0.225191
275.392000	0.225191
275.456000	0.225191
275.520000	0.225191
275.584000	0.225191
275.648000	0.225191
275.712000	0.225191
275.776000	0.225191
275.840000	0.225191
275.904000	0.225191
275.968000	0.225191
276.032000	0.225191
276.096000	0.225191
276.160000	0.225191
276.224000	0.225191
276.288000	0.225191
276.352000	0.225191
276.416000	0.225191
276.480000	0.225191
276.544000	0.225191
276.608000	0.225191
276.672000	0.225191
276.736000	0.225191
276.800000	0.225191
276.864000	0.225191
276.928000	0.225191
276.992000	0.225191
277.056000	0.225191
277.120000	0.225191
277.184000	0.225191
277.248000	0.225191
277.312000	0.225191
277.376000	0.225191
277.440000	0.225191
277.504000	0.225191
277.568000	0.225191
277.632000	0.225191
277.696000	0.225191
277.760000	0.225191
277.824000	0.225191
277.888000	0.225191
277.952000	0.225191
278.016000	0.225191
278.080000	0.225191
278.144000	0.225191
278.208000	0.225191
278.272000	0.225191
278.336000	0.225191
278.400000	0.225191
278.464000	0.225191
278.528000	0.225191
278.592000	0.225191
278.656000	0.225191
278.720000	0.225191
278.784000	0.225191
278.848000	0.225191
278.912000	0.225191
278.976000	0.225191
279.040000	0.225191
279.104000	0.225191
279.168000	0.225191
279.232000	0.225191
279.296000	0.225191
279.360000	0.225191
279.424000	0.225191
279.488000	0.225191
279.552000	0.225191
279.616000	0.225191
279.680000	0.225191
279.744000	0.225191
279.808000	0.225191
279.872000	0.225191
279.936000	0.225191
280.000000	0.225191
280.064000	0.225191
280.128000	0.225191
280.192000	0.225191
280.256000	0.225191
280.320000	0.225191
280.384000	0.225191
280.448000	0.225191
280.512000	0.225191
280.576000	0.225191
280.640000	0.225191
280.704000	0.225191
280.768000	0.225191
280.832000	0.225191
280.896000	0.225191
280.960000	0.225191
281.024000	0.225191
281.088000	0.225191
281.152000	0.225191
281.216000	0.225191
281.280000	0.225191
281.344000	0.225191
281.408000	0.225191
281.472000	0.225191
281.536000	0.225191
281.600000	0.225191
281.664000	0.233600
281.728000	0.233600
281.792000	0.223680
281.856000	0.223680
281.920000	0.223680
281.984000	0.223680
282.048000	0.223680
282.112000	0.223680
282.176000	0.223680
282.240000	0.223680
282.304000	0.223680
282.368000	0.223680
282.432000	0.223680
282.496000	0.223680
282.560000	0.223680
282.624000	0.223680
282.688000	0.223680
282.752000	0.223680
282.816000	0.223680
282.880000	0.223680
282.944000	0.223680
283.008000	0.223680
283.072000	0.223680
283.136000	0.223680
283.200000	0.223680
283.264000	0.223680
283.328000	0.223680
283.392000	0.223680
283.456000	0.223680
283.520000	0.223680
283.584000	0.223680
283.648000	0.223680
283.712000	0.223680
283.776000	0.223680
283.840000	0.223680
283.904000	0.223680
283.968000	0.223680
284.032000	0.223680
284.096000	0.223680
284.160000	0.223680
284.224000	0.223680
284.288000	0.223680
284.352000	0.223680
284.416000	0.223680
284.480000	0.223680
284.544000	0.223680
284.608000	0.223680
284.672000	0.223680
284.736000	0.223680
284.800000	0.223680
284.864000	0.223680
284.928000	0.223680
284.992000	0.223680
285.056000	0.223680
285.120000	0.223680
285.184000	0.223680
285.248000	0.223680
285.312000	0.223680
285.376000	0.223680
285.440000	0.223680
285.504000	0.223680
285.568000	0.223680
285.632000	0.223680
285.696000	0.223680
285.760000	0.223680
285.824000	0.223680
285.888000	0.223680
285.952000	0.223680
286.016000	0.223680
286.080000	0.223680
286.144000	0.200622
286.208000	0.200622
286.272000	0.200622
286.336000	0.200622
286.400000	0.200622
286.464000	0.200622
286.528000	0.200622
286.592000	0.200622
286.656000	0.200622
286.720000	0.200622
286.784000	0.200622
286.848000	0.200622
286.912000	0.200622
286.976000	0.200622
287.040000	0.200622
287.104000	0.200622
287.168000	0.200622
287.232000	0.200622
287.296000	0.200622
287.360000	0.200622
287.424000	0.200622
287.488000	0.200622
287.552000	0.200622
287.616000	0.200622
287.680000	0.200622
287.744000	0.200622
287.808000	0.200622
287.872000	0.200622
287.936000	0.200622
288.000000	0.200622
288.064000	0.200622
288.128000	0.200622
288.192000	0.200622
288.256000	0.153680
288.320000	0.153680
288.384000	0.153680
288.448000	0.153680
288.512000	0.153680
288.576000	0.153680
288.640000	0.153680
288.704000	0.153680
288.768000	0.153680
288.832000	0.153680
288.896000	0.153680
288.960000	0.153680
289.024000	0.153680
289.088000	0.153680
289.152000	0.153680
289.216000	0.153680
289.280000	0.153680
289.344000	0.153680
289.408000	0.153680
289.472000	0.153680
289.536000	0.153680
289.600000	0.153680
289.664000	0.153680
289.728000	0.153680
289.792000	0.153680
289.856000	0.153680
289.920000	0.153680
289.984000	0.117657
290.048000	0.117657
290.112000	0.117657
290.176000	0.117657
290.240000	0.117657
290.304000	0.117657
290.368000	0.117657
290.432000	0.117657
290.496000	0.117657
290.560000	0.117657
290.624000	0.117657
290.688000	0.117657
290.752000	0.117657
290.816000	0.117657
290.880000	0.117657
290.944000	0.117657
291.008000	0.117657
291.072000	0.117657
291.136000	0.117657
291.200000	0.117657
291.264000	0.117657
291.328000	0.117657
291.392000	0.117657
291.456000	0.117657
291.520000	0.117657
291.584000	0.117657
291.648000	0.117657
291.712000	0.117657
291.776000	0.117657
291.840000	0.117657
291.904000	0.117657
291.968000	0.117657
292.032000	0.117657
292.096000	0.117657
292.160000	0.117657
292.224000	0.117657
292.288000	0.117657
292.352000	0.117657
292.416000	0.117657
292.480000	0.117657
292.544000	0.117657
292.608000	0.117657
292.672000	0.117657
292.736000	0.117657
292.800000	0.117657
292.864000	0.117657
292.928000	0.117657
292.992000	0.117657
293.056000	0.117657
293.120000	0.117657
293.184000	0.117657
293.248000	0.117657
293.312000	0.117657
293.376000	0.117657
293.440000	0.117657
293.504000	0.117657
293.568000	0.117657
293.632000	0.117657
293.696000	0.117657
293.760000	0.117657
293.824000	0.117657
293.888000	0.117657
293.952000	0.117657
294.016000	0.117657
294.080000	0.117657
294.144000	0.117657
294.208000	0.117657
294.272000	0.117657
294.336000	0.117657
294.400000	0.117657
294.464000	0.117657
294.528000	0.117657
294.592000	0.117657
294.656000	0.117657
294.720000	0.117657
294.784000	0.117657
294.848000	0.117657
294.912000	0.117657
294.976000	0.117657
295.040000	0.117657
295.104000	0.117657
295.168000	0.117657
295.232000	0.117657
295.296000	0.117657
295.360000	0.117657
295.424000	0.117657
295.488000	0.117657
295.552000	0.117657
295.616000	0.117657
295.680000	0.117657
295.744000	0.117657
295.808000	0.117657
295.872000	0.117657
295.936000	0.117657
296.000000	0.117657
296.064000	0.117657
296.128000	0.117657
296.192000	0.117657
296.256000	0.117657
296.320000	0.117657
296.384000	0.215583
296.448000	0.215583
296.512000	0.215583
296.576000	0.215583
296.640000	0.258275
296.704000	0.258275
296.768000	0.258275
296.832000	0.258275
296.896000	0.258275
296.960000	0.258275
297.024000	0.258275
297.088000	0.258275
297.152000	0.258275
297.216000	0.258275
297.280000	0.258275
297.344000	0.258275
297.408000	0.258275
297.472000	0.258275
297.536000	0.258275
297.600000	0.258275
297.664000	0.258275
297.728000	0.258275
297.792000	0.258275
297.856000	0.246292
297.920000	0.233565
297.984000	0.233565
298.048000	0.233565
298.112000	0.233565
298.176000	0.233565
298.240000	0.205082
298.304000	0.205082
298.368000	0.205082
298.432000	0.190472
298.496000	0.000008
298.560000	0.000008
298.624000	0.000008
298.688000	0.000008
298.752000	0.000008
298.816000	0.000008
298.880000	0.000008
298.944000	0.000008
299.008000	0.000008
299.072000	0.000008
299.136000	0.000008
299.200000	0.000007
299.264000	0.000007
299.328000	0.000000
299.392000	0.000000
299.456000	0.000000
299.520000	0.000000
299.584000	0.000000
299.648000	0.000000
299.712000	0.000000
299.776000	0.000000
299.840000	0.000000
299.904000	0.000000
299.968000	0.000000
300.032000	0.000000
300.096000	0.000000
300.160000	0.000000
300.224000	0.000000
300.288000	0.000000
300.352000	0.000000
300.416000	0.000000
300.480000	0.000000
300.544000	0.000000
300.608000	0.000000
300.672000	0.000000
300.736000	0.000000
300.800000	0.000000
300.864000	0.000000
300.928000	0.000000
300.992000	0.000000
301.056000	0.000000
301.120000	0.000000
301.184000	0.000000
301.248000	0.000000
301.312000	0.000000
301.376000	0.000000
301.440000	0.000000
301.504000	0.000000
301.568000	0.000000
301.632000	0.000000
301.696000	0.000000
301.760000	0.000000
301.824000	0.000000
301.888000	0.000000
301.952000	0.000000
302.016000	0.000000
302.080000	0.000000
302.144000	0.000000
302.208000	0.000000
302.272000	0.000000
302.336000	0.000000
302.400000	0.000000
302.464000	0.000000
