0.064000	0.000000
0.128000	0.000000
0.192000	0.000000
0.256000	0.000000
0.320000	0.000000
0.384000	0.000000
0.448000	0.000000
0.512000	0.000000
0.576000	0.000000
0.640000	0.000000
0.704000	0.000000
0.768000	0.000000
0.832000	0.000000
0.896000	0.000000
0.960000	0.000000
1.024000	0.000000
1.088000	0.000000
1.152000	0.000000
1.216000	0.000000
1.280000	0.000000
1.344000	0.000000
1.408000	0.000000
1.472000	0.000000
1.536000	0.000000
1.600000	0.000000
1.664000	0.000000
1.728000	0.000000
1.792000	0.000000
1.856000	0.000000
1.920000	0.000000
1.984000	0.000000
2.048000	0.000000
2.112000	0.000000
2.176000	0.000000
2.240000	0.000000
2.304000	0.000000
2.368000	0.000000
2.432000	0.000000
2.496000	0.000000
2.560000	0.000000
2.624000	0.000000
2.688000	0.000000
2.752000	0.000000
2.816000	0.000000
2.880000	0.000000
2.944000	0.000000
3.008000	0.000000
3.072000	0.000000
3.136000	0.000000
3.200000	0.000000
3.264000	0.412900
3.328000	0.412900
3.392000	0.412900
3.456000	0.412900
3.520000	0.412900
3.584000	0.412900
3.648000	0.412900
3.712000	0.412900
3.776000	0.412900
3.840000	0.412900
3.904000	0.412900
3.968000	0.412900
4.032000	0.412900
4.096000	0.412900
4.160000	0.412900
4.224000	0.412900
4.288000	0.412900
4.352000	0.412900
4.416000	0.412900
4.480000	0.412900
4.544000	0.412900
4.608000	0.412900
4.672000	0.412900
4.736000	0.412900
4.800000	0.576217
4.864000	0.576217
4.928000	0.576217
4.992000	0.576217
5.056000	0.576217
5.120000	0.450235
5.184000	0.341265
5.248000	0.341265
5.312000	0.341265
5.376000	0.341265
5.440000	0.341265
5.504000	0.341265
5.568000	0.341265
5.632000	0.341265
5.696000	0.341265
5.760000	0.341265
5.824000	0.341265
5.888000	0.341265
5.952000	0.341265
6.016000	0.341265
6.080000	0.208232
6.144000	0.208232
6.208000	0.208232
6.272000	0.208232
6.336000	0.208232
6.400000	0.208232
6.464000	0.208232
6.528000	0.208232
6.592000	0.208232
6.656000	0.208232
6.720000	0.208232
6.784000	0.208232
6.848000	0.208232
6.912000	0.208232
6.976000	0.208232
7.040000	0.208232
7.104000	0.208232
7.168000	0.208232
7.232000	0.208232
7.296000	0.208232
7.360000	0.208232
7.424000	0.208232
7.488000	0.208232
7.552000	0.208232
7.616000	0.208232
7.680000	0.208232
7.744000	0.208232
7.808000	0.208232
7.872000	0.208232
7.936000	0.208232
8.000000	0.208232
8.064000	0.208232
8.128000	0.208232
8.192000	0.208232
8.256000	0.208232
8.320000	0.208232
8.384000	0.208232
8.448000	0.208232
8.512000	0.208232
8.576000	0.208232
8.640000	0.208232
8.704000	0.208232
8.768000	0.208232
8.832000	0.208232
8.896000	0.208232
8.960000	0.208232
9.024000	0.208232
9.088000	0.208232
9.152000	0.208232
9.216000	0.208232
9.280000	0.208232
9.344000	0.208232
9.408000	0.208232
9.472000	0.208232
9.536000	0.208232
9.600000	0.184824
9.664000	0.184824
9.728000	0.184824
9.792000	0.184824
9.856000	0.184824
9.920000	0.184824
9.984000	0.184824
10.048000	0.184824
10.112000	0.184824
10.176000	0.184824
10.240000	0.184824
10.304000	0.184824
10.368000	0.184824
10.432000	0.184824
10.496000	0.184824
10.560000	0.184824
10.624000	0.184824
10.688000	0.184824
10.752000	0.184824
10.816000	0.184824
10.880000	0.184824
10.944000	0.184824
11.008000	0.184824
11.072000	0.184824
11.136000	0.184824
11.200000	0.184824
11.264000	0.184824
11.328000	0.184824
11.392000	0.184824
11.456000	0.184824
11.520000	0.184824
11.584000	0.184824
11.648000	0.184824
11.712000	0.184824
11.776000	0.184824
11.840000	0.184824
11.904000	0.184824
11.968000	0.184824
12.032000	0.184824
12.096000	0.184824
12.160000	0.184824
12.224000	0.184824
12.288000	0.184824
12.352000	0.184824
12.416000	0.184824
12.480000	0.184824
12.544000	0.184824
12.608000	0.184824
12.672000	0.184824
12.736000	0.184824
12.800000	0.184824
12.864000	0.184824
12.928000	0.184824
12.992000	0.184824
13.056000	0.184824
13.120000	0.184824
13.184000	0.184824
13.248000	0.184824
13.312000	0.184824
13.376000	0.184824
13.440000	0.184824
13.504000	0.184824
13.568000	0.184824
13.632000	0.184824
13.696000	0.184824
13.760000	0.184824
13.824000	0.184824
13.888000	0.184824
13.952000	0.184824
14.016000	0.184824
14.080000	0.184824
14.144000	0.184824
14.208000	0.184824
14.272000	0.184824
14.336000	0.184824
14.400000	0.184824
14.464000	0.184824
14.528000	0.184824
14.592000	0.184824
14.656000	0.184824
14.720000	0.184824
14.784000	0.184824
14.848000	0.184824
14.912000	0.184824
14.976000	0.184824
15.040000	0.184824
15.104000	0.184824
15.168000	0.184824
15.232000	0.184824
15.296000	0.184824
15.360000	0.184824
15.424000	0.184824
15.488000	0.184824
15.552000	0.184824
15.616000	0.184824
15.680000	0.184824
15.744000	0.184824
15.808000	0.184824
15.872000	0.184824
15.936000	0.184824
16.000000	0.185105
16.064000	0.185105
16.128000	0.185105
16.192000	0.185105
16.256000	0.185105
16.320000	0.185105
16.384000	0.185105
16.448000	0.185105
16.512000	0.185105
16.576000	0.185105
16.640000	0.185105
16.704000	0.185105
16.768000	0.185105
16.832000	0.185105
16.896000	0.185105
16.960000	0.185105
17.024000	0.185105
17.088000	0.185105
17.152000	0.185105
17.216000	0.185105
17.280000	0.185105
17.344000	0.185105
17.408000	0.185105
17.472000	0.226582
17.536000	0.226582
17.600000	0.226582
17.664000	0.226582
17.728000	0.226582
17.792000	0.226582
17.856000	0.219878
17.920000	0.174825
17.984000	0.174825
18.048000	0.174825
18.112000	0.174825
18.176000	0.174825
18.240000	0.174825
18.304000	0.174825
18.368000	0.174825
18.432000	0.174825
18.496000	0.174825
18.560000	0.174825
18.624000	0.174825
18.688000	0.174825
18.752000	0.174825
18.816000	0.174825
18.880000	0.174825
18.944000	0.174825
19.008000	0.174825
19.072000	0.174825
19.136000	0.174825
19.200000	0.174825
19.264000	0.174825
19.328000	0.174825
19.392000	0.174825
19.456000	0.174825
19.520000	0.174825
19.584000	0.174825
19.648000	0.174825
19.712000	0.174825
19.776000	0.174825
19.840000	0.174825
19.904000	0.174825
19.968000	0.174825
20.032000	0.174825
20.096000	0.174825
20.160000	0.174825
20.224000	0.174825
20.288000	0.174825
20.352000	0.174825
20.416000	0.174825
20.480000	0.174825
20.544000	0.174825
20.608000	0.174825
20.672000	0.174825
20.736000	0.174825
20.800000	0.174825
20.864000	0.174825
20.928000	0.174825
20.992000	0.174825
21.056000	0.174825
21.120000	0.174825
21.184000	0.174825
21.248000	0.174825
21.312000	0.174825
21.376000	0.174825
21.440000	0.174825
21.504000	0.174825
21.568000	0.174825
21.632000	0.174825
21.696000	0.174825
21.760000	0.174825
21.824000	0.174825
21.888000	0.174825
21.952000	0.174825
22.016000	0.174825
22.080000	0.174825
22.144000	0.174825
22.208000	0.174825
22.272000	0.174825
22.336000	0.174825
22.400000	0.174825
22.464000	0.174825
22.528000	0.174825
22.592000	0.174825
22.656000	0.174825
22.720000	0.174825
22.784000	0.174825
22.848000	0.174825
22.912000	0.174825
22.976000	0.174825
23.040000	0.174825
23.104000	0.174825
23.168000	0.174825
23.232000	0.174825
23.296000	0.174825
23.360000	0.174825
23.424000	0.174825
23.488000	0.174825
23.552000	0.174825
23.616000	0.174825
23.680000	0.174825
23.744000	0.174825
23.808000	0.174825
23.872000	0.174825
23.936000	0.174825
24.000000	0.174825
24.064000	0.174825
24.128000	0.174825
24.192000	0.174825
24.256000	0.174825
24.320000	0.184710
24.384000	0.184710
24.448000	0.184710
24.512000	0.184710
24.576000	0.184710
24.640000	0.184710
24.704000	0.184710
24.768000	0.184710
24.832000	0.184710
24.896000	0.184710
24.960000	0.184710
25.024000	0.184710
25.088000	0.184710
25.152000	0.184710
25.216000	0.184710
25.280000	0.184710
25.344000	0.184710
25.408000	0.184710
25.472000	0.184710
25.536000	0.184710
25.600000	0.184710
25.664000	0.184710
25.728000	0.184710
25.792000	0.184710
25.856000	0.184710
25.920000	0.184710
25.984000	0.184710
26.048000	0.184710
26.112000	0.184710
26.176000	0.184710
26.240000	0.184710
26.304000	0.184710
26.368000	0.184710
26.432000	0.184710
26.496000	0.184710
26.560000	0.184710
26.624000	0.184710
26.688000	0.184710
26.752000	0.184710
26.816000	0.184710
26.880000	0.184710
26.944000	0.184710
27.008000	0.211662
27.072000	0.211662
27.136000	0.211662
27.200000	0.211662
27.264000	0.211662
27.328000	0.211662
27.392000	0.211662
27.456000	0.211662
27.520000	0.211662
27.584000	0.211662
27.648000	0.211662
27.712000	0.211662
27.776000	0.211662
27.840000	0.211662
27.904000	0.211662
27.968000	0.211662
28.032000	0.211662
28.096000	0.211662
28.160000	0.211662
28.224000	0.211662
28.288000	0.211662
28.352000	0.211662
28.416000	0.211662
28.480000	0.211662
28.544000	0.211662
28.608000	0.211662
28.672000	0.211662
28.736000	0.211662
28.800000	0.211662
28.864000	0.211662
28.928000	0.211662
28.992000	0.211662
29.056000	0.211662
29.120000	0.211662
29.184000	0.211662
29.248000	0.211662
29.312000	0.211662
29.376000	0.211662
29.440000	0.211662
29.504000	0.211662
29.568000	0.211662
29.632000	0.211662
29.696000	0.211662
29.760000	0.211662
29.824000	0.211662
29.888000	0.211662
29.952000	0.211662
30.016000	0.211662
30.080000	0.211662
30.144000	0.211662
30.208000	0.211662
30.272000	0.211662
30.336000	0.288530
30.400000	0.288530
30.464000	0.288530
30.528000	0.288530
30.592000	0.288530
30.656000	0.288530
30.720000	0.288530
30.784000	0.288530
30.848000	0.288530
30.912000	0.288530
30.976000	0.288530
31.040000	0.288530
31.104000	0.288530
31.168000	0.288530
31.232000	0.288530
31.296000	0.288530
31.360000	0.288530
31.424000	0.288530
31.488000	0.288530
31.552000	0.288530
31.616000	0.288530
31.680000	0.288530
31.744000	0.288530
31.808000	0.288530
31.872000	0.288530
31.936000	0.288530
32.000000	0.288530
32.064000	0.288530
32.128000	0.288530
32.192000	0.288530
32.256000	0.288530
32.320000	0.288530
32.384000	0.288530
32.448000	0.288530
32.512000	0.288530
32.576000	0.288530
32.640000	0.288530
32.704000	0.288530
32.768000	0.288530
32.832000	0.288530
32.896000	0.288530
32.960000	0.288530
33.024000	0.288530
33.088000	0.288530
33.152000	0.288530
33.216000	0.288530
33.280000	0.288530
33.344000	0.288530
33.408000	0.288530
33.472000	0.288530
33.536000	0.288530
33.600000	0.288530
33.664000	0.288530
33.728000	0.272275
33.792000	0.272275
33.856000	0.272275
33.920000	0.272275
33.984000	0.272275
34.048000	0.272275
34.112000	0.272275
34.176000	0.272275
34.240000	0.272275
34.304000	0.272275
34.368000	0.272275
34.432000	0.272275
34.496000	0.272275
34.560000	0.272275
34.624000	0.272275
34.688000	0.272275
34.752000	0.272275
34.816000	0.272275
34.880000	0.272275
34.944000	0.272275
35.008000	0.272275
35.072000	0.272275
35.136000	0.272275
35.200000	0.272275
35.264000	0.272275
35.328000	0.272275
35.392000	0.272275
35.456000	0.272275
35.520000	0.272275
35.584000	0.272275
35.648000	0.272275
35.712000	0.272275
35.776000	0.272275
35.840000	0.272275
35.904000	0.272275
35.968000	0.272275
36.032000	0.272275
36.096000	0.225585
36.160000	0.225585
36.224000	0.225585
36.288000	0.225585
36.352000	0.225585
36.416000	0.225585
36.480000	0.225585
36.544000	0.225585
36.608000	0.225585
36.672000	0.225585
36.736000	0.225585
36.800000	0.225585
36.864000	0.225585
36.928000	0.225585
36.992000	0.225585
37.056000	0.225585
37.120000	0.225585
37.184000	0.225585
37.248000	0.225585
37.312000	0.225585
37.376000	0.225585
37.440000	0.225585
37.504000	0.225585
37.568000	0.225585
37.632000	0.225585
37.696000	0.225585
37.760000	0.225585
37.824000	0.225585
37.888000	0.225585
37.952000	0.225585
38.016000	0.225585
38.080000	0.225585
38.144000	0.225585
38.208000	0.225585
38.272000	0.225585
38.336000	0.225585
38.400000	0.225585
38.464000	0.225585
38.528000	0.225585
38.592000	0.225585
38.656000	0.225585
38.720000	0.225585
38.784000	0.225585
38.848000	0.225585
38.912000	0.225585
38.976000	0.225585
39.040000	0.225585
39.104000	0.225585
39.168000	0.225585
39.232000	0.225585
39.296000	0.225585
39.360000	0.225585
39.424000	0.225585
39.488000	0.225585
39.552000	0.225585
39.616000	0.225585
39.680000	0.225585
39.744000	0.225585
39.808000	0.225585
39.872000	0.225585
39.936000	0.225585
40.000000	0.225585
40.064000	0.225585
40.128000	0.225585
40.192000	0.225585
40.256000	0.225585
40.320000	0.225585
40.384000	0.225585
40.448000	0.225585
40.512000	0.225585
40.576000	0.225585
40.640000	0.225585
40.704000	0.225585
40.768000	0.225585
40.832000	0.225585
40.896000	0.225585
40.960000	0.225585
41.024000	0.225585
41.088000	0.225585
41.152000	0.225585
41.216000	0.225585
41.280000	0.208152
41.344000	0.208152
41.408000	0.208152
41.472000	0.208152
41.536000	0.208152
41.600000	0.208152
41.664000	0.208152
41.728000	0.208152
41.792000	0.208152
41.856000	0.208152
41.920000	0.208152
41.984000	0.208152
42.048000	0.208152
42.112000	0.208152
42.176000	0.208152
42.240000	0.208152
42.304000	0.208152
42.368000	0.208152
42.432000	0.208152
42.496000	0.208152
42.560000	0.208152
42.624000	0.208152
42.688000	0.208152
42.752000	0.208152
42.816000	0.208152
42.880000	0.208152
42.944000	0.208152
43.008000	0.208152
43.072000	0.208152
43.136000	0.208152
43.200000	0.208152
43.264000	0.208152
43.328000	0.208152
43.392000	0.208152
43.456000	0.208152
43.520000	0.208152
43.584000	0.208152
43.648000	0.208152
43.712000	0.208152
43.776000	0.208152
43.840000	0.208152
43.904000	0.208152
43.968000	0.208152
44.032000	0.208152
44.096000	0.208152
44.160000	0.208152
44.224000	0.208152
44.288000	0.208152
44.352000	0.208152
44.416000	0.208152
44.480000	0.208152
44.544000	0.208152
44.608000	0.208152
44.672000	0.208152
44.736000	0.208152
44.800000	0.208152
44.864000	0.208152
44.928000	0.208152
44.992000	0.208152
45.056000	0.208152
45.120000	0.173607
45.184000	0.173607
45.248000	0.173607
45.312000	0.173607
45.376000	0.135097
45.440000	0.135097
45.504000	0.135097
45.568000	0.135097
45.632000	0.135097
45.696000	0.135097
45.760000	0.135097
45.824000	0.135097
45.888000	0.135097
45.952000	0.135097
46.016000	0.135097
46.080000	0.135097
46.144000	0.135097
46.208000	0.135097
46.272000	0.135097
46.336000	0.135097
46.400000	0.135097
46.464000	0.135097
46.528000	0.135097
46.592000	0.135097
46.656000	0.135097
46.720000	0.135097
46.784000	0.135097
46.848000	0.135097
46.912000	0.135097
46.976000	0.135097
47.040000	0.135097
47.104000	0.135097
47.168000	0.135097
47.232000	0.135097
47.296000	0.135097
47.360000	0.135097
47.424000	0.135097
47.488000	0.135097
47.552000	0.135097
47.616000	0.135097
47.680000	0.135097
47.744000	0.135097
47.808000	0.135097
47.872000	0.135097
47.936000	0.135097
48.000000	0.135097
48.064000	0.135097
48.128000	0.135097
48.192000	0.135097
48.256000	0.135097
48.320000	0.135097
48.384000	0.135097
48.448000	0.135097
48.512000	0.135097
48.576000	0.135097
48.640000	0.135097
48.704000	0.135097
48.768000	0.135097
48.832000	0.135097
48.896000	0.135097
48.960000	0.135097
49.024000	0.135097
49.088000	0.135097
49.152000	0.135097
49.216000	0.135097
49.280000	0.135097
49.344000	0.135097
49.408000	0.135097
49.472000	0.135097
49.536000	0.135097
49.600000	0.135097
49.664000	0.135097
49.728000	0.135097
49.792000	0.135097
49.856000	0.135097
49.920000	0.135097
49.984000	0.135097
50.048000	0.135097
50.112000	0.135097
50.176000	0.135097
50.240000	0.135097
50.304000	0.135097
50.368000	0.135097
50.432000	0.135097
50.496000	0.135097
50.560000	0.135097
50.624000	0.135097
50.688000	0.135097
50.752000	0.135097
50.816000	0.135097
50.880000	0.135097
50.944000	0.135097
51.008000	0.135097
51.072000	0.135097
51.136000	0.135097
51.200000	0.135097
51.264000	0.135097
51.328000	0.135097
51.392000	0.135097
51.456000	0.135097
51.520000	0.135097
51.584000	0.135097
51.648000	0.135097
51.712000	0.135097
51.776000	0.139609
51.840000	0.139609
51.904000	0.139609
51.968000	0.139609
52.032000	0.139609
52.096000	0.139609
52.160000	0.139609
52.224000	0.139609
52.288000	0.139609
52.352000	0.139609
52.416000	0.139609
52.480000	0.139609
52.544000	0.139609
52.608000	0.139609
52.672000	0.139609
52.736000	0.139609
52.800000	0.139609
52.864000	0.139609
52.928000	0.139609
52.992000	0.139609
53.056000	0.139609
53.120000	0.139609
53.184000	0.139609
53.248000	0.139609
53.312000	0.139609
53.376000	0.139609
53.440000	0.231959
53.504000	0.278967
53.568000	0.278967
53.632000	0.278967
53.696000	0.278967
53.760000	0.278967
53.824000	0.278967
53.888000	0.278967
53.952000	0.278967
54.016000	0.278967
54.080000	0.278967
54.144000	0.278967
54.208000	0.278967
54.272000	0.278967
54.336000	0.278967
54.400000	0.278967
54.464000	0.278967
54.528000	0.278967
54.592000	0.278967
54.656000	0.309463
54.720000	0.309463
54.784000	0.309463
54.848000	0.309463
54.912000	0.309463
54.976000	0.309463
55.040000	0.309463
55.104000	0.328301
55.168000	0.328301
55.232000	0.280221
55.296000	0.243462
55.360000	0.243462
55.424000	0.243462
55.488000	0.243462
55.552000	0.231634
55.616000	0.231634
55.680000	0.231634
55.744000	0.231634
55.808000	0.231634
55.872000	0.231634
55.936000	0.231634
56.000000	0.231634
56.064000	0.231634
56.128000	0.231634
56.192000	0.203744
56.256000	0.203744
56.320000	0.203744
56.384000	0.203744
56.448000	0.203744
56.512000	0.203744
56.576000	0.203744
56.640000	0.203744
56.704000	0.203744
56.768000	0.203744
56.832000	0.203744
56.896000	0.203744
56.960000	0.203744
57.024000	0.203744
57.088000	0.203744
57.152000	0.203744
57.216000	0.203744
57.280000	0.203744
57.344000	0.203744
57.408000	0.203744
57.472000	0.203744
57.536000	0.203744
57.600000	0.203744
57.664000	0.203744
57.728000	0.203744
57.792000	0.203744
57.856000	0.203744
57.920000	0.203744
57.984000	0.203744
58.048000	0.203744
58.112000	0.203744
58.176000	0.203744
58.240000	0.203744
58.304000	0.203744
58.368000	0.203744
58.432000	0.203744
58.496000	0.203744
58.560000	0.203744
58.624000	0.203744
58.688000	0.203744
58.752000	0.203744
58.816000	0.203744
58.880000	0.203744
58.944000	0.203744
59.008000	0.203744
59.072000	0.203744
59.136000	0.203744
59.200000	0.203744
59.264000	0.203744
59.328000	0.203744
59.392000	0.203744
59.456000	0.203744
59.520000	0.203744
59.584000	0.203744
59.648000	0.203744
59.712000	0.203744
59.776000	0.203744
59.840000	0.203744
59.904000	0.203744
59.968000	0.203744
60.032000	0.203744
60.096000	0.203744
60.160000	0.203744
60.224000	0.203744
60.288000	0.203744
60.352000	0.203744
60.416000	0.203744
60.480000	0.203744
60.544000	0.203744
60.608000	0.203744
60.672000	0.203744
60.736000	0.203744
60.800000	0.203744
60.864000	0.203744
60.928000	0.203744
60.992000	0.203744
61.056000	0.203744
61.120000	0.203744
61.184000	0.203744
61.248000	0.203744
61.312000	0.203744
61.376000	0.203744
61.440000	0.203744
61.504000	0.203744
61.568000	0.203744
61.632000	0.203744
61.696000	0.203744
61.760000	0.203744
61.824000	0.203744
61.888000	0.203744
61.952000	0.203744
62.016000	0.203744
62.080000	0.203744
62.144000	0.203744
62.208000	0.203744
62.272000	0.203744
62.336000	0.203744
62.400000	0.203744
62.464000	0.203744
62.528000	0.203744
62.592000	0.268868
62.656000	0.268868
62.720000	0.268868
62.784000	0.268868
62.848000	0.268868
62.912000	0.268868
62.976000	0.268868
63.040000	0.268868
63.104000	0.268868
63.168000	0.268868
63.232000	0.268868
63.296000	0.268868
63.360000	0.268868
63.424000	0.268868
63.488000	0.268868
63.552000	0.268868
63.616000	0.268868
63.680000	0.268868
63.744000	0.268868
63.808000	0.268868
63.872000	0.281676
63.936000	0.281676
64.000000	0.281676
64.064000	0.281676
64.128000	0.281676
64.192000	0.281676
64.256000	0.281676
64.320000	0.281676
64.384000	0.281676
64.448000	0.281676
64.512000	0.281676
64.576000	0.281676
64.640000	0.281676
64.704000	0.281676
64.768000	0.281676
64.832000	0.281676
64.896000	0.281676
64.960000	0.281676
65.024000	0.281676
65.088000	0.281676
65.152000	0.281676
65.216000	0.281676
65.280000	0.281676
65.344000	0.281676
65.408000	0.281676
65.472000	0.281676
65.536000	0.281676
65.600000	0.281676
65.664000	0.281676
65.728000	0.281676
65.792000	0.281676
65.856000	0.281676
65.920000	0.281676
65.984000	0.281676
66.048000	0.281676
66.112000	0.281676
66.176000	0.281676
66.240000	0.281676
66.304000	0.281676
66.368000	0.281676
66.432000	0.281676
66.496000	0.281676
66.560000	0.281676
66.624000	0.281676
66.688000	0.281676
66.752000	0.281676
66.816000	0.293094
66.880000	0.293094
66.944000	0.293094
67.008000	0.293094
67.072000	0.293094
67.136000	0.293094
67.200000	0.293094
67.264000	0.293094
67.328000	0.293094
67.392000	0.293094
67.456000	0.293094
67.520000	0.293094
67.584000	0.293094
67.648000	0.293094
67.712000	0.293094
67.776000	0.293094
67.840000	0.293094
67.904000	0.293094
67.968000	0.293094
68.032000	0.293094
68.096000	0.293094
68.160000	0.293094
68.224000	0.293094
68.288000	0.293094
68.352000	0.293094
68.416000	0.293094
68.480000	0.293094
68.544000	0.293094
68.608000	0.293094
68.672000	0.293094
68.736000	0.293094
68.800000	0.293094
68.864000	0.293094
68.928000	0.293094
68.992000	0.293094
69.056000	0.293094
69.120000	0.293094
69.184000	0.293094
69.248000	0.293094
69.312000	0.293094
69.376000	0.293094
69.440000	0.293094
69.504000	0.293094
69.568000	0.293094
69.632000	0.293094
69.696000	0.293094
69.760000	0.293094
69.824000	0.293094
69.888000	0.293094
69.952000	0.293094
70.016000	0.293094
70.080000	0.293094
70.144000	0.293094
70.208000	0.293094
70.272000	0.293094
70.336000	0.293094
70.400000	0.293094
70.464000	0.293094
70.528000	0.293094
70.592000	0.293094
70.656000	0.293094
70.720000	0.293094
70.784000	0.293094
70.848000	0.293094
70.912000	0.293094
70.976000	0.293094
71.040000	0.293094
71.104000	0.293094
71.168000	0.293094
71.232000	0.293094
71.296000	0.293094
71.360000	0.293094
71.424000	0.293094
71.488000	0.293094
71.552000	0.293094
71.616000	0.293094
71.680000	0.293094
71.744000	0.293094
71.808000	0.293094
71.872000	0.293094
71.936000	0.293094
72.000000	0.293094
72.064000	0.301687
72.128000	0.301687
72.192000	0.301687
72.256000	0.301687
72.320000	0.301687
72.384000	0.301687
72.448000	0.301687
72.512000	0.301687
72.576000	0.301687
72.640000	0.301687
72.704000	0.301687
72.768000	0.301687
72.832000	0.301687
72.896000	0.301687
72.960000	0.301687
73.024000	0.301687
73.088000	0.301687
73.152000	0.301687
73.216000	0.301687
73.280000	0.301687
73.344000	0.301687
73.408000	0.301687
73.472000	0.301687
73.536000	0.301687
73.600000	0.301687
73.664000	0.301687
73.728000	0.301687
73.792000	0.301687
73.856000	0.301687
73.920000	0.301687
73.984000	0.301687
74.048000	0.301687
74.112000	0.301687
74.176000	0.301687
74.240000	0.301687
74.304000	0.301687
74.368000	0.301687
74.432000	0.301687
74.496000	0.301687
74.560000	0.301687
74.624000	0.301687
74.688000	0.301687
74.752000	0.301687
74.816000	0.301687
74.880000	0.301687
74.944000	0.301687
75.008000	0.301687
75.072000	0.301687
75.136000	0.301687
75.200000	0.301687
75.264000	0.301687
75.328000	0.301687
75.392000	0.301687
75.456000	0.301687
75.520000	0.301687
75.584000	0.301687
75.648000	0.301687
75.712000	0.301687
75.776000	0.301687
75.840000	0.301687
75.904000	0.301687
75.968000	0.301687
76.032000	0.301687
76.096000	0.301687
76.160000	0.301687
76.224000	0.301687
76.288000	0.301687
76.352000	0.301687
76.416000	0.301687
76.480000	0.301687
76.544000	0.314257
76.608000	0.314257
76.672000	0.314257
76.736000	0.314257
76.800000	0.314257
76.864000	0.314257
76.928000	0.314257
76.992000	0.314257
77.056000	0.314257
77.120000	0.314257
77.184000	0.314257
77.248000	0.314257
77.312000	0.314257
77.376000	0.314257
77.440000	0.314257
77.504000	0.314257
77.568000	0.314257
77.632000	0.314257
77.696000	0.314257
77.760000	0.314257
77.824000	0.314257
77.888000	0.314257
77.952000	0.314257
78.016000	0.314257
78.080000	0.314257
78.144000	0.314257
78.208000	0.323090
78.272000	0.328186
78.336000	0.328186
78.400000	0.328186
78.464000	0.328186
78.528000	0.328186
78.592000	0.328186
78.656000	0.328186
78.720000	0.328186
78.784000	0.328186
78.848000	0.328186
78.912000	0.328186
78.976000	0.328186
79.040000	0.328186
79.104000	0.328186
79.168000	0.328186
79.232000	0.328186
79.296000	0.328186
79.360000	0.328186
79.424000	0.328186
79.488000	0.328186
79.552000	0.328186
79.616000	0.328186
79.680000	0.328186
79.744000	0.328186
79.808000	0.328186
79.872000	0.328186
79.936000	0.328186
80.000000	0.328186
80.064000	0.328186
80.128000	0.328186
80.192000	0.328186
80.256000	0.328186
80.320000	0.328186
80.384000	0.328186
80.448000	0.328186
80.512000	0.328186
80.576000	0.328186
80.640000	0.328186
80.704000	0.328186
80.768000	0.328186
80.832000	0.169300
80.896000	0.169300
80.960000	0.169300
81.024000	0.169300
81.088000	0.169300
81.152000	0.169300
81.216000	0.169300
81.280000	0.169300
81.344000	0.169300
81.408000	0.169300
81.472000	0.169300
81.536000	0.169300
81.600000	0.169300
81.664000	0.169300
81.728000	0.169300
81.792000	0.169300
81.856000	0.169300
81.920000	0.169300
81.984000	0.169300
82.048000	0.169300
82.112000	0.169300
82.176000	0.169300
82.240000	0.169300
82.304000	0.169300
82.368000	0.169300
82.432000	0.169300
82.496000	0.169300
82.560000	0.169300
82.624000	0.169300
82.688000	0.169300
82.752000	0.169300
82.816000	0.169300
82.880000	0.169300
82.944000	0.169300
83.008000	0.169300
83.072000	0.169300
83.136000	0.169300
83.200000	0.169300
83.264000	0.169300
83.328000	0.169300
83.392000	0.169300
83.456000	0.169300
83.520000	0.169300
83.584000	0.169300
83.648000	0.169300
83.712000	0.169300
83.776000	0.169300
83.840000	0.169300
83.904000	0.169300
83.968000	0.169300
84.032000	0.169300
84.096000	0.169300
84.160000	0.169300
84.224000	0.169300
84.288000	0.169300
84.352000	0.169300
84.416000	0.169300
84.480000	0.169300
84.544000	0.169300
84.608000	0.169300
84.672000	0.169300
84.736000	0.169300
84.800000	0.169300
84.864000	0.169300
84.928000	0.169300
84.992000	0.169300
85.056000	0.169300
85.120000	0.169300
85.184000	0.169300
85.248000	0.169300
85.312000	0.169300
85.376000	0.169300
85.440000	0.169300
85.504000	0.169300
85.568000	0.169300
85.632000	0.169300
85.696000	0.169300
85.760000	0.169300
85.824000	0.169300
85.888000	0.169300
85.952000	0.169300
86.016000	0.169300
86.080000	0.169300
86.144000	0.169300
86.208000	0.169300
86.272000	0.169300
86.336000	0.169300
86.400000	0.169300
86.464000	0.169300
86.528000	0.169300
86.592000	0.169300
86.656000	0.169300
86.720000	0.169300
86.784000	0.169300
86.848000	0.169300
86.912000	0.169300
86.976000	0.169300
87.040000	0.169300
87.104000	0.169300
87.168000	0.169300
87.232000	0.244394
87.296000	0.316952
87.360000	0.426162
87.424000	0.426162
87.488000	0.426162
87.552000	0.426162
87.616000	0.426162
87.680000	0.426162
87.744000	0.426162
87.808000	0.426162
87.872000	0.426162
87.936000	0.426162
88.000000	0.426162
88.064000	0.426162
88.128000	0.426162
88.192000	0.426162
88.256000	0.390751
88.320000	0.390751
88.384000	0.390751
88.448000	0.390751
88.512000	0.390751
88.576000	0.390751
88.640000	0.390751
88.704000	0.390751
88.768000	0.390751
88.832000	0.390751
88.896000	0.390751
88.960000	0.390751
89.024000	0.390751
89.088000	0.390751
89.152000	0.390751
89.216000	0.390751
89.280000	0.390751
89.344000	0.390751
89.408000	0.390751
89.472000	0.390751
89.536000	0.390751
89.600000	0.390751
89.664000	0.390751
89.728000	0.373741
89.792000	0.373741
89.856000	0.373741
89.920000	0.339271
89.984000	0.339271
90.048000	0.339271
90.112000	0.339271
90.176000	0.339271
90.240000	0.339271
90.304000	0.339271
90.368000	0.339271
90.432000	0.339271
90.496000	0.339271
90.560000	0.339271
90.624000	0.339271
90.688000	0.339271
90.752000	0.339271
90.816000	0.339271
90.880000	0.339271
90.944000	0.339271
91.008000	0.339271
91.072000	0.339271
91.136000	0.339271
91.200000	0.339271
91.264000	0.339271
91.328000	0.339271
91.392000	0.339271
91.456000	0.339271
91.520000	0.339271
91.584000	0.339271
91.648000	0.339271
91.712000	0.339271
91.776000	0.339271
91.840000	0.339271
91.904000	0.339271
91.968000	0.339271
92.032000	0.339271
92.096000	0.339271
92.160000	0.339271
92.224000	0.339271
92.288000	0.339271
92.352000	0.339271
92.416000	0.339271
92.480000	0.339271
92.544000	0.339271
92.608000	0.339271
92.672000	0.339271
92.736000	0.339271
92.800000	0.339271
92.864000	0.339271
92.928000	0.339271
92.992000	0.339271
93.056000	0.339271
93.120000	0.339271
93.184000	0.339271
93.248000	0.339271
93.312000	0.339271
93.376000	0.339271
93.440000	0.339271
93.504000	0.339271
93.568000	0.339271
93.632000	0.297828
93.696000	0.297828
93.760000	0.297828
93.824000	0.297828
93.888000	0.297828
93.952000	0.297828
94.016000	0.297828
94.080000	0.297828
94.144000	0.297828
94.208000	0.297828
94.272000	0.297828
94.336000	0.297828
94.400000	0.297828
94.464000	0.297828
94.528000	0.297828
94.592000	0.297828
94.656000	0.297828
94.720000	0.297828
94.784000	0.297828
94.848000	0.297828
94.912000	0.297828
94.976000	0.297828
95.040000	0.297828
95.104000	0.297828
95.168000	0.297828
95.232000	0.297828
95.296000	0.297828
95.360000	0.297828
95.424000	0.297828
95.488000	0.297828
95.552000	0.297828
95.616000	0.297828
95.680000	0.297828
95.744000	0.297828
95.808000	0.297828
95.872000	0.297828
95.936000	0.297828
96.000000	0.297828
96.064000	0.297828
96.128000	0.297828
96.192000	0.297828
96.256000	0.297828
96.320000	0.297828
96.384000	0.297828
96.448000	0.297828
96.512000	0.297828
96.576000	0.297828
96.640000	0.297828
96.704000	0.297828
96.768000	0.297828
96.832000	0.297828
96.896000	0.297828
96.960000	0.297828
97.024000	0.297828
97.088000	0.297828
97.152000	0.297828
97.216000	0.297828
97.280000	0.297828
97.344000	0.297828
97.408000	0.297828
97.472000	0.297828
97.536000	0.297828
97.600000	0.297828
97.664000	0.297828
97.728000	0.297828
97.792000	0.297828
97.856000	0.297828
97.920000	0.297828
97.984000	0.297828
98.048000	0.297828
98.112000	0.297828
98.176000	0.297828
98.240000	0.297828
98.304000	0.186661
98.368000	0.186661
98.432000	0.186661
98.496000	0.186661
98.560000	0.186661
98.624000	0.186661
98.688000	0.186661
98.752000	0.186661
98.816000	0.186661
98.880000	0.186661
98.944000	0.186661
99.008000	0.186661
99.072000	0.186661
99.136000	0.186661
99.200000	0.186661
99.264000	0.186661
99.328000	0.186661
99.392000	0.186661
99.456000	0.186661
99.520000	0.186661
99.584000	0.186661
99.648000	0.186661
99.712000	0.186661
99.776000	0.186661
99.840000	0.186661
99.904000	0.186661
99.968000	0.186661
100.032000	0.186661
100.096000	0.186661
100.160000	0.186661
100.224000	0.186661
100.288000	0.186661
100.352000	0.186661
100.416000	0.186661
100.480000	0.186661
100.544000	0.186661
100.608000	0.186661
100.672000	0.186661
100.736000	0.186661
100.800000	0.186661
100.864000	0.186661
100.928000	0.186661
100.992000	0.186661
101.056000	0.186661
101.120000	0.186661
101.184000	0.186661
101.248000	0.186661
101.312000	0.186661
101.376000	0.186661
101.440000	0.186661
101.504000	0.186661
101.568000	0.186661
101.632000	0.186661
101.696000	0.186661
101.760000	0.186661
101.824000	0.186661
101.888000	0.186661
101.952000	0.186661
102.016000	0.186661
102.080000	0.186661
102.144000	0.186661
102.208000	0.186661
102.272000	0.186661
102.336000	0.186661
102.400000	0.186661
102.464000	0.186661
102.528000	0.186661
102.592000	0.186661
102.656000	0.186661
102.720000	0.186661
102.784000	0.186661
102.848000	0.186661
102.912000	0.186661
102.976000	0.186661
103.040000	0.186661
103.104000	0.186661
103.168000	0.186661
103.232000	0.186661
103.296000	0.186661
103.360000	0.186661
103.424000	0.186661
103.488000	0.186661
103.552000	0.186661
103.616000	0.186661
103.680000	0.186661
103.744000	0.186661
103.808000	0.186661
103.872000	0.186661
103.936000	0.186661
104.000000	0.186661
104.064000	0.186661
104.128000	0.186661
104.192000	0.186661
104.256000	0.186661
104.320000	0.186661
104.384000	0.186661
104.448000	0.186661
104.512000	0.186661
104.576000	0.186661
104.640000	0.186661
104.704000	0.285141
104.768000	0.353493
104.832000	0.353493
104.896000	0.353493
104.960000	0.353493
105.024000	0.353493
105.088000	0.353493
105.152000	0.353493
105.216000	0.353493
105.280000	0.353493
105.344000	0.353493
105.408000	0.353493
105.472000	0.353493
105.536000	0.353493
105.600000	0.353493
105.664000	0.353493
105.728000	0.353493
105.792000	0.353493
105.856000	0.353493
105.920000	0.353493
105.984000	0.353493
106.048000	0.353493
106.112000	0.353493
106.176000	0.353493
106.240000	0.353493
106.304000	0.353493
106.368000	0.353493
106.432000	0.353493
106.496000	0.353493
106.560000	0.353493
106.624000	0.353493
106.688000	0.353493
106.752000	0.353493
106.816000	0.353493
106.880000	0.353493
106.944000	0.353493
107.008000	0.353493
107.072000	0.353493
107.136000	0.353493
107.200000	0.353493
107.264000	0.353493
107.328000	0.353493
107.392000	0.353493
107.456000	0.353493
107.520000	0.353493
107.584000	0.353493
107.648000	0.353493
107.712000	0.353493
107.776000	0.332242
107.840000	0.332242
107.904000	0.332242
107.968000	0.332242
108.032000	0.332242
108.096000	0.332242
108.160000	0.332242
108.224000	0.332242
108.288000	0.332242
108.352000	0.332242
108.416000	0.332242
108.480000	0.332242
108.544000	0.332242
108.608000	0.332242
108.672000	0.332242
108.736000	0.332242
108.800000	0.332242
108.864000	0.332242
108.928000	0.332242
108.992000	0.332242
109.056000	0.332242
109.120000	0.332242
109.184000	0.332242
109.248000	0.332242
109.312000	0.332242
109.376000	0.332242
109.440000	0.332242
109.504000	0.332242
109.568000	0.332242
109.632000	0.332242
109.696000	0.332242
109.760000	0.332242
109.824000	0.332242
109.888000	0.332242
109.952000	0.332242
110.016000	0.332242
110.080000	0.332242
110.144000	0.332242
110.208000	0.332242
110.272000	0.332242
110.336000	0.332242
110.400000	0.332242
110.464000	0.332242
110.528000	0.332242
110.592000	0.332242
110.656000	0.332242
110.720000	0.332242
110.784000	0.332242
110.848000	0.332242
110.912000	0.332242
110.976000	0.332242
111.040000	0.332242
111.104000	0.332242
111.168000	0.332242
111.232000	0.332242
111.296000	0.332242
111.360000	0.332242
111.424000	0.332242
111.488000	0.332242
111.552000	0.332242
111.616000	0.332242
111.680000	0.332242
111.744000	0.332242
111.808000	0.332242
111.872000	0.332242
111.936000	0.332242
112.000000	0.332242
112.064000	0.332242
112.128000	0.332242
112.192000	0.332242
112.256000	0.332242
112.320000	0.332242
112.384000	0.332242
112.448000	0.332242
112.512000	0.332242
112.576000	0.332242
112.640000	0.332242
112.704000	0.332242
112.768000	0.332242
112.832000	0.332242
112.896000	0.332242
112.960000	0.332242
113.024000	0.332242
113.088000	0.332242
113.152000	0.332242
113.216000	0.332242
113.280000	0.332242
113.344000	0.332242
113.408000	0.332242
113.472000	0.332242
113.536000	0.332242
113.600000	0.332242
113.664000	0.332242
113.728000	0.332242
113.792000	0.332242
113.856000	0.332242
113.920000	0.260638
113.984000	0.260638
114.048000	0.260638
114.112000	0.260638
114.176000	0.260638
114.240000	0.260638
114.304000	0.260638
114.368000	0.260638
114.432000	0.260638
114.496000	0.260638
114.560000	0.260638
114.624000	0.260638
114.688000	0.260638
114.752000	0.260638
114.816000	0.260638
114.880000	0.260638
114.944000	0.260638
115.008000	0.260638
115.072000	0.260638
115.136000	0.260638
115.200000	0.260638
115.264000	0.260638
115.328000	0.260638
115.392000	0.260638
115.456000	0.260638
115.520000	0.260638
115.584000	0.260638
115.648000	0.260638
115.712000	0.260638
115.776000	0.260638
115.840000	0.260638
115.904000	0.260638
115.968000	0.260638
116.032000	0.260638
116.096000	0.260638
116.160000	0.260638
116.224000	0.260638
116.288000	0.260638
116.352000	0.260638
116.416000	0.260638
116.480000	0.260638
116.544000	0.260638
116.608000	0.260638
116.672000	0.260638
116.736000	0.260638
116.800000	0.260638
116.864000	0.260638
116.928000	0.260638
116.992000	0.260638
117.056000	0.260638
117.120000	0.260638
117.184000	0.260638
117.248000	0.260638
117.312000	0.260638
117.376000	0.260638
117.440000	0.260638
117.504000	0.260638
117.568000	0.260638
117.632000	0.260638
117.696000	0.260638
117.760000	0.260638
117.824000	0.260638
117.888000	0.260638
117.952000	0.260638
118.016000	0.260638
118.080000	0.260638
118.144000	0.260638
118.208000	0.260638
118.272000	0.260638
118.336000	0.260638
118.400000	0.260638
118.464000	0.260638
118.528000	0.260638
118.592000	0.260638
118.656000	0.260638
118.720000	0.260638
118.784000	0.260638
118.848000	0.260638
118.912000	0.260638
118.976000	0.260638
119.040000	0.260638
119.104000	0.260638
119.168000	0.260638
119.232000	0.260638
119.296000	0.260638
119.360000	0.260638
119.424000	0.260638
119.488000	0.260638
119.552000	0.260638
119.616000	0.260638
119.680000	0.260638
119.744000	0.260638
119.808000	0.260638
119.872000	0.260638
119.936000	0.260638
120.000000	0.260638
120.064000	0.260638
120.128000	0.260638
120.192000	0.260638
120.256000	0.260638
120.320000	0.333877
120.384000	0.333877
120.448000	0.333877
120.512000	0.333877
120.576000	0.333877
120.640000	0.333877
120.704000	0.333877
120.768000	0.333877
120.832000	0.333877
120.896000	0.333877
120.960000	0.333877
121.024000	0.333877
121.088000	0.333877
121.152000	0.333877
121.216000	0.333877
121.280000	0.333877
121.344000	0.333877
121.408000	0.333877
121.472000	0.333877
121.536000	0.333877
121.600000	0.376529
121.664000	0.376529
121.728000	0.376529
121.792000	0.376529
121.856000	0.376529
121.920000	0.376529
121.984000	0.376529
122.048000	0.376529
122.112000	0.376529
122.176000	0.376529
122.240000	0.376529
122.304000	0.376529
122.368000	0.376529
122.432000	0.320591
122.496000	0.320591
122.560000	0.320591
122.624000	0.320591
122.688000	0.320591
122.752000	0.320591
122.816000	0.320591
122.880000	0.320591
122.944000	0.320591
123.008000	0.320591
123.072000	0.320591
123.136000	0.320591
123.200000	0.320591
123.264000	0.320591
123.328000	0.320591
123.392000	0.320591
123.456000	0.320591
123.520000	0.320591
123.584000	0.320591
123.648000	0.320591
123.712000	0.320591
123.776000	0.320591
123.840000	0.320591
123.904000	0.320591
123.968000	0.320591
124.032000	0.320591
124.096000	0.320591
124.160000	0.320591
124.224000	0.320591
124.288000	0.320591
124.352000	0.320591
124.416000	0.320591
124.480000	0.320591
124.544000	0.320591
124.608000	0.320591
124.672000	0.320591
124.736000	0.320591
124.800000	0.320591
124.864000	0.320591
124.928000	0.320591
124.992000	0.320591
125.056000	0.320591
125.120000	0.320591
125.184000	0.320591
125.248000	0.320591
125.312000	0.320591
125.376000	0.320591
125.440000	0.320591
125.504000	0.320591
125.568000	0.320591
125.632000	0.320591
125.696000	0.320591
125.760000	0.320591
125.824000	0.320591
125.888000	0.320591
125.952000	0.320591
126.016000	0.320591
126.080000	0.320591
126.144000	0.320591
126.208000	0.320591
126.272000	0.320591
126.336000	0.320591
126.400000	0.320591
126.464000	0.320591
126.528000	0.320591
126.592000	0.320591
126.656000	0.320591
126.720000	0.320591
126.784000	0.320591
126.848000	0.320591
126.912000	0.320591
126.976000	0.320591
127.040000	0.320591
127.104000	0.320591
127.168000	0.320591
127.232000	0.320591
127.296000	0.320591
127.360000	0.320591
127.424000	0.320591
127.488000	0.320591
127.552000	0.320591
127.616000	0.320591
127.680000	0.320591
127.744000	0.320591
127.808000	0.320591
127.872000	0.320591
127.936000	0.320591
128.000000	0.320591
128.064000	0.320591
128.128000	0.320591
128.192000	0.320591
128.256000	0.320591
128.320000	0.320591
128.384000	0.320591
128.448000	0.320591
128.512000	0.320591
128.576000	0.320591
128.640000	0.320591
128.704000	0.320591
128.768000	0.320591
128.832000	0.440009
128.896000	0.463005
128.960000	0.463005
129.024000	0.463005
129.088000	0.463005
129.152000	0.463005
129.216000	0.463005
129.280000	0.463005
129.344000	0.463005
129.408000	0.463005
129.472000	0.463005
129.536000	0.463005
129.600000	0.463005
129.664000	0.463005
129.728000	0.463005
129.792000	0.463005
129.856000	0.463005
129.920000	0.463005
129.984000	0.463005
130.048000	0.463005
130.112000	0.463005
130.176000	0.463005
130.240000	0.463005
130.304000	0.463005
130.368000	0.463005
130.432000	0.463005
130.496000	0.463005
130.560000	0.463005
130.624000	0.463005
130.688000	0.463005
130.752000	0.463005
130.816000	0.463005
130.880000	0.463005
130.944000	0.463005
131.008000	0.463005
131.072000	0.463005
131.136000	0.463005
131.200000	0.463005
131.264000	0.463005
131.328000	0.463005
131.392000	0.463005
131.456000	0.463005
131.520000	0.463005
131.584000	0.463005
131.648000	0.463005
131.712000	0.463005
131.776000	0.463005
131.840000	0.463005
131.904000	0.463005
131.968000	0.463005
132.032000	0.463005
132.096000	0.463005
132.160000	0.463005
132.224000	0.463005
132.288000	0.463005
132.352000	0.463005
132.416000	0.463005
132.480000	0.463005
132.544000	0.463005
132.608000	0.463005
132.672000	0.463005
132.736000	0.463005
132.800000	0.463005
132.864000	0.463005
132.928000	0.463005
132.992000	0.501541
133.056000	0.501541
133.120000	0.501541
133.184000	0.501541
133.248000	0.501541
133.312000	0.501541
133.376000	0.501541
133.440000	0.501541
133.504000	0.501541
133.568000	0.501541
133.632000	0.501541
133.696000	0.501541
133.760000	0.501541
133.824000	0.501541
133.888000	0.501541
133.952000	0.501541
134.016000	0.501541
134.080000	0.501541
134.144000	0.501541
134.208000	0.501541
134.272000	0.501541
134.336000	0.501541
134.400000	0.501541
134.464000	0.501541
134.528000	0.501541
134.592000	0.501541
134.656000	0.501541
134.720000	0.501541
134.784000	0.501541
134.848000	0.501541
134.912000	0.501541
134.976000	0.501541
135.040000	0.501541
135.104000	0.501541
135.168000	0.501541
135.232000	0.501541
135.296000	0.501541
135.360000	0.501541
135.424000	0.501541
135.488000	0.501541
135.552000	0.501541
135.616000	0.501541
135.680000	0.501541
135.744000	0.501541
135.808000	0.501541
135.872000	0.501541
135.936000	0.501541
136.000000	0.501541
136.064000	0.313688
136.128000	0.313688
136.192000	0.313688
136.256000	0.313688
136.320000	0.313688
136.384000	0.313688
136.448000	0.313688
136.512000	0.313688
136.576000	0.313688
136.640000	0.313688
136.704000	0.313688
136.768000	0.313688
136.832000	0.313688
136.896000	0.313688
136.960000	0.313688
137.024000	0.313688
137.088000	0.313688
137.152000	0.313688
137.216000	0.313688
137.280000	0.313688
137.344000	0.313688
137.408000	0.313688
137.472000	0.313688
137.536000	0.313688
137.600000	0.313688
137.664000	0.313688
137.728000	0.313688
137.792000	0.313688
137.856000	0.313688
137.920000	0.313688
137.984000	0.313688
138.048000	0.313688
138.112000	0.313688
138.176000	0.313688
138.240000	0.313688
138.304000	0.313688
138.368000	0.313688
138.432000	0.187058
138.496000	0.187058
138.560000	0.187058
138.624000	0.187058
138.688000	0.184547
138.752000	0.184547
138.816000	0.184547
138.880000	0.184547
138.944000	0.184547
139.008000	0.184547
139.072000	0.184547
139.136000	0.184547
139.200000	0.184547
139.264000	0.184547
139.328000	0.184547
139.392000	0.184547
139.456000	0.184547
139.520000	0.184547
139.584000	0.184547
139.648000	0.184547
139.712000	0.184547
139.776000	0.184547
139.840000	0.184547
139.904000	0.184547
139.968000	0.184547
140.032000	0.184547
140.096000	0.184547
140.160000	0.184547
140.224000	0.184547
140.288000	0.184547
140.352000	0.184547
140.416000	0.184547
140.480000	0.184547
140.544000	0.184547
140.608000	0.184547
140.672000	0.184547
140.736000	0.184547
140.800000	0.184547
140.864000	0.184547
140.928000	0.184547
140.992000	0.184547
141.056000	0.184547
141.120000	0.184547
141.184000	0.184547
141.248000	0.184547
141.312000	0.184547
141.376000	0.184547
141.440000	0.184547
141.504000	0.184547
141.568000	0.184547
141.632000	0.184547
141.696000	0.184547
141.760000	0.184547
141.824000	0.184547
141.888000	0.184547
141.952000	0.184547
142.016000	0.184547
142.080000	0.184547
142.144000	0.184547
142.208000	0.184547
142.272000	0.184547
142.336000	0.184547
142.400000	0.184547
142.464000	0.184547
142.528000	0.184547
142.592000	0.184547
142.656000	0.184547
142.720000	0.184547
142.784000	0.184547
142.848000	0.184547
142.912000	0.184547
142.976000	0.184547
143.040000	0.184547
143.104000	0.184547
143.168000	0.184547
143.232000	0.184547
143.296000	0.184547
143.360000	0.184547
143.424000	0.184547
143.488000	0.184547
143.552000	0.184547
143.616000	0.184547
143.680000	0.184547
143.744000	0.184547
143.808000	0.184547
143.872000	0.184547
143.936000	0.184547
144.000000	0.184547
144.064000	0.184547
144.128000	0.184547
144.192000	0.184547
144.256000	0.184547
144.320000	0.184547
144.384000	0.184547
144.448000	0.184547
144.512000	0.184547
144.576000	0.184547
144.640000	0.184547
144.704000	0.184547
144.768000	0.184547
144.832000	0.184547
144.896000	0.184547
144.960000	0.184547
145.024000	0.184547
145.088000	0.439291
145.152000	0.439291
145.216000	0.439291
145.280000	0.439291
145.344000	0.439291
145.408000	0.439291
145.472000	0.439291
145.536000	0.439291
145.600000	0.439291
145.664000	0.439291
145.728000	0.439291
145.792000	0.439291
145.856000	0.439291
145.920000	0.473467
145.984000	0.473467
146.048000	0.364738
146.112000	0.364738
146.176000	0.364738
146.240000	0.364738
146.304000	0.364738
146.368000	0.364738
146.432000	0.364738
146.496000	0.364738
146.560000	0.364738
146.624000	0.364738
146.688000	0.364738
146.752000	0.364738
146.816000	0.364738
146.880000	0.364738
146.944000	0.364738
147.008000	0.364738
147.072000	0.364738
147.136000	0.364738
147.200000	0.364738
147.264000	0.364738
147.328000	0.364738
147.392000	0.364738
147.456000	0.364738
147.520000	0.364738
147.584000	0.364738
147.648000	0.364738
147.712000	0.364738
147.776000	0.364738
147.840000	0.364738
147.904000	0.364738
147.968000	0.364738
148.032000	0.364738
148.096000	0.364738
148.160000	0.364738
148.224000	0.364738
148.288000	0.364738
148.352000	0.311935
148.416000	0.311935
148.480000	0.311935
148.544000	0.311935
148.608000	0.311935
148.672000	0.311935
148.736000	0.311935
148.800000	0.311935
148.864000	0.311935
148.928000	0.311935
148.992000	0.311935
149.056000	0.311935
149.120000	0.311935
149.184000	0.311935
149.248000	0.311935
149.312000	0.311935
149.376000	0.311935
149.440000	0.311935
149.504000	0.311935
149.568000	0.311935
149.632000	0.311935
149.696000	0.311935
149.760000	0.311935
149.824000	0.311935
149.888000	0.311935
149.952000	0.311935
150.016000	0.311935
150.080000	0.311935
150.144000	0.311935
150.208000	0.263166
150.272000	0.263166
150.336000	0.263166
150.400000	0.263166
150.464000	0.263166
150.528000	0.263166
150.592000	0.263166
150.656000	0.263166
150.720000	0.263166
150.784000	0.263166
150.848000	0.263166
150.912000	0.263166
150.976000	0.263166
151.040000	0.263166
151.104000	0.263166
151.168000	0.263166
151.232000	0.263166
151.296000	0.263166
151.360000	0.263166
151.424000	0.263166
151.488000	0.263166
151.552000	0.263166
151.616000	0.263166
151.680000	0.263166
151.744000	0.263166
151.808000	0.263166
151.872000	0.263166
151.936000	0.263166
152.000000	0.263166
152.064000	0.263166
152.128000	0.263166
152.192000	0.263166
152.256000	0.263166
152.320000	0.263166
152.384000	0.263166
152.448000	0.263166
152.512000	0.263166
152.576000	0.263166
152.640000	0.263166
152.704000	0.263166
152.768000	0.263166
152.832000	0.263166
152.896000	0.263166
152.960000	0.263166
153.024000	0.263166
153.088000	0.263166
153.152000	0.263166
153.216000	0.263166
153.280000	0.263166
153.344000	0.263166
153.408000	0.263166
153.472000	0.263166
153.536000	0.263166
153.600000	0.263166
153.664000	0.263166
153.728000	0.263166
153.792000	0.263166
153.856000	0.263166
153.920000	0.263166
153.984000	0.263166
154.048000	0.263166
154.112000	0.263166
154.176000	0.263166
154.240000	0.263166
154.304000	0.263166
154.368000	0.263166
154.432000	0.263166
154.496000	0.263166
154.560000	0.263166
154.624000	0.263166
154.688000	0.263166
154.752000	0.263166
154.816000	0.263166
154.880000	0.263166
154.944000	0.263166
155.008000	0.263166
155.072000	0.263166
155.136000	0.263166
155.200000	0.263166
155.264000	0.263166
155.328000	0.263166
155.392000	0.263166
155.456000	0.263166
155.520000	0.263166
155.584000	0.263166
155.648000	0.263166
155.712000	0.263166
155.776000	0.263166
155.840000	0.263166
155.904000	0.263166
155.968000	0.263166
156.032000	0.263166
156.096000	0.263166
156.160000	0.263166
156.224000	0.263166
156.288000	0.263166
156.352000	0.263166
156.416000	0.263166
156.480000	0.263166
156.544000	0.263166
156.608000	0.314704
156.672000	0.314704
156.736000	0.314704
156.800000	0.314704
156.864000	0.314704
156.928000	0.314704
156.992000	0.314704
157.056000	0.314704
157.120000	0.314704
157.184000	0.314704
157.248000	0.314704
157.312000	0.314704
157.376000	0.314704
157.440000	0.314704
157.504000	0.314704
157.568000	0.314704
157.632000	0.314704
157.696000	0.314704
157.760000	0.314704
157.824000	0.314704
157.888000	0.314704
157.952000	0.314704
158.016000	0.314704
158.080000	0.314704
158.144000	0.314704
158.208000	0.314704
158.272000	0.314704
158.336000	0.314704
158.400000	0.314704
158.464000	0.314704
158.528000	0.314704
158.592000	0.314704
158.656000	0.314704
158.720000	0.314704
158.784000	0.314704
158.848000	0.314704
158.912000	0.314704
158.976000	0.314704
159.040000	0.314704
159.104000	0.314704
159.168000	0.380978
159.232000	0.380978
159.296000	0.380978
159.360000	0.380978
159.424000	0.380978
159.488000	0.380978
159.552000	0.380978
159.616000	0.380978
159.680000	0.380978
159.744000	0.380978
159.808000	0.380978
159.872000	0.380978
159.936000	0.380978
160.000000	0.380978
160.064000	0.380978
160.128000	0.380978
160.192000	0.380978
160.256000	0.380978
160.320000	0.380978
160.384000	0.380978
160.448000	0.380978
160.512000	0.380978
160.576000	0.380978
160.640000	0.380978
160.704000	0.380978
160.768000	0.380978
160.832000	0.380978
160.896000	0.380978
160.960000	0.380978
161.024000	0.380978
161.088000	0.380978
161.152000	0.380978
161.216000	0.380978
161.280000	0.380978
161.344000	0.380978
161.408000	0.338135
161.472000	0.338135
161.536000	0.338135
161.600000	0.338135
161.664000	0.338135
161.728000	0.338135
161.792000	0.338135
161.856000	0.338135
161.920000	0.338135
161.984000	0.338135
162.048000	0.338135
162.112000	0.338135
162.176000	0.338135
162.240000	0.338135
162.304000	0.338135
162.368000	0.338135
162.432000	0.338135
162.496000	0.338135
162.560000	0.338135
162.624000	0.338135
162.688000	0.338135
162.752000	0.338135
162.816000	0.338135
162.880000	0.338135
162.944000	0.338135
163.008000	0.338135
163.072000	0.338135
163.136000	0.338135
163.200000	0.338135
163.264000	0.338135
163.328000	0.338135
163.392000	0.338135
163.456000	0.338135
163.520000	0.338135
163.584000	0.338135
163.648000	0.338135
163.712000	0.332765
163.776000	0.147726
163.840000	0.147726
163.904000	0.147726
163.968000	0.147726
164.032000	0.147726
164.096000	0.147726
164.160000	0.147726
164.224000	0.147726
164.288000	0.147726
164.352000	0.147726
164.416000	0.147726
164.480000	0.147726
164.544000	0.147726
164.608000	0.147726
164.672000	0.147726
164.736000	0.147726
164.800000	0.147726
164.864000	0.147726
164.928000	0.147726
164.992000	0.147726
165.056000	0.147726
165.120000	0.147726
165.184000	0.147726
165.248000	0.147726
165.312000	0.147726
165.376000	0.147726
165.440000	0.147726
165.504000	0.147726
165.568000	0.147726
165.632000	0.147726
165.696000	0.147726
165.760000	0.147726
165.824000	0.147726
165.888000	0.147726
165.952000	0.147726
166.016000	0.147726
166.080000	0.147726
166.144000	0.147726
166.208000	0.147726
166.272000	0.147726
166.336000	0.147726
166.400000	0.147726
166.464000	0.147726
166.528000	0.147726
166.592000	0.147726
166.656000	0.147726
166.720000	0.147726
166.784000	0.147726
166.848000	0.147726
166.912000	0.147726
166.976000	0.147726
167.040000	0.147726
167.104000	0.147726
167.168000	0.147726
167.232000	0.147726
167.296000	0.147726
167.360000	0.147726
167.424000	0.147726
167.488000	0.147726
167.552000	0.147726
167.616000	0.147726
167.680000	0.147726
167.744000	0.147726
167.808000	0.147726
167.872000	0.147726
167.936000	0.147726
168.000000	0.147726
168.064000	0.147726
168.128000	0.147726
168.192000	0.147726
168.256000	0.147726
168.320000	0.147726
168.384000	0.147726
168.448000	0.147726
168.512000	0.147726
168.576000	0.147726
168.640000	0.147726
168.704000	0.147726
168.768000	0.147726
168.832000	0.147726
168.896000	0.147726
168.960000	0.147726
169.024000	0.147726
169.088000	0.147726
169.152000	0.147726
169.216000	0.147726
169.280000	0.147726
169.344000	0.147726
169.408000	0.147726
169.472000	0.147726
169.536000	0.147726
169.600000	0.147726
169.664000	0.147726
169.728000	0.147726
169.792000	0.147726
169.856000	0.147726
169.920000	0.147726
169.984000	0.147726
170.048000	0.147726
170.112000	0.147726
170.176000	0.217609
170.240000	0.217609
170.304000	0.151347
170.368000	0.151347
170.432000	0.151347
170.496000	0.151347
170.560000	0.151347
170.624000	0.151347
170.688000	0.151347
170.752000	0.151347
170.816000	0.151347
170.880000	0.151347
170.944000	0.151347
171.008000	0.151347
171.072000	0.151347
171.136000	0.151347
171.200000	0.151347
171.264000	0.151347
171.328000	0.151347
171.392000	0.151347
171.456000	0.151347
171.520000	0.151347
171.584000	0.151347
171.648000	0.151347
171.712000	0.151347
171.776000	0.151347
171.840000	0.151347
171.904000	0.151347
171.968000	0.151347
172.032000	0.151347
172.096000	0.151347
172.160000	0.151347
172.224000	0.151347
172.288000	0.151347
172.352000	0.151347
172.416000	0.151347
172.480000	0.151347
172.544000	0.151347
172.608000	0.151347
172.672000	0.151347
172.736000	0.151347
172.800000	0.151347
172.864000	0.151347
172.928000	0.151347
172.992000	0.151347
173.056000	0.151347
173.120000	0.151347
173.184000	0.151347
173.248000	0.151347
173.312000	0.151347
173.376000	0.151347
173.440000	0.151347
173.504000	0.151347
173.568000	0.151347
173.632000	0.151347
173.696000	0.151347
173.760000	0.151347
173.824000	0.151347
173.888000	0.151347
173.952000	0.151347
174.016000	0.151347
174.080000	0.151347
174.144000	0.151347
174.208000	0.151347
174.272000	0.151347
174.336000	0.151347
174.400000	0.151347
174.464000	0.151347
174.528000	0.151347
174.592000	0.151347
174.656000	0.151347
174.720000	0.151347
174.784000	0.151347
174.848000	0.151347
174.912000	0.151347
174.976000	0.151347
175.040000	0.151347
175.104000	0.151347
175.168000	0.151347
175.232000	0.151347
175.296000	0.151347
175.360000	0.151347
175.424000	0.151347
175.488000	0.151347
175.552000	0.151347
175.616000	0.151347
175.680000	0.151347
175.744000	0.151347
175.808000	0.151347
175.872000	0.151347
175.936000	0.151347
176.000000	0.151347
176.064000	0.151347
176.128000	0.151347
176.192000	0.151347
176.256000	0.151347
176.320000	0.151347
176.384000	0.151347
176.448000	0.151347
176.512000	0.151347
176.576000	0.151347
176.640000	0.151347
176.704000	0.309423
176.768000	0.330663
176.832000	0.330663
176.896000	0.330663
176.960000	0.330663
177.024000	0.330663
177.088000	0.330663
177.152000	0.330663
177.216000	0.330663
177.280000	0.330663
177.344000	0.330663
177.408000	0.330663
177.472000	0.330663
177.536000	0.330663
177.600000	0.330663
177.664000	0.330663
177.728000	0.332322
177.792000	0.332322
177.856000	0.332322
177.920000	0.332322
177.984000	0.332322
178.048000	0.332322
178.112000	0.332322
178.176000	0.332322
178.240000	0.332322
178.304000	0.332322
178.368000	0.332322
178.432000	0.332322
178.496000	0.332322
178.560000	0.332322
178.624000	0.332322
178.688000	0.332322
178.752000	0.332322
178.816000	0.332322
178.880000	0.332322
178.944000	0.332322
179.008000	0.332322
179.072000	0.177996
179.136000	0.177996
179.200000	0.177996
179.264000	0.177996
179.328000	0.177996
179.392000	0.177996
179.456000	0.177996
179.520000	0.177996
179.584000	0.177996
179.648000	0.177996
179.712000	0.177996
179.776000	0.177996
179.840000	0.177996
179.904000	0.177996
179.968000	0.177996
180.032000	0.177996
180.096000	0.177996
180.160000	0.177996
180.224000	0.177996
180.288000	0.177996
180.352000	0.177996
180.416000	0.177996
180.480000	0.177996
180.544000	0.177996
180.608000	0.177996
180.672000	0.177996
180.736000	0.177996
180.800000	0.177996
180.864000	0.177996
180.928000	0.177996
180.992000	0.177996
181.056000	0.177996
181.120000	0.177996
181.184000	0.177996
181.248000	0.177996
181.312000	0.177996
181.376000	0.177996
181.440000	0.177996
181.504000	0.177996
181.568000	0.177996
181.632000	0.177996
181.696000	0.177996
181.760000	0.177996
181.824000	0.177996
181.888000	0.177996
181.952000	0.177996
182.016000	0.177996
182.080000	0.177996
182.144000	0.177996
182.208000	0.177996
182.272000	0.177996
182.336000	0.177996
182.400000	0.177996
182.464000	0.177996
182.528000	0.177996
182.592000	0.177996
182.656000	0.177996
182.720000	0.177996
182.784000	0.177996
182.848000	0.177996
182.912000	0.177996
182.976000	0.177996
183.040000	0.177996
183.104000	0.177996
183.168000	0.177996
183.232000	0.177996
183.296000	0.177996
183.360000	0.177996
183.424000	0.177996
183.488000	0.177996
183.552000	0.177996
183.616000	0.177996
183.680000	0.177996
183.744000	0.177996
183.808000	0.177996
183.872000	0.177996
183.936000	0.177996
184.000000	0.177996
184.064000	0.177996
184.128000	0.177996
184.192000	0.177996
184.256000	0.177996
184.320000	0.177996
184.384000	0.177996
184.448000	0.177996
184.512000	0.177996
184.576000	0.177996
184.640000	0.177996
184.704000	0.177996
184.768000	0.177996
184.832000	0.177996
184.896000	0.177996
184.960000	0.177996
185.024000	0.177996
185.088000	0.177996
185.152000	0.177996
185.216000	0.177996
185.280000	0.177996
185.344000	0.177996
185.408000	0.177996
185.472000	0.277998
185.536000	0.277998
185.600000	0.277998
185.664000	0.277998
185.728000	0.277998
185.792000	0.277998
185.856000	0.277998
185.920000	0.277998
185.984000	0.277998
186.048000	0.277998
186.112000	0.277998
186.176000	0.277998
186.240000	0.277998
186.304000	0.277998
186.368000	0.277998
186.432000	0.277998
186.496000	0.277998
186.560000	0.277998
186.624000	0.277998
186.688000	0.277998
186.752000	0.258386
186.816000	0.258386
186.880000	0.258386
186.944000	0.258386
187.008000	0.258386
187.072000	0.258386
187.136000	0.258386
187.200000	0.258386
187.264000	0.258386
187.328000	0.258386
187.392000	0.258386
187.456000	0.258386
187.520000	0.258386
187.584000	0.258386
187.648000	0.258386
187.712000	0.258386
187.776000	0.258386
187.840000	0.258386
187.904000	0.258386
187.968000	0.258386
188.032000	0.258386
188.096000	0.258386
188.160000	0.258386
188.224000	0.258386
188.288000	0.258386
188.352000	0.258386
188.416000	0.258386
188.480000	0.258386
188.544000	0.258386
188.608000	0.258386
188.672000	0.258386
188.736000	0.258386
188.800000	0.258386
188.864000	0.258386
188.928000	0.258386
188.992000	0.258386
189.056000	0.258386
189.120000	0.258386
189.184000	0.258386
189.248000	0.258386
189.312000	0.258386
189.376000	0.258386
189.440000	0.258386
189.504000	0.258386
189.568000	0.251327
189.632000	0.251327
189.696000	0.251327
189.760000	0.251327
189.824000	0.251327
189.888000	0.251327
189.952000	0.251327
190.016000	0.251327
190.080000	0.251327
190.144000	0.251327
190.208000	0.251327
190.272000	0.251327
190.336000	0.251327
190.400000	0.251327
190.464000	0.251327
190.528000	0.251327
190.592000	0.251327
190.656000	0.251327
190.720000	0.251327
190.784000	0.251327
190.848000	0.251327
190.912000	0.251327
190.976000	0.251327
191.040000	0.251327
191.104000	0.251327
191.168000	0.251327
191.232000	0.251327
191.296000	0.251327
191.360000	0.251327
191.424000	0.251327
191.488000	0.251327
191.552000	0.251327
191.616000	0.251327
191.680000	0.251327
191.744000	0.251327
191.808000	0.251327
191.872000	0.251327
191.936000	0.251327
192.000000	0.251327
192.064000	0.251327
192.128000	0.251327
192.192000	0.251327
192.256000	0.251327
192.320000	0.251327
192.384000	0.251327
192.448000	0.251327
192.512000	0.251327
192.576000	0.251327
192.640000	0.251327
192.704000	0.251327
192.768000	0.251327
192.832000	0.251327
192.896000	0.251327
192.960000	0.251327
193.024000	0.251327
193.088000	0.251327
193.152000	0.251327
193.216000	0.251327
193.280000	0.251327
193.344000	0.251327
193.408000	0.251327
193.472000	0.251327
193.536000	0.251327
193.600000	0.251327
193.664000	0.251327
193.728000	0.251327
193.792000	0.251327
193.856000	0.251327
193.920000	0.251327
193.984000	0.201524
194.048000	0.201524
194.112000	0.201524
194.176000	0.201524
194.240000	0.201524
194.304000	0.201524
194.368000	0.201524
194.432000	0.201524
194.496000	0.201524
194.560000	0.201524
194.624000	0.201524
194.688000	0.201524
194.752000	0.201524
194.816000	0.201524
194.880000	0.201524
194.944000	0.201524
195.008000	0.201524
195.072000	0.201524
195.136000	0.201524
195.200000	0.201524
195.264000	0.201524
195.328000	0.201524
195.392000	0.201524
195.456000	0.201524
195.520000	0.201524
195.584000	0.201524
195.648000	0.201524
195.712000	0.201524
195.776000	0.201524
195.840000	0.201524
195.904000	0.201524
195.968000	0.201524
196.032000	0.201524
196.096000	0.201524
196.160000	0.201524
196.224000	0.201524
196.288000	0.201524
196.352000	0.201524
196.416000	0.201524
196.480000	0.201524
196.544000	0.201524
196.608000	0.201524
196.672000	0.201524
196.736000	0.201524
196.800000	0.201524
196.864000	0.201524
196.928000	0.201524
196.992000	0.201524
197.056000	0.201524
197.120000	0.201524
197.184000	0.201524
197.248000	0.201524
197.312000	0.201524
197.376000	0.201524
197.440000	0.201524
197.504000	0.201524
197.568000	0.201524
197.632000	0.201524
197.696000	0.201524
197.760000	0.201524
197.824000	0.201524
197.888000	0.201524
197.952000	0.201524
198.016000	0.201524
198.080000	0.201524
198.144000	0.201524
198.208000	0.201524
198.272000	0.201524
198.336000	0.201524
198.400000	0.201524
198.464000	0.201524
198.528000	0.201524
198.592000	0.201524
198.656000	0.201524
198.720000	0.201524
198.784000	0.201524
198.848000	0.201524
198.912000	0.201524
198.976000	0.201524
199.040000	0.201524
199.104000	0.201524
199.168000	0.201524
199.232000	0.201524
199.296000	0.201524
199.360000	0.201524
199.424000	0.201524
199.488000	0.201524
199.552000	0.201524
199.616000	0.201524
199.680000	0.201524
199.744000	0.201524
199.808000	0.201524
199.872000	0.201524
199.936000	0.201524
200.000000	0.201524
200.064000	0.201524
200.128000	0.201524
200.192000	0.201524
200.256000	0.201524
200.320000	0.201524
200.384000	0.262571
200.448000	0.262571
200.512000	0.262571
200.576000	0.262571
200.640000	0.262571
200.704000	0.262571
200.768000	0.262571
200.832000	0.300054
200.896000	0.425160
200.960000	0.425160
201.024000	0.425160
201.088000	0.425160
201.152000	0.425160
201.216000	0.425160
201.280000	0.425160
201.344000	0.425160
201.408000	0.425160
201.472000	0.425160
201.536000	0.454749
201.600000	0.454749
201.664000	0.454749
201.728000	0.454749
201.792000	0.454749
201.856000	0.454749
201.920000	0.454749
201.984000	0.454749
202.048000	0.454749
202.112000	0.454749
202.176000	0.454749
202.240000	0.454749
202.304000	0.454749
202.368000	0.454749
202.432000	0.454749
202.496000	0.454749
202.560000	0.454749
202.624000	0.454749
202.688000	0.454749
202.752000	0.454749
202.816000	0.454749
202.880000	0.454749
202.944000	0.454749
203.008000	0.454749
203.072000	0.454749
203.136000	0.454749
203.200000	0.454749
203.264000	0.454749
203.328000	0.454749
203.392000	0.454749
203.456000	0.454749
203.520000	0.454749
203.584000	0.454749
203.648000	0.454749
203.712000	0.454749
203.776000	0.454749
203.840000	0.454749
203.904000	0.454749
203.968000	0.454749
204.032000	0.454749
204.096000	0.454749
204.160000	0.454749
204.224000	0.454749
204.288000	0.454749
204.352000	0.454749
204.416000	0.454749
204.480000	0.454749
204.544000	0.454749
204.608000	0.454749
204.672000	0.454749
204.736000	0.454749
204.800000	0.454749
204.864000	0.454749
204.928000	0.454749
204.992000	0.454749
205.056000	0.454749
205.120000	0.454749
205.184000	0.454749
205.248000	0.454749
205.312000	0.454749
205.376000	0.454749
205.440000	0.454749
205.504000	0.454749
205.568000	0.454749
205.632000	0.454749
205.696000	0.454749
205.760000	0.454749
205.824000	0.454749
205.888000	0.454749
205.952000	0.454749
206.016000	0.454749
206.080000	0.454749
206.144000	0.454749
206.208000	0.454749
206.272000	0.454749
206.336000	0.454749
206.400000	0.454749
206.464000	0.454749
206.528000	0.454749
206.592000	0.454749
206.656000	0.515657
206.720000	0.463772
206.784000	0.463772
206.848000	0.463772
206.912000	0.463772
206.976000	0.463772
207.040000	0.463772
207.104000	0.463772
207.168000	0.463772
207.232000	0.463772
207.296000	0.463772
207.360000	0.463772
207.424000	0.463772
207.488000	0.463772
207.552000	0.463772
207.616000	0.463772
207.680000	0.463772
207.744000	0.463772
207.808000	0.463772
207.872000	0.463772
207.936000	0.463772
208.000000	0.463772
208.064000	0.463772
208.128000	0.463772
208.192000	0.463772
208.256000	0.463772
208.320000	0.463772
208.384000	0.463772
208.448000	0.463772
208.512000	0.463772
208.576000	0.463772
208.640000	0.463772
208.704000	0.463772
208.768000	0.463772
208.832000	0.463772
208.896000	0.463772
208.960000	0.463772
209.024000	0.463772
209.088000	0.430561
209.152000	0.430561
209.216000	0.430561
209.280000	0.430561
209.344000	0.409746
209.408000	0.409746
209.472000	0.409746
209.536000	0.409746
209.600000	0.409746
209.664000	0.409746
209.728000	0.409746
209.792000	0.409746
209.856000	0.409746
209.920000	0.409746
209.984000	0.409746
210.048000	0.409746
210.112000	0.306261
210.176000	0.306261
210.240000	0.306261
210.304000	0.306261
210.368000	0.306261
210.432000	0.306261
210.496000	0.306261
210.560000	0.306261
210.624000	0.306261
210.688000	0.306261
210.752000	0.255363
210.816000	0.255363
210.880000	0.255363
210.944000	0.255363
211.008000	0.255363
211.072000	0.255363
211.136000	0.255363
211.200000	0.255363
211.264000	0.255363
211.328000	0.255363
211.392000	0.255363
211.456000	0.255363
211.520000	0.255363
211.584000	0.255363
211.648000	0.255363
211.712000	0.255363
211.776000	0.255363
211.840000	0.255363
211.904000	0.255363
211.968000	0.255363
212.032000	0.255363
212.096000	0.255363
212.160000	0.255363
212.224000	0.255363
212.288000	0.255363
212.352000	0.255363
212.416000	0.255363
212.480000	0.255363
212.544000	0.255363
212.608000	0.255363
212.672000	0.255363
212.736000	0.255363
212.800000	0.255363
212.864000	0.255363
212.928000	0.255363
212.992000	0.255363
213.056000	0.255363
213.120000	0.255363
213.184000	0.255363
213.248000	0.180096
213.312000	0.180096
213.376000	0.180096
213.440000	0.180096
213.504000	0.180096
213.568000	0.180096
213.632000	0.180096
213.696000	0.180096
213.760000	0.180096
213.824000	0.180096
213.888000	0.180096
213.952000	0.180096
214.016000	0.180096
214.080000	0.180096
214.144000	0.180096
214.208000	0.180096
214.272000	0.180096
214.336000	0.180096
214.400000	0.180096
214.464000	0.180096
214.528000	0.180096
214.592000	0.180096
214.656000	0.180096
214.720000	0.180096
214.784000	0.180096
214.848000	0.180096
214.912000	0.180096
214.976000	0.180096
215.040000	0.180096
215.104000	0.180096
215.168000	0.180096
215.232000	0.180096
215.296000	0.180096
215.360000	0.180096
215.424000	0.180096
215.488000	0.180096
215.552000	0.180096
215.616000	0.180096
215.680000	0.180096
215.744000	0.180096
215.808000	0.180096
215.872000	0.180096
215.936000	0.180096
216.000000	0.180096
216.064000	0.180096
216.128000	0.180096
216.192000	0.180096
216.256000	0.180096
216.320000	0.180096
216.384000	0.180096
216.448000	0.180096
216.512000	0.180096
216.576000	0.180096
216.640000	0.180096
216.704000	0.180096
216.768000	0.180096
216.832000	0.180096
216.896000	0.180096
216.960000	0.180096
217.024000	0.180096
217.088000	0.180096
217.152000	0.180096
217.216000	0.180096
217.280000	0.180096
217.344000	0.180096
217.408000	0.180096
217.472000	0.180096
217.536000	0.180096
217.600000	0.180096
217.664000	0.180096
217.728000	0.180096
217.792000	0.180096
217.856000	0.180096
217.920000	0.180096
217.984000	0.180096
218.048000	0.180096
218.112000	0.180096
218.176000	0.180096
218.240000	0.180096
218.304000	0.180096
218.368000	0.180096
218.432000	0.180096
218.496000	0.180096
218.560000	0.180096
218.624000	0.180096
218.688000	0.180096
218.752000	0.180096
218.816000	0.180096
218.880000	0.180096
218.944000	0.180096
219.008000	0.180096
219.072000	0.180096
219.136000	0.180096
219.200000	0.180096
219.264000	0.180096
219.328000	0.180096
219.392000	0.180096
219.456000	0.180096
219.520000	0.180096
219.584000	0.180096
219.648000	0.250312
219.712000	0.250312
219.776000	0.250312
219.840000	0.250312
219.904000	0.250312
219.968000	0.250312
220.032000	0.250312
220.096000	0.250312
220.160000	0.250312
220.224000	0.250312
220.288000	0.250312
220.352000	0.250312
220.416000	0.250312
220.480000	0.250312
220.544000	0.250312
220.608000	0.250312
220.672000	0.250312
220.736000	0.250312
220.800000	0.250312
220.864000	0.250312
220.928000	0.250312
220.992000	0.250312
221.056000	0.250312
221.120000	0.250312
221.184000	0.250312
221.248000	0.250312
221.312000	0.250312
221.376000	0.250312
221.440000	0.250312
221.504000	0.250312
221.568000	0.250312
221.632000	0.250312
221.696000	0.250312
221.760000	0.250312
221.824000	0.250312
221.888000	0.250312
221.952000	0.250312
222.016000	0.250312
222.080000	0.250312
222.144000	0.250312
222.208000	0.250312
222.272000	0.250312
222.336000	0.250312
222.400000	0.250312
222.464000	0.250312
222.528000	0.250312
222.592000	0.250312
222.656000	0.250312
222.720000	0.250312
222.784000	0.250312
222.848000	0.250312
222.912000	0.250312
222.976000	0.250312
223.040000	0.250312
223.104000	0.250312
223.168000	0.250312
223.232000	0.250312
223.296000	0.250312
223.360000	0.250312
223.424000	0.250312
223.488000	0.250312
223.552000	0.250312
223.616000	0.250312
223.680000	0.250312
223.744000	0.250312
223.808000	0.250312
223.872000	0.250312
223.936000	0.250312
224.000000	0.250312
224.064000	0.250312
224.128000	0.250312
224.192000	0.250312
224.256000	0.332891
224.320000	0.332891
224.384000	0.332891
224.448000	0.332891
224.512000	0.332891
224.576000	0.332891
224.640000	0.332891
224.704000	0.332891
224.768000	0.332891
224.832000	0.332891
224.896000	0.332891
224.960000	0.332891
225.024000	0.332891
225.088000	0.332891
225.152000	0.332891
225.216000	0.332891
225.280000	0.332891
225.344000	0.332891
225.408000	0.332891
225.472000	0.332891
225.536000	0.332891
225.600000	0.332891
225.664000	0.332891
225.728000	0.332891
225.792000	0.332891
225.856000	0.332891
225.920000	0.332891
225.984000	0.332891
226.048000	0.332891
226.112000	0.332891
226.176000	0.332891
226.240000	0.332891
226.304000	0.332891
226.368000	0.332891
226.432000	0.332891
226.496000	0.332891
226.560000	0.332891
226.624000	0.332891
226.688000	0.332891
226.752000	0.305496
226.816000	0.305496
226.880000	0.305496
226.944000	0.305496
227.008000	0.305496
227.072000	0.305496
227.136000	0.305496
227.200000	0.305496
227.264000	0.305496
227.328000	0.305496
227.392000	0.305496
227.456000	0.305496
227.520000	0.305496
227.584000	0.305496
227.648000	0.305496
227.712000	0.305496
227.776000	0.305496
227.840000	0.305496
227.904000	0.305496
227.968000	0.305496
228.032000	0.305496
228.096000	0.305496
228.160000	0.305496
228.224000	0.305496
228.288000	0.305496
228.352000	0.305496
228.416000	0.305496
228.480000	0.305496
228.544000	0.305496
228.608000	0.305496
228.672000	0.305496
228.736000	0.305496
228.800000	0.305496
228.864000	0.305496
228.928000	0.305496
228.992000	0.305496
229.056000	0.305496
229.120000	0.305496
229.184000	0.305496
229.248000	0.305496
229.312000	0.305496
229.376000	0.305496
229.440000	0.305496
229.504000	0.305496
229.568000	0.305496
229.632000	0.305496
229.696000	0.305496
229.760000	0.305496
229.824000	0.305496
229.888000	0.305496
229.952000	0.305496
230.016000	0.305496
230.080000	0.305496
230.144000	0.305496
230.208000	0.305496
230.272000	0.305496
230.336000	0.305496
230.400000	0.305496
230.464000	0.305496
230.528000	0.305496
230.592000	0.305496
230.656000	0.305496
230.720000	0.305496
230.784000	0.305496
230.848000	0.305496
230.912000	0.305496
230.976000	0.305496
231.040000	0.305496
231.104000	0.305496
231.168000	0.305496
231.232000	0.305496
231.296000	0.305496
231.360000	0.305496
231.424000	0.305496
231.488000	0.305496
231.552000	0.305496
231.616000	0.305496
231.680000	0.305496
231.744000	0.305496
231.808000	0.305496
231.872000	0.305496
231.936000	0.305496
232.000000	0.305496
232.064000	0.305496
232.128000	0.305496
232.192000	0.305496
232.256000	0.305496
232.320000	0.305496
232.384000	0.305496
232.448000	0.305496
232.512000	0.305496
232.576000	0.305496
232.640000	0.305496
232.704000	0.305496
232.768000	0.305496
232.832000	0.305496
232.896000	0.305496
232.960000	0.305496
233.024000	0.305496
233.088000	0.305496
233.152000	0.320496
233.216000	0.320496
233.280000	0.320496
233.344000	0.320496
233.408000	0.320496
233.472000	0.320496
233.536000	0.320496
233.600000	0.320496
233.664000	0.320496
233.728000	0.320496
233.792000	0.320496
233.856000	0.320496
233.920000	0.320496
233.984000	0.320496
234.048000	0.320496
234.112000	0.320496
234.176000	0.320496
234.240000	0.320496
234.304000	0.320496
234.368000	0.320496
234.432000	0.320496
234.496000	0.320496
234.560000	0.320496
234.624000	0.320496
234.688000	0.320496
234.752000	0.320496
234.816000	0.320496
234.880000	0.320496
234.944000	0.325688
235.008000	0.339199
235.072000	0.339199
235.136000	0.339199
235.200000	0.339199
235.264000	0.339199
235.328000	0.339199
235.392000	0.339199
235.456000	0.390455
235.520000	0.390455
235.584000	0.390455
235.648000	0.390455
235.712000	0.385451
235.776000	0.385451
235.840000	0.385451
235.904000	0.385451
235.968000	0.385451
236.032000	0.385451
236.096000	0.385451
236.160000	0.371669
236.224000	0.134789
236.288000	0.134789
236.352000	0.134789
236.416000	0.134789
236.480000	0.134789
236.544000	0.134789
236.608000	0.134789
236.672000	0.134789
236.736000	0.134789
236.800000	0.134789
236.864000	0.134789
236.928000	0.134789
236.992000	0.134789
237.056000	0.134789
237.120000	0.134789
237.184000	0.134789
237.248000	0.134789
237.312000	0.134789
237.376000	0.134789
237.440000	0.134789
237.504000	0.134789
237.568000	0.134789
237.632000	0.134789
237.696000	0.134789
237.760000	0.134789
237.824000	0.134789
237.888000	0.134789
237.952000	0.134789
238.016000	0.134789
238.080000	0.134789
238.144000	0.134789
238.208000	0.134789
238.272000	0.134789
238.336000	0.134789
238.400000	0.134789
238.464000	0.134789
238.528000	0.134789
238.592000	0.134789
238.656000	0.134789
238.720000	0.134789
238.784000	0.134789
238.848000	0.134789
238.912000	0.134789
238.976000	0.134789
239.040000	0.134789
239.104000	0.134789
239.168000	0.134789
239.232000	0.134789
239.296000	0.134789
239.360000	0.134789
239.424000	0.134789
239.488000	0.134789
239.552000	0.134789
239.616000	0.134789
239.680000	0.134789
239.744000	0.134789
239.808000	0.134789
239.872000	0.134789
239.936000	0.134789
240.000000	0.134789
240.064000	0.134789
240.128000	0.134789
240.192000	0.134789
240.256000	0.134789
240.320000	0.134789
240.384000	0.134789
240.448000	0.134789
240.512000	0.134789
240.576000	0.134789
240.640000	0.134789
240.704000	0.134789
240.768000	0.134789
240.832000	0.134789
240.896000	0.134789
240.960000	0.134789
241.024000	0.134789
241.088000	0.134789
241.152000	0.134789
241.216000	0.134789
241.280000	0.134789
241.344000	0.134789
241.408000	0.134789
241.472000	0.134789
241.536000	0.134789
241.600000	0.134789
241.664000	0.134789
241.728000	0.134789
241.792000	0.134789
241.856000	0.134789
241.920000	0.134789
241.984000	0.134789
242.048000	0.134789
242.112000	0.134789
242.176000	0.134789
242.240000	0.134789
242.304000	0.134789
242.368000	0.134789
242.432000	0.134789
242.496000	0.134789
242.560000	0.134789
242.624000	0.240900
242.688000	0.240900
242.752000	0.240900
242.816000	0.240900
242.880000	0.240900
242.944000	0.240900
243.008000	0.240900
243.072000	0.240900
243.136000	0.240900
243.200000	0.240900
243.264000	0.240900
243.328000	0.240900
243.392000	0.240900
243.456000	0.209088
243.520000	0.209088
243.584000	0.209088
243.648000	0.209088
243.712000	0.209088
243.776000	0.209088
243.840000	0.209088
243.904000	0.209088
243.968000	0.209088
244.032000	0.209088
244.096000	0.209088
244.160000	0.209088
244.224000	0.209088
244.288000	0.209088
244.352000	0.209088
244.416000	0.209088
244.480000	0.209088
244.544000	0.209088
244.608000	0.209088
244.672000	0.209088
244.736000	0.209088
244.800000	0.209088
244.864000	0.209088
244.928000	0.209088
244.992000	0.209088
245.056000	0.209088
245.120000	0.209088
245.184000	0.209088
245.248000	0.209088
245.312000	0.209088
245.376000	0.209088
245.440000	0.209088
245.504000	0.209088
245.568000	0.209088
245.632000	0.209088
245.696000	0.209088
245.760000	0.209088
245.824000	0.209088
245.888000	0.209088
245.952000	0.209088
246.016000	0.209088
246.080000	0.209088
246.144000	0.209088
246.208000	0.209088
246.272000	0.209088
246.336000	0.209088
246.400000	0.209088
246.464000	0.209088
246.528000	0.209088
246.592000	0.209088
246.656000	0.209088
246.720000	0.209088
246.784000	0.209088
246.848000	0.209088
246.912000	0.209088
246.976000	0.209088
247.040000	0.209088
247.104000	0.209088
247.168000	0.209088
247.232000	0.209088
247.296000	0.209088
247.360000	0.209088
247.424000	0.209088
247.488000	0.209088
247.552000	0.124730
247.616000	0.124730
247.680000	0.124730
247.744000	0.124730
247.808000	0.124730
247.872000	0.124730
247.936000	0.124730
248.000000	0.124730
248.064000	0.124730
248.128000	0.124730
248.192000	0.124730
248.256000	0.124730
248.320000	0.124730
248.384000	0.124730
248.448000	0.124730
248.512000	0.124730
248.576000	0.124730
248.640000	0.124730
248.704000	0.124730
248.768000	0.124730
248.832000	0.124730
248.896000	0.124730
248.960000	0.124730
249.024000	0.124730
249.088000	0.124730
249.152000	0.124730
249.216000	0.124730
249.280000	0.124730
249.344000	0.124730
249.408000	0.124730
249.472000	0.124730
249.536000	0.124730
249.600000	0.124730
249.664000	0.124730
249.728000	0.124730
249.792000	0.124730
249.856000	0.124730
249.920000	0.124730
249.984000	0.124730
250.048000	0.124730
250.112000	0.124730
250.176000	0.124730
250.240000	0.124730
250.304000	0.124730
250.368000	0.124730
250.432000	0.124730
250.496000	0.124730
250.560000	0.124730
250.624000	0.124730
250.688000	0.124730
250.752000	0.124730
250.816000	0.124730
250.880000	0.124730
250.944000	0.124730
251.008000	0.124730
251.072000	0.124730
251.136000	0.124730
251.200000	0.124730
251.264000	0.124730
251.328000	0.124730
251.392000	0.124730
251.456000	0.124730
251.520000	0.124730
251.584000	0.124730
251.648000	0.124730
251.712000	0.124730
251.776000	0.124730
251.840000	0.124730
251.904000	0.124730
251.968000	0.124730
252.032000	0.124730
252.096000	0.124730
252.160000	0.124730
252.224000	0.124730
252.288000	0.124730
252.352000	0.124730
252.416000	0.124730
252.480000	0.124730
252.544000	0.124730
252.608000	0.124730
252.672000	0.124730
252.736000	0.124730
252.800000	0.124730
252.864000	0.124730
252.928000	0.124730
252.992000	0.124730
253.056000	0.124730
253.120000	0.124730
253.184000	0.124730
253.248000	0.124730
253.312000	0.124730
253.376000	0.124730
253.440000	0.124730
253.504000	0.124730
253.568000	0.124730
253.632000	0.124730
253.696000	0.124730
253.760000	0.124730
253.824000	0.124730
253.888000	0.124730
253.952000	0.195249
254.016000	0.195249
254.080000	0.195249
254.144000	0.195249
254.208000	0.195249
254.272000	0.195249
254.336000	0.195249
254.400000	0.195249
254.464000	0.195249
254.528000	0.195249
254.592000	0.195249
254.656000	0.195249
254.720000	0.195249
254.784000	0.195249
254.848000	0.195249
254.912000	0.198071
254.976000	0.198071
255.040000	0.198071
255.104000	0.198071
255.168000	0.198071
255.232000	0.198071
255.296000	0.198071
255.360000	0.198071
255.424000	0.198071
255.488000	0.198071
255.552000	0.198071
255.616000	0.198071
255.680000	0.198071
255.744000	0.198071
255.808000	0.198071
255.872000	0.198071
255.936000	0.198071
256.000000	0.198071
256.064000	0.198071
256.128000	0.198071
256.192000	0.198071
256.256000	0.198071
256.320000	0.198071
256.384000	0.198071
256.448000	0.198071
256.512000	0.198071
256.576000	0.198071
256.640000	0.198071
256.704000	0.198071
256.768000	0.198071
256.832000	0.198071
256.896000	0.198071
256.960000	0.198071
257.024000	0.198071
257.088000	0.198071
257.152000	0.198071
257.216000	0.198071
257.280000	0.198071
257.344000	0.198071
257.408000	0.198071
257.472000	0.198071
257.536000	0.198071
257.600000	0.198071
257.664000	0.198071
257.728000	0.198071
257.792000	0.198071
257.856000	0.198071
257.920000	0.198071
257.984000	0.198071
258.048000	0.198071
258.112000	0.251532
258.176000	0.255885
258.240000	0.255885
258.304000	0.255885
258.368000	0.255885
258.432000	0.255885
258.496000	0.255885
258.560000	0.255885
258.624000	0.255885
258.688000	0.255885
258.752000	0.255885
258.816000	0.255885
258.880000	0.255885
258.944000	0.255885
259.008000	0.255885
259.072000	0.255885
259.136000	0.255885
259.200000	0.255885
259.264000	0.255885
259.328000	0.255885
259.392000	0.255885
259.456000	0.255885
259.520000	0.255885
259.584000	0.255885
259.648000	0.255885
259.712000	0.255885
259.776000	0.255885
259.840000	0.255885
259.904000	0.255885
259.968000	0.255885
260.032000	0.286847
260.096000	0.286847
260.160000	0.286847
260.224000	0.286847
260.288000	0.286847
260.352000	0.286847
260.416000	0.286847
260.480000	0.286847
260.544000	0.305769
260.608000	0.343382
260.672000	0.343382
260.736000	0.343382
260.800000	0.343382
260.864000	0.343382
260.928000	0.343382
260.992000	0.343382
261.056000	0.343382
261.120000	0.343382
261.184000	0.343382
261.248000	0.343382
261.312000	0.343382
261.376000	0.343382
261.440000	0.343382
261.504000	0.343382
261.568000	0.343382
261.632000	0.343382
261.696000	0.343382
261.760000	0.343382
261.824000	0.343382
261.888000	0.343382
261.952000	0.343382
262.016000	0.343382
262.080000	0.341627
262.144000	0.220027
262.208000	0.220027
262.272000	0.220027
262.336000	0.220027
262.400000	0.220027
262.464000	0.220027
262.528000	0.220027
262.592000	0.220027
262.656000	0.220027
262.720000	0.220027
262.784000	0.220027
262.848000	0.220027
262.912000	0.220027
262.976000	0.220027
263.040000	0.220027
263.104000	0.220027
263.168000	0.220027
263.232000	0.220027
263.296000	0.220027
263.360000	0.220027
263.424000	0.220027
263.488000	0.220027
263.552000	0.220027
263.616000	0.220027
263.680000	0.220027
263.744000	0.220027
263.808000	0.220027
263.872000	0.220027
263.936000	0.220027
264.000000	0.220027
264.064000	0.220027
264.128000	0.220027
264.192000	0.220027
264.256000	0.220027
264.320000	0.220027
264.384000	0.220027
264.448000	0.220027
264.512000	0.220027
264.576000	0.220027
264.640000	0.220027
264.704000	0.220027
264.768000	0.220027
264.832000	0.220027
264.896000	0.220027
264.960000	0.220027
265.024000	0.220027
265.088000	0.220027
265.152000	0.220027
265.216000	0.220027
265.280000	0.220027
265.344000	0.220027
265.408000	0.220027
265.472000	0.220027
265.536000	0.220027
265.600000	0.220027
265.664000	0.220027
265.728000	0.220027
265.792000	0.220027
265.856000	0.220027
265.920000	0.220027
265.984000	0.220027
266.048000	0.220027
266.112000	0.220027
266.176000	0.220027
266.240000	0.220027
266.304000	0.220027
266.368000	0.220027
266.432000	0.220027
266.496000	0.220027
266.560000	0.220027
266.624000	0.220027
266.688000	0.220027
266.752000	0.220027
266.816000	0.220027
266.880000	0.220027
266.944000	0.220027
267.008000	0.220027
267.072000	0.220027
267.136000	0.220027
267.200000	0.220027
267.264000	0.220027
267.328000	0.220027
267.392000	0.220027
267.456000	0.220027
267.520000	0.220027
267.584000	0.220027
267.648000	0.220027
267.712000	0.220027
267.776000	0.220027
267.840000	0.220027
267.904000	0.220027
267.968000	0.220027
268.032000	0.220027
268.096000	0.220027
268.160000	0.220027
268.224000	0.220027
268.288000	0.220027
268.352000	0.220027
268.416000	0.220027
268.480000	0.220027
268.544000	0.310946
268.608000	0.310946
268.672000	0.310946
268.736000	0.310946
268.800000	0.310946
268.864000	0.310946
268.928000	0.310946
268.992000	0.310946
269.056000	0.310946
269.120000	0.310946
269.184000	0.310946
269.248000	0.310946
269.312000	0.310946
269.376000	0.310946
269.440000	0.310946
269.504000	0.310946
269.568000	0.310946
269.632000	0.310946
269.696000	0.310946
269.760000	0.310946
269.824000	0.310946
269.888000	0.310946
269.952000	0.310946
270.016000	0.310946
270.080000	0.246271
270.144000	0.209934
270.208000	0.209934
270.272000	0.209934
270.336000	0.209934
270.400000	0.209934
270.464000	0.209934
270.528000	0.209934
270.592000	0.209934
270.656000	0.209934
270.720000	0.209934
270.784000	0.206316
270.848000	0.206316
270.912000	0.206316
270.976000	0.206316
271.040000	0.206316
271.104000	0.206316
271.168000	0.206316
271.232000	0.206316
271.296000	0.206316
271.360000	0.206316
271.424000	0.206316
271.488000	0.206316
271.552000	0.206316
271.616000	0.206316
271.680000	0.206316
271.744000	0.206316
271.808000	0.206316
271.872000	0.206316
271.936000	0.206316
272.000000	0.206316
272.064000	0.206316
272.128000	0.206316
272.192000	0.206316
272.256000	0.206316
272.320000	0.206316
272.384000	0.206316
272.448000	0.206316
272.512000	0.206316
272.576000	0.206316
272.640000	0.206316
272.704000	0.206316
272.768000	0.206316
272.832000	0.206316
272.896000	0.206316
272.960000	0.206316
273.024000	0.206316
273.088000	0.206316
273.152000	0.206316
273.216000	0.206316
273.280000	0.206316
273.344000	0.206316
273.408000	0.206316
273.472000	0.206316
273.536000	0.206316
273.600000	0.206316
273.664000	0.206316
273.728000	0.206316
273.792000	0.206316
273.856000	0.206316
273.920000	0.206316
273.984000	0.206316
274.048000	0.206316
274.112000	0.206316
274.176000	0.206316
274.240000	0.206316
274.304000	0.206316
274.368000	0.206316
274.432000	0.206316
274.496000	0.206316
274.560000	0.206316
274.624000	0.206316
274.688000	0.206316
274.752000	0.206316
274.816000	0.206316
274.880000	0.206316
274.944000	0.206316
275.008000	0.206316
275.072000	0.206316
275.136000	0.206316
275.200000	0.206316
275.264000	0.206316
275.328000	0.206316
275.392000	0.206316
275.456000	0.206316
275.520000	0.206316
275.584000	0.206316
275.648000	0.206316
275.712000	0.206316
275.776000	0.206316
275.840000	0.206316
275.904000	0.206316
275.968000	0.206316
276.032000	0.206316
276.096000	0.206316
276.160000	0.206316
276.224000	0.206316
276.288000	0.206316
276.352000	0.206316
276.416000	0.206316
276.480000	0.206316
276.544000	0.206316
276.608000	0.206316
276.672000	0.206316
276.736000	0.206316
276.800000	0.206316
276.864000	0.206316
276.928000	0.206316
276.992000	0.206316
277.056000	0.206316
277.120000	0.206316
277.184000	0.206992
277.248000	0.206992
277.312000	0.206992
277.376000	0.206992
277.440000	0.206992
277.504000	0.206992
277.568000	0.206992
277.632000	0.206992
277.696000	0.206992
277.760000	0.206992
277.824000	0.206992
277.888000	0.206992
277.952000	0.206992
278.016000	0.206992
278.080000	0.206992
278.144000	0.206992
278.208000	0.206992
278.272000	0.206992
278.336000	0.206992
278.400000	0.206992
278.464000	0.206992
278.528000	0.206992
278.592000	0.206992
278.656000	0.206992
278.720000	0.206992
278.784000	0.206992
278.848000	0.206992
278.912000	0.206992
278.976000	0.206992
279.040000	0.206992
279.104000	0.206992
279.168000	0.206992
279.232000	0.206992
279.296000	0.248671
279.360000	0.248671
279.424000	0.248671
279.488000	0.248671
279.552000	0.248671
279.616000	0.248671
279.680000	0.248671
279.744000	0.248671
279.808000	0.237398
279.872000	0.237398
279.936000	0.237398
280.000000	0.165716
280.064000	0.165716
280.128000	0.116074
280.192000	0.116074
280.256000	0.116074
280.320000	0.116074
280.384000	0.116074
280.448000	0.116074
280.512000	0.116074
280.576000	0.116074
280.640000	0.116074
280.704000	0.116074
280.768000	0.116074
280.832000	0.116074
280.896000	0.116074
280.960000	0.116074
281.024000	0.116074
281.088000	0.116074
281.152000	0.116074
281.216000	0.116074
281.280000	0.116074
281.344000	0.116074
281.408000	0.116074
281.472000	0.116074
281.536000	0.116074
281.600000	0.116074
281.664000	0.116074
281.728000	0.116074
281.792000	0.116074
281.856000	0.116074
281.920000	0.116074
281.984000	0.116074
282.048000	0.116074
282.112000	0.116074
282.176000	0.116074
282.240000	0.116074
282.304000	0.116074
282.368000	0.116074
282.432000	0.116074
282.496000	0.116074
282.560000	0.116074
282.624000	0.116074
282.688000	0.116074
282.752000	0.116074
282.816000	0.116074
282.880000	0.116074
282.944000	0.116074
283.008000	0.116074
283.072000	0.116074
283.136000	0.116074
283.200000	0.116074
283.264000	0.116074
283.328000	0.116074
283.392000	0.116074
283.456000	0.116074
283.520000	0.116074
283.584000	0.116074
283.648000	0.116074
283.712000	0.116074
283.776000	0.116074
283.840000	0.116074
283.904000	0.116074
283.968000	0.116074
284.032000	0.116074
284.096000	0.116074
284.160000	0.116074
284.224000	0.116074
284.288000	0.116074
284.352000	0.116074
284.416000	0.116074
284.480000	0.116074
284.544000	0.116074
284.608000	0.116074
284.672000	0.116074
284.736000	0.116074
284.800000	0.116074
284.864000	0.116074
284.928000	0.116074
284.992000	0.116074
285.056000	0.116074
285.120000	0.116074
285.184000	0.116074
285.248000	0.116074
285.312000	0.116074
285.376000	0.116074
285.440000	0.116074
285.504000	0.116074
285.568000	0.116074
285.632000	0.116074
285.696000	0.116074
285.760000	0.116074
285.824000	0.116074
285.888000	0.116074
285.952000	0.116074
286.016000	0.116074
286.080000	0.116074
286.144000	0.116074
286.208000	0.116074
286.272000	0.116074
286.336000	0.116074
286.400000	0.116074
286.464000	0.116074
286.528000	0.186024
286.592000	0.186024
286.656000	0.186024
286.720000	0.186024
286.784000	0.186024
286.848000	0.186024
286.912000	0.186024
286.976000	0.186024
287.040000	0.186024
287.104000	0.186024
287.168000	0.186024
287.232000	0.186024
287.296000	0.186024
287.360000	0.186024
287.424000	0.190230
287.488000	0.190230
287.552000	0.190230
287.616000	0.190230
287.680000	0.190230
287.744000	0.190230
287.808000	0.190230
287.872000	0.190230
287.936000	0.190230
288.000000	0.190230
288.064000	0.190230
288.128000	0.190230
288.192000	0.190230
288.256000	0.190230
288.320000	0.190230
288.384000	0.190230
288.448000	0.190230
288.512000	0.190230
288.576000	0.190230
288.640000	0.190230
288.704000	0.190230
288.768000	0.190230
288.832000	0.190230
288.896000	0.190230
288.960000	0.190230
289.024000	0.190230
289.088000	0.190230
289.152000	0.190230
289.216000	0.190230
289.280000	0.190230
289.344000	0.190230
289.408000	0.190230
289.472000	0.190230
289.536000	0.190230
289.600000	0.190230
289.664000	0.190230
289.728000	0.190230
289.792000	0.190230
289.856000	0.190230
289.920000	0.190230
289.984000	0.190230
290.048000	0.190230
290.112000	0.190230
290.176000	0.190230
290.240000	0.190230
290.304000	0.190230
290.368000	0.190230
290.432000	0.190230
290.496000	0.190230
290.560000	0.190230
290.624000	0.190230
290.688000	0.190230
290.752000	0.190230
290.816000	0.190230
290.880000	0.190230
290.944000	0.190230
291.008000	0.190230
291.072000	0.190230
291.136000	0.190230
291.200000	0.190230
291.264000	0.190230
291.328000	0.190230
291.392000	0.190230
291.456000	0.190230
291.520000	0.226846
291.584000	0.226846
291.648000	0.226846
291.712000	0.226846
291.776000	0.226846
291.840000	0.226846
291.904000	0.226846
291.968000	0.226846
292.032000	0.226846
292.096000	0.226846
292.160000	0.226846
292.224000	0.226846
292.288000	0.226846
292.352000	0.226846
292.416000	0.226846
292.480000	0.226846
292.544000	0.226846
292.608000	0.226846
292.672000	0.226846
292.736000	0.226846
292.800000	0.226846
292.864000	0.235889
292.928000	0.235889
292.992000	0.235889
293.056000	0.235889
293.120000	0.235889
293.184000	0.235889
293.248000	0.235889
293.312000	0.235889
293.376000	0.235889
293.440000	0.235889
293.504000	0.235889
293.568000	0.235889
293.632000	0.235889
293.696000	0.235889
293.760000	0.235889
293.824000	0.235889
293.888000	0.235889
293.952000	0.235889
294.016000	0.235889
294.080000	0.235889
294.144000	0.235889
294.208000	0.235889
294.272000	0.235889
294.336000	0.235889
294.400000	0.235889
294.464000	0.235889
294.528000	0.235889
294.592000	0.197113
294.656000	0.197113
294.720000	0.197113
294.784000	0.197113
294.848000	0.187788
294.912000	0.187788
294.976000	0.187788
295.040000	0.187788
295.104000	0.187788
295.168000	0.187788
295.232000	0.187788
295.296000	0.187788
295.360000	0.187788
295.424000	0.187788
295.488000	0.187788
295.552000	0.187788
295.616000	0.187788
295.680000	0.187788
295.744000	0.187788
295.808000	0.187788
295.872000	0.187788
295.936000	0.187788
296.000000	0.187788
296.064000	0.187788
296.128000	0.187788
296.192000	0.187788
296.256000	0.187788
296.320000	0.187788
296.384000	0.187788
296.448000	0.187788
296.512000	0.187788
296.576000	0.187788
296.640000	0.187788
296.704000	0.187788
296.768000	0.187788
296.832000	0.187788
296.896000	0.187788
296.960000	0.187788
297.024000	0.187788
297.088000	0.187788
297.152000	0.187788
297.216000	0.187788
297.280000	0.187788
297.344000	0.187788
297.408000	0.187788
297.472000	0.187788
297.536000	0.187788
297.600000	0.187788
297.664000	0.187788
297.728000	0.187788
297.792000	0.187788
297.856000	0.000007
297.920000	0.000005
297.984000	0.000004
298.048000	0.000004
298.112000	0.000003
298.176000	0.000003
298.240000	0.000003
298.304000	0.000003
298.368000	0.000003
298.432000	0.000003
298.496000	0.000003
298.560000	0.000003
298.624000	0.000003
298.688000	0.000000
298.752000	0.000000
298.816000	0.000000
298.880000	0.000000
298.944000	0.000000
299.008000	0.000000
299.072000	0.000000
299.136000	0.000000
299.200000	0.000000
299.264000	0.000000
299.328000	0.000000
299.392000	0.000000
299.456000	0.000000
299.520000	0.000000
299.584000	0.000000
299.648000	0.000000
299.712000	0.000000
299.776000	0.000000
299.840000	0.000000
299.904000	0.000000
299.968000	0.000000
300.032000	0.000000
300.096000	0.000000
300.160000	0.000000
300.224000	0.000000
300.288000	0.000000
300.352000	0.000000
300.416000	0.000000
300.480000	0.000000
300.544000	0.000000
300.608000	0.000000
300.672000	0.000000
300.736000	0.000000
300.800000	0.000000
300.864000	0.000000
300.928000	0.000000
300.992000	0.000000
301.056000	0.000000
301.120000	0.000000
301.184000	0.000000
301.248000	0.000000
301.312000	0.000000
301.376000	0.000000
301.440000	0.000000
301.504000	0.000000
301.568000	0.000000
301.632000	0.000000
301.696000	0.000000
301.760000	0.000000
301.824000	0.000000
