0.064000	0.000000
0.128000	0.000000
0.192000	0.000000
0.256000	0.000000
0.320000	0.000000
0.384000	0.000000
0.448000	0.000000
0.512000	0.000000
0.576000	0.000000
0.640000	0.000000
0.704000	0.000000
0.768000	0.000000
0.832000	0.000000
0.896000	0.000000
0.960000	0.000000
1.024000	0.000000
1.088000	0.000000
1.152000	0.000000
1.216000	0.000000
1.280000	0.000000
1.344000	0.000000
1.408000	0.000000
1.472000	0.000000
1.536000	0.000000
1.600000	0.000000
1.664000	0.000000
1.728000	0.000000
1.792000	0.000000
1.856000	0.000000
1.920000	0.000000
1.984000	0.000000
2.048000	0.000000
2.112000	0.000000
2.176000	0.000000
2.240000	0.000000
2.304000	0.000000
2.368000	0.000000
2.432000	0.000000
2.496000	0.000000
2.560000	0.000000
2.624000	0.000000
2.688000	0.000000
2.752000	0.000000
2.816000	0.000000
2.880000	0.000000
2.944000	0.000000
3.008000	0.000000
3.072000	0.000000
3.136000	0.000000
3.200000	0.000000
3.264000	0.491062
3.328000	0.491062
3.392000	0.491062
3.456000	0.491062
3.520000	0.491062
3.584000	0.423409
3.648000	0.423409
3.712000	0.423409
3.776000	0.423409
3.840000	0.423409
3.904000	0.423409
3.968000	0.423409
4.032000	0.423409
4.096000	0.423409
4.160000	0.423409
4.224000	0.423409
4.288000	0.423409
4.352000	0.423409
4.416000	0.423409
4.480000	0.423409
4.544000	0.423409
4.608000	0.423409
4.672000	0.423409
4.736000	0.423409
4.800000	0.423409
4.864000	0.423409
4.928000	0.423409
4.992000	0.423409
5.056000	0.423409
5.120000	0.423409
5.184000	0.423409
5.248000	0.423409
5.312000	0.423409
5.376000	0.423409
5.440000	0.423409
5.504000	0.423409
5.568000	0.423409
5.632000	0.423409
5.696000	0.423409
5.760000	0.423409
5.824000	0.423409
5.888000	0.423409
5.952000	0.423409
6.016000	0.423409
6.080000	0.423409
6.144000	0.423409
6.208000	0.423409
6.272000	0.423409
6.336000	0.423409
6.400000	0.224035
6.464000	0.224035
6.528000	0.224035
6.592000	0.224035
6.656000	0.224035
6.720000	0.224035
6.784000	0.224035
6.848000	0.224035
6.912000	0.224035
6.976000	0.224035
7.040000	0.224035
7.104000	0.224035
7.168000	0.224035
7.232000	0.224035
7.296000	0.224035
7.360000	0.224035
7.424000	0.224035
7.488000	0.224035
7.552000	0.224035
7.616000	0.224035
7.680000	0.224035
7.744000	0.224035
7.808000	0.224035
7.872000	0.224035
7.936000	0.224035
8.000000	0.224035
8.064000	0.224035
8.128000	0.224035
8.192000	0.224035
8.256000	0.224035
8.320000	0.224035
8.384000	0.224035
8.448000	0.224035
8.512000	0.224035
8.576000	0.224035
8.640000	0.224035
8.704000	0.224035
8.768000	0.224035
8.832000	0.224035
8.896000	0.224035
8.960000	0.224035
9.024000	0.224035
9.088000	0.224035
9.152000	0.224035
9.216000	0.224035
9.280000	0.224035
9.344000	0.224035
9.408000	0.224035
9.472000	0.224035
9.536000	0.224035
9.600000	0.224035
9.664000	0.224035
9.728000	0.224035
9.792000	0.224035
9.856000	0.224035
9.920000	0.224035
9.984000	0.224035
10.048000	0.224035
10.112000	0.224035
10.176000	0.224035
10.240000	0.224035
10.304000	0.224035
10.368000	0.224035
10.432000	0.224035
10.496000	0.224035
10.560000	0.224035
10.624000	0.224035
10.688000	0.224035
10.752000	0.224035
10.816000	0.224035
10.880000	0.224035
10.944000	0.224035
11.008000	0.224035
11.072000	0.224035
11.136000	0.224035
11.200000	0.224035
11.264000	0.224035
11.328000	0.224035
11.392000	0.224035
11.456000	0.224035
11.520000	0.224035
11.584000	0.224035
11.648000	0.224035
11.712000	0.224035
11.776000	0.224035
11.840000	0.224035
11.904000	0.224035
11.968000	0.224035
12.032000	0.224035
12.096000	0.224035
12.160000	0.224035
12.224000	0.224035
12.288000	0.224035
12.352000	0.224035
12.416000	0.224035
12.480000	0.224035
12.544000	0.224035
12.608000	0.224035
12.672000	0.224035
12.736000	0.224035
12.800000	0.243114
12.864000	0.243114
12.928000	0.243114
12.992000	0.243114
13.056000	0.243114
13.120000	0.243114
13.184000	0.243114
13.248000	0.243114
13.312000	0.243114
13.376000	0.243114
13.440000	0.243114
13.504000	0.243114
13.568000	0.243114
13.632000	0.243114
13.696000	0.243114
13.760000	0.243114
13.824000	0.243114
13.888000	0.243114
13.952000	0.243114
14.016000	0.243114
14.080000	0.243114
14.144000	0.243114
14.208000	0.243114
14.272000	0.243114
14.336000	0.243114
14.400000	0.243114
14.464000	0.243114
14.528000	0.243114
14.592000	0.243114
14.656000	0.273915
14.720000	0.273915
14.784000	0.273915
14.848000	0.273915
14.912000	0.273915
14.976000	0.273915
15.040000	0.273915
15.104000	0.277837
15.168000	0.277837
15.232000	0.277837
15.296000	0.277837
15.360000	0.277837
15.424000	0.277837
15.488000	0.277837
15.552000	0.277837
15.616000	0.277837
15.680000	0.277837
15.744000	0.277837
15.808000	0.277837
15.872000	0.277837
15.936000	0.277837
16.000000	0.277837
16.064000	0.277837
16.128000	0.277837
16.192000	0.277837
16.256000	0.277837
16.320000	0.229024
16.384000	0.229024
16.448000	0.229024
16.512000	0.229024
16.576000	0.229024
16.640000	0.229024
16.704000	0.229024
16.768000	0.229024
16.832000	0.229024
16.896000	0.229024
16.960000	0.229024
17.024000	0.229024
17.088000	0.229024
17.152000	0.229024
17.216000	0.229024
17.280000	0.229024
17.344000	0.229024
17.408000	0.229024
17.472000	0.229024
17.536000	0.229024
17.600000	0.229024
17.664000	0.229024
17.728000	0.229024
17.792000	0.229024
17.856000	0.229024
17.920000	0.229024
17.984000	0.229024
18.048000	0.229024
18.112000	0.229024
18.176000	0.229024
18.240000	0.229024
18.304000	0.229024
18.368000	0.229024
18.432000	0.229024
18.496000	0.229024
18.560000	0.229024
18.624000	0.229024
18.688000	0.229024
18.752000	0.229024
18.816000	0.229024
18.880000	0.229024
18.944000	0.229024
19.008000	0.229024
19.072000	0.158463
19.136000	0.158463
19.200000	0.158463
19.264000	0.158463
19.328000	0.158463
19.392000	0.158463
19.456000	0.158463
19.520000	0.158463
19.584000	0.158463
19.648000	0.158463
19.712000	0.158463
19.776000	0.158463
19.840000	0.158463
19.904000	0.158463
19.968000	0.158463
20.032000	0.158463
20.096000	0.158463
20.160000	0.158463
20.224000	0.158463
20.288000	0.158463
20.352000	0.158463
20.416000	0.158463
20.480000	0.158463
20.544000	0.158463
20.608000	0.158463
20.672000	0.158463
20.736000	0.158463
20.800000	0.158463
20.864000	0.158463
20.928000	0.158463
20.992000	0.158463
21.056000	0.158463
21.120000	0.158463
21.184000	0.158463
21.248000	0.158463
21.312000	0.158463
21.376000	0.158463
21.440000	0.158463
21.504000	0.158463
21.568000	0.158463
21.632000	0.158463
21.696000	0.158463
21.760000	0.158463
21.824000	0.158463
21.888000	0.158463
21.952000	0.158463
22.016000	0.158463
22.080000	0.158463
22.144000	0.158463
22.208000	0.158463
22.272000	0.158463
22.336000	0.158463
22.400000	0.158463
22.464000	0.158463
22.528000	0.158463
22.592000	0.158463
22.656000	0.158463
22.720000	0.158463
22.784000	0.158463
22.848000	0.158463
22.912000	0.158463
22.976000	0.158463
23.040000	0.158463
23.104000	0.158463
23.168000	0.158463
23.232000	0.158463
23.296000	0.158463
23.360000	0.158463
23.424000	0.158463
23.488000	0.158463
23.552000	0.158463
23.616000	0.158463
23.680000	0.158463
23.744000	0.158463
23.808000	0.158463
23.872000	0.158463
23.936000	0.158463
24.000000	0.158463
24.064000	0.158463
24.128000	0.158463
24.192000	0.158463
24.256000	0.158463
24.320000	0.158463
24.384000	0.158463
24.448000	0.158463
24.512000	0.158463
24.576000	0.158463
24.640000	0.158463
24.704000	0.158463
24.768000	0.158463
24.832000	0.158463
24.896000	0.158463
24.960000	0.158463
25.024000	0.158463
25.088000	0.158463
25.152000	0.158463
25.216000	0.158463
25.280000	0.158463
25.344000	0.158463
25.408000	0.158463
25.472000	0.285314
25.536000	0.285314
25.600000	0.285314
25.664000	0.285314
25.728000	0.285314
25.792000	0.285314
25.856000	0.285314
25.920000	0.285314
25.984000	0.285314
26.048000	0.285314
26.112000	0.285314
26.176000	0.285314
26.240000	0.285314
26.304000	0.285314
26.368000	0.285314
26.432000	0.285314
26.496000	0.285314
26.560000	0.285314
26.624000	0.285314
26.688000	0.285314
26.752000	0.285314
26.816000	0.285314
26.880000	0.277688
26.944000	0.277688
27.008000	0.277688
27.072000	0.277688
27.136000	0.277688
27.200000	0.277688
27.264000	0.277688
27.328000	0.277688
27.392000	0.277688
27.456000	0.277688
27.520000	0.277688
27.584000	0.277688
27.648000	0.277688
27.712000	0.276989
27.776000	0.276989
27.840000	0.247896
27.904000	0.247896
27.968000	0.247896
28.032000	0.247896
28.096000	0.247896
28.160000	0.247896
28.224000	0.247896
28.288000	0.247896
28.352000	0.247896
28.416000	0.247896
28.480000	0.247896
28.544000	0.247896
28.608000	0.247896
28.672000	0.247896
28.736000	0.247896
28.800000	0.247896
28.864000	0.247896
28.928000	0.247896
28.992000	0.247896
29.056000	0.247896
29.120000	0.247896
29.184000	0.247896
29.248000	0.247896
29.312000	0.247896
29.376000	0.247896
29.440000	0.247896
29.504000	0.247896
29.568000	0.247896
29.632000	0.247896
29.696000	0.247896
29.760000	0.247896
29.824000	0.247896
29.888000	0.247896
29.952000	0.247896
30.016000	0.247896
30.080000	0.247896
30.144000	0.247896
30.208000	0.247896
30.272000	0.247896
30.336000	0.247896
30.400000	0.247896
30.464000	0.247896
30.528000	0.247896
30.592000	0.247896
30.656000	0.247896
30.720000	0.247896
30.784000	0.247896
30.848000	0.247896
30.912000	0.247896
30.976000	0.247896
31.040000	0.247896
31.104000	0.247896
31.168000	0.247896
31.232000	0.247896
31.296000	0.247896
31.360000	0.247896
31.424000	0.247896
31.488000	0.247896
31.552000	0.247896
31.616000	0.247896
31.680000	0.247896
31.744000	0.247896
31.808000	0.247896
31.872000	0.247896
31.936000	0.247896
32.000000	0.247896
32.064000	0.247896
32.128000	0.247896
32.192000	0.247896
32.256000	0.247896
32.320000	0.247896
32.384000	0.247896
32.448000	0.247896
32.512000	0.247896
32.576000	0.247896
32.640000	0.247896
32.704000	0.247896
32.768000	0.247896
32.832000	0.247896
32.896000	0.247896
32.960000	0.247896
33.024000	0.247896
33.088000	0.247896
33.152000	0.247896
33.216000	0.247896
33.280000	0.247896
33.344000	0.247896
33.408000	0.247896
33.472000	0.247896
33.536000	0.247896
33.600000	0.247896
33.664000	0.247896
33.728000	0.247896
33.792000	0.247896
33.856000	0.247896
33.920000	0.247896
33.984000	0.247896
34.048000	0.247896
34.112000	0.247896
34.176000	0.247896
34.240000	0.335478
34.304000	0.335478
34.368000	0.335478
34.432000	0.335478
34.496000	0.335478
34.560000	0.335478
34.624000	0.335478
34.688000	0.335478
34.752000	0.335478
34.816000	0.335478
34.880000	0.335478
34.944000	0.335478
35.008000	0.335478
35.072000	0.335478
35.136000	0.335478
35.200000	0.335478
35.264000	0.335478
35.328000	0.335478
35.392000	0.335478
35.456000	0.335478
35.520000	0.335478
35.584000	0.335478
35.648000	0.335478
35.712000	0.335478
35.776000	0.335478
35.840000	0.335478
35.904000	0.335478
35.968000	0.335478
36.032000	0.335478
36.096000	0.335478
36.160000	0.335478
36.224000	0.335478
36.288000	0.335478
36.352000	0.335478
36.416000	0.335478
36.480000	0.335478
36.544000	0.335478
36.608000	0.283325
36.672000	0.283325
36.736000	0.283325
36.800000	0.283325
36.864000	0.283325
36.928000	0.283325
36.992000	0.283325
37.056000	0.283325
37.120000	0.283325
37.184000	0.283325
37.248000	0.283325
37.312000	0.283325
37.376000	0.283325
37.440000	0.283325
37.504000	0.283325
37.568000	0.283325
37.632000	0.283325
37.696000	0.283325
37.760000	0.283325
37.824000	0.283325
37.888000	0.283325
37.952000	0.283325
38.016000	0.283325
38.080000	0.283325
38.144000	0.283325
38.208000	0.283325
38.272000	0.283325
38.336000	0.283325
38.400000	0.283325
38.464000	0.283325
38.528000	0.283325
38.592000	0.283325
38.656000	0.283325
38.720000	0.283325
38.784000	0.283325
38.848000	0.283325
38.912000	0.283325
38.976000	0.283325
39.040000	0.283325
39.104000	0.283325
39.168000	0.283325
39.232000	0.283325
39.296000	0.283325
39.360000	0.283325
39.424000	0.283325
39.488000	0.283325
39.552000	0.283325
39.616000	0.283325
39.680000	0.283325
39.744000	0.283325
39.808000	0.283325
39.872000	0.283325
39.936000	0.283325
40.000000	0.283325
40.064000	0.283325
40.128000	0.283325
40.192000	0.283325
40.256000	0.283325
40.320000	0.283325
40.384000	0.283325
40.448000	0.283325
40.512000	0.283325
40.576000	0.283325
40.640000	0.283325
40.704000	0.283325
40.768000	0.283325
40.832000	0.283325
40.896000	0.283325
40.960000	0.283325
41.024000	0.283325
41.088000	0.283325
41.152000	0.283325
41.216000	0.283325
41.280000	0.283325
41.344000	0.283325
41.408000	0.283325
41.472000	0.283325
41.536000	0.283325
41.600000	0.283325
41.664000	0.283325
41.728000	0.268581
41.792000	0.268581
41.856000	0.268581
41.920000	0.268581
41.984000	0.268581
42.048000	0.268581
42.112000	0.268581
42.176000	0.268581
42.240000	0.268581
42.304000	0.268581
42.368000	0.268581
42.432000	0.268581
42.496000	0.268581
42.560000	0.268581
42.624000	0.268581
42.688000	0.268581
42.752000	0.268581
42.816000	0.268581
42.880000	0.268581
42.944000	0.268581
43.008000	0.268581
43.072000	0.268581
43.136000	0.268581
43.200000	0.268581
43.264000	0.268581
43.328000	0.268581
43.392000	0.268581
43.456000	0.268581
43.520000	0.268581
43.584000	0.268581
43.648000	0.268581
43.712000	0.268581
43.776000	0.268581
43.840000	0.268581
43.904000	0.268581
43.968000	0.268581
44.032000	0.268581
44.096000	0.268581
44.160000	0.268581
44.224000	0.268581
44.288000	0.268581
44.352000	0.268581
44.416000	0.268581
44.480000	0.268581
44.544000	0.268581
44.608000	0.268581
44.672000	0.268581
44.736000	0.268581
44.800000	0.268581
44.864000	0.268581
44.928000	0.268581
44.992000	0.268581
45.056000	0.268581
45.120000	0.268581
45.184000	0.268581
45.248000	0.268581
45.312000	0.268581
45.376000	0.268581
45.440000	0.268581
45.504000	0.268581
45.568000	0.268581
45.632000	0.268581
45.696000	0.268581
45.760000	0.268581
45.824000	0.268581
45.888000	0.268581
45.952000	0.268581
46.016000	0.268581
46.080000	0.268581
46.144000	0.268581
46.208000	0.268581
46.272000	0.268581
46.336000	0.268581
46.400000	0.268581
46.464000	0.268581
46.528000	0.268581
46.592000	0.268581
46.656000	0.268581
46.720000	0.268581
46.784000	0.268581
46.848000	0.268581
46.912000	0.268581
46.976000	0.268581
47.040000	0.268581
47.104000	0.268581
47.168000	0.268581
47.232000	0.268581
47.296000	0.268581
47.360000	0.268581
47.424000	0.268581
47.488000	0.268581
47.552000	0.268581
47.616000	0.268581
47.680000	0.268581
47.744000	0.268581
47.808000	0.268581
47.872000	0.268581
47.936000	0.268581
48.000000	0.268581
48.064000	0.268581
48.128000	0.270056
48.192000	0.356073
48.256000	0.356073
48.320000	0.356073
48.384000	0.356073
48.448000	0.356073
48.512000	0.356073
48.576000	0.356073
48.640000	0.356073
48.704000	0.356073
48.768000	0.356073
48.832000	0.356073
48.896000	0.356073
48.960000	0.356073
49.024000	0.356073
49.088000	0.356073
49.152000	0.356073
49.216000	0.354920
49.280000	0.354920
49.344000	0.354920
49.408000	0.354920
49.472000	0.354920
49.536000	0.354920
49.600000	0.354920
49.664000	0.354920
49.728000	0.354920
49.792000	0.354920
49.856000	0.354920
49.920000	0.354920
49.984000	0.354920
50.048000	0.354920
50.112000	0.354920
50.176000	0.354920
50.240000	0.354920
50.304000	0.354920
50.368000	0.354920
50.432000	0.354920
50.496000	0.354920
50.560000	0.354920
50.624000	0.354920
50.688000	0.354920
50.752000	0.354920
50.816000	0.354920
50.880000	0.354920
50.944000	0.354920
51.008000	0.354920
51.072000	0.354920
51.136000	0.354920
51.200000	0.354920
51.264000	0.354920
51.328000	0.354920
51.392000	0.354920
51.456000	0.354920
51.520000	0.354920
51.584000	0.354920
51.648000	0.354920
51.712000	0.354920
51.776000	0.354920
51.840000	0.354920
51.904000	0.354920
51.968000	0.354920
52.032000	0.354920
52.096000	0.354920
52.160000	0.354920
52.224000	0.354920
52.288000	0.354920
52.352000	0.354920
52.416000	0.354920
52.480000	0.354920
52.544000	0.354920
52.608000	0.354920
52.672000	0.354920
52.736000	0.354920
52.800000	0.354920
52.864000	0.354920
52.928000	0.354920
52.992000	0.354920
53.056000	0.354920
53.120000	0.354920
53.184000	0.354920
53.248000	0.354920
53.312000	0.354920
53.376000	0.354920
53.440000	0.354920
53.504000	0.354920
53.568000	0.354920
53.632000	0.354920
53.696000	0.354920
53.760000	0.354920
53.824000	0.354920
53.888000	0.354920
53.952000	0.354920
54.016000	0.354920
54.080000	0.354920
54.144000	0.354920
54.208000	0.354920
54.272000	0.354920
54.336000	0.354920
54.400000	0.354920
54.464000	0.354920
54.528000	0.354920
54.592000	0.354920
54.656000	0.354920
54.720000	0.354920
54.784000	0.354920
54.848000	0.354920
54.912000	0.354920
54.976000	0.354920
55.040000	0.354920
55.104000	0.354920
55.168000	0.354920
55.232000	0.354920
55.296000	0.354920
55.360000	0.354920
55.424000	0.354920
55.488000	0.354920
55.552000	0.354920
55.616000	0.419490
55.680000	0.419490
55.744000	0.419490
55.808000	0.419490
55.872000	0.419490
55.936000	0.419490
56.000000	0.419490
56.064000	0.419490
56.128000	0.419490
56.192000	0.419490
56.256000	0.419490
56.320000	0.419490
56.384000	0.419490
56.448000	0.419490
56.512000	0.419490
56.576000	0.525652
56.640000	0.525652
56.704000	0.525652
56.768000	0.525652
56.832000	0.525652
56.896000	0.525652
56.960000	0.525652
57.024000	0.525652
57.088000	0.525652
57.152000	0.525652
57.216000	0.525652
57.280000	0.448678
57.344000	0.448678
57.408000	0.448678
57.472000	0.448678
57.536000	0.448678
57.600000	0.448678
57.664000	0.448678
57.728000	0.448678
57.792000	0.448678
57.856000	0.448678
57.920000	0.448678
57.984000	0.448678
58.048000	0.448678
58.112000	0.448678
58.176000	0.448678
58.240000	0.448678
58.304000	0.448678
58.368000	0.448678
58.432000	0.448678
58.496000	0.448678
58.560000	0.448678
58.624000	0.448678
58.688000	0.448678
58.752000	0.448678
58.816000	0.448678
58.880000	0.448678
58.944000	0.448678
59.008000	0.448678
59.072000	0.448678
59.136000	0.448678
59.200000	0.448678
59.264000	0.448678
59.328000	0.448678
59.392000	0.448678
59.456000	0.448678
59.520000	0.448678
59.584000	0.448678
59.648000	0.448678
59.712000	0.448678
59.776000	0.448678
59.840000	0.448678
59.904000	0.448678
59.968000	0.448678
60.032000	0.448678
60.096000	0.448678
60.160000	0.448678
60.224000	0.448678
60.288000	0.448678
60.352000	0.448678
60.416000	0.448678
60.480000	0.448678
60.544000	0.448678
60.608000	0.448678
60.672000	0.448678
60.736000	0.448678
60.800000	0.448678
60.864000	0.448678
60.928000	0.448678
60.992000	0.448678
61.056000	0.448678
61.120000	0.448678
61.184000	0.448678
61.248000	0.448678
61.312000	0.448678
61.376000	0.448678
61.440000	0.448678
61.504000	0.448678
61.568000	0.448678
61.632000	0.448678
61.696000	0.448678
61.760000	0.448678
61.824000	0.448678
61.888000	0.448678
61.952000	0.448678
62.016000	0.448678
62.080000	0.448678
62.144000	0.448678
62.208000	0.448678
62.272000	0.448678
62.336000	0.448678
62.400000	0.448678
62.464000	0.448678
62.528000	0.448678
62.592000	0.448678
62.656000	0.448678
62.720000	0.448678
62.784000	0.448678
62.848000	0.448678
62.912000	0.448678
62.976000	0.448678
63.040000	0.448678
63.104000	0.448678
63.168000	0.448678
63.232000	0.448678
63.296000	0.448678
63.360000	0.448678
63.424000	0.448678
63.488000	0.281927
63.552000	0.281927
63.616000	0.281927
63.680000	0.281927
63.744000	0.281927
63.808000	0.281927
63.872000	0.281927
63.936000	0.281927
64.000000	0.281927
64.064000	0.281927
64.128000	0.281927
64.192000	0.281927
64.256000	0.281927
64.320000	0.281927
64.384000	0.281927
64.448000	0.281927
64.512000	0.281927
64.576000	0.281927
64.640000	0.281927
64.704000	0.281927
64.768000	0.281927
64.832000	0.281927
64.896000	0.281927
64.960000	0.281927
65.024000	0.281927
65.088000	0.281927
65.152000	0.281927
65.216000	0.281927
65.280000	0.281927
65.344000	0.281927
65.408000	0.281927
65.472000	0.281927
65.536000	0.281927
65.600000	0.281927
65.664000	0.281927
65.728000	0.281927
65.792000	0.281927
65.856000	0.281927
65.920000	0.281927
65.984000	0.281927
66.048000	0.281927
66.112000	0.262094
66.176000	0.262094
66.240000	0.262094
66.304000	0.262094
66.368000	0.262094
66.432000	0.262094
66.496000	0.262094
66.560000	0.262094
66.624000	0.262094
66.688000	0.262094
66.752000	0.262094
66.816000	0.262094
66.880000	0.262094
66.944000	0.262094
67.008000	0.262094
67.072000	0.262094
67.136000	0.262094
67.200000	0.262094
67.264000	0.262094
67.328000	0.262094
67.392000	0.262094
67.456000	0.262094
67.520000	0.262094
67.584000	0.262094
67.648000	0.262094
67.712000	0.262094
67.776000	0.262094
67.840000	0.262094
67.904000	0.262094
67.968000	0.262094
68.032000	0.262094
68.096000	0.262094
68.160000	0.262094
68.224000	0.262094
68.288000	0.262094
68.352000	0.262094
68.416000	0.262094
68.480000	0.262094
68.544000	0.262094
68.608000	0.262094
68.672000	0.262094
68.736000	0.262094
68.800000	0.262094
68.864000	0.262094
68.928000	0.262094
68.992000	0.262094
69.056000	0.262094
69.120000	0.262094
69.184000	0.262094
69.248000	0.262094
69.312000	0.262094
69.376000	0.262094
69.440000	0.262094
69.504000	0.262094
69.568000	0.262094
69.632000	0.262094
69.696000	0.262094
69.760000	0.262094
69.824000	0.262094
69.888000	0.262094
69.952000	0.262094
70.016000	0.262094
70.080000	0.262094
70.144000	0.262094
70.208000	0.262094
70.272000	0.262094
70.336000	0.262094
70.400000	0.262094
70.464000	0.262094
70.528000	0.262094
70.592000	0.262094
70.656000	0.262094
70.720000	0.262094
70.784000	0.262094
70.848000	0.262094
70.912000	0.262094
70.976000	0.262094
71.040000	0.262094
71.104000	0.262094
71.168000	0.262094
71.232000	0.262094
71.296000	0.262094
71.360000	0.262094
71.424000	0.262094
71.488000	0.262094
71.552000	0.262094
71.616000	0.262094
71.680000	0.262094
71.744000	0.262094
71.808000	0.262094
71.872000	0.262094
71.936000	0.256252
72.000000	0.137870
72.064000	0.137870
72.128000	0.137870
72.192000	0.137870
72.256000	0.137870
72.320000	0.137870
72.384000	0.137870
72.448000	0.137870
72.512000	0.137870
72.576000	0.137870
72.640000	0.137870
72.704000	0.137870
72.768000	0.137870
72.832000	0.137870
72.896000	0.137870
72.960000	0.137870
73.024000	0.137870
73.088000	0.137870
73.152000	0.137870
73.216000	0.137870
73.280000	0.137870
73.344000	0.137870
73.408000	0.137870
73.472000	0.137870
73.536000	0.137870
73.600000	0.137870
73.664000	0.137870
73.728000	0.137870
73.792000	0.137870
73.856000	0.137870
73.920000	0.137870
73.984000	0.137870
74.048000	0.137870
74.112000	0.137870
74.176000	0.137870
74.240000	0.137870
74.304000	0.137870
74.368000	0.137870
74.432000	0.137870
74.496000	0.137870
74.560000	0.137870
74.624000	0.137870
74.688000	0.137870
74.752000	0.137870
74.816000	0.137870
74.880000	0.137870
74.944000	0.137870
75.008000	0.137870
75.072000	0.137870
75.136000	0.137870
75.200000	0.137870
75.264000	0.137870
75.328000	0.137870
75.392000	0.137870
75.456000	0.137870
75.520000	0.137870
75.584000	0.137870
75.648000	0.137870
75.712000	0.137870
75.776000	0.137870
75.840000	0.137870
75.904000	0.137870
75.968000	0.137870
76.032000	0.137870
76.096000	0.137870
76.160000	0.137870
76.224000	0.137870
76.288000	0.108371
76.352000	0.108371
76.416000	0.108371
76.480000	0.108371
76.544000	0.108371
76.608000	0.108371
76.672000	0.108371
76.736000	0.108371
76.800000	0.108371
76.864000	0.108371
76.928000	0.108371
76.992000	0.108371
77.056000	0.108371
77.120000	0.108371
77.184000	0.108371
77.248000	0.108371
77.312000	0.108371
77.376000	0.108371
77.440000	0.108371
77.504000	0.108371
77.568000	0.108371
77.632000	0.108371
77.696000	0.108371
77.760000	0.108371
77.824000	0.108371
77.888000	0.108371
77.952000	0.108371
78.016000	0.108371
78.080000	0.108371
78.144000	0.108371
78.208000	0.108371
78.272000	0.108371
78.336000	0.108371
78.400000	0.108371
78.464000	0.108371
78.528000	0.108371
78.592000	0.108371
78.656000	0.108371
78.720000	0.108371
78.784000	0.108371
78.848000	0.108371
78.912000	0.108371
78.976000	0.108371
79.040000	0.108371
79.104000	0.108371
79.168000	0.108371
79.232000	0.108371
79.296000	0.108371
79.360000	0.108371
79.424000	0.108371
79.488000	0.108371
79.552000	0.108371
79.616000	0.108371
79.680000	0.108371
79.744000	0.108371
79.808000	0.108371
79.872000	0.108371
79.936000	0.108371
80.000000	0.108371
80.064000	0.108371
80.128000	0.108371
80.192000	0.108371
80.256000	0.108371
80.320000	0.108371
80.384000	0.108371
80.448000	0.108371
80.512000	0.108371
80.576000	0.108371
80.640000	0.108371
80.704000	0.108371
80.768000	0.108371
80.832000	0.108371
80.896000	0.108371
80.960000	0.108371
81.024000	0.108371
81.088000	0.108371
81.152000	0.108371
81.216000	0.108371
81.280000	0.108371
81.344000	0.108371
81.408000	0.108371
81.472000	0.108371
81.536000	0.108371
81.600000	0.108371
81.664000	0.108371
81.728000	0.108371
81.792000	0.108371
81.856000	0.108371
81.920000	0.108371
81.984000	0.108371
82.048000	0.108371
82.112000	0.108371
82.176000	0.108371
82.240000	0.108371
82.304000	0.108371
82.368000	0.108371
82.432000	0.108371
82.496000	0.108371
82.560000	0.108371
82.624000	0.108371
82.688000	0.156670
82.752000	0.156670
82.816000	0.156670
82.880000	0.156670
82.944000	0.156670
83.008000	0.156670
83.072000	0.156670
83.136000	0.183592
83.200000	0.200528
83.264000	0.200528
83.328000	0.200528
83.392000	0.200528
83.456000	0.200528
83.520000	0.200528
83.584000	0.200528
83.648000	0.200528
83.712000	0.218141
83.776000	0.218141
83.840000	0.218141
83.904000	0.218141
83.968000	0.218141
84.032000	0.218141
84.096000	0.218141
84.160000	0.218141
84.224000	0.218141
84.288000	0.218141
84.352000	0.218141
84.416000	0.206957
84.480000	0.206957
84.544000	0.206957
84.608000	0.206957
84.672000	0.206957
84.736000	0.206957
84.800000	0.206957
84.864000	0.206957
84.928000	0.206957
84.992000	0.206957
85.056000	0.206957
85.120000	0.206957
85.184000	0.206957
85.248000	0.206957
85.312000	0.206957
85.376000	0.206957
85.440000	0.206957
85.504000	0.206957
85.568000	0.206957
85.632000	0.206957
85.696000	0.206957
85.760000	0.206957
85.824000	0.206957
85.888000	0.206957
85.952000	0.206957
86.016000	0.206957
86.080000	0.206957
86.144000	0.206957
86.208000	0.206957
86.272000	0.206957
86.336000	0.206957
86.400000	0.206957
86.464000	0.206957
86.528000	0.206957
86.592000	0.206957
86.656000	0.206957
86.720000	0.206957
86.784000	0.206957
86.848000	0.206957
86.912000	0.206957
86.976000	0.206957
87.040000	0.206957
87.104000	0.206957
87.168000	0.206957
87.232000	0.206957
87.296000	0.206957
87.360000	0.206957
87.424000	0.206957
87.488000	0.206957
87.552000	0.206957
87.616000	0.206957
87.680000	0.206957
87.744000	0.206957
87.808000	0.206957
87.872000	0.206957
87.936000	0.206957
88.000000	0.206957
88.064000	0.206957
88.128000	0.206957
88.192000	0.206957
88.256000	0.206957
88.320000	0.206957
88.384000	0.206957
88.448000	0.206957
88.512000	0.206957
88.576000	0.206957
88.640000	0.206957
88.704000	0.206957
88.768000	0.206957
88.832000	0.206957
88.896000	0.206957
88.960000	0.206957
89.024000	0.206957
89.088000	0.206957
89.152000	0.206957
89.216000	0.206957
89.280000	0.206957
89.344000	0.206957
89.408000	0.206957
89.472000	0.206957
89.536000	0.206957
89.600000	0.206957
89.664000	0.206957
89.728000	0.206957
89.792000	0.206957
89.856000	0.206957
89.920000	0.206957
89.984000	0.206957
90.048000	0.206957
90.112000	0.206957
90.176000	0.206957
90.240000	0.206957
90.304000	0.206957
90.368000	0.206957
90.432000	0.206957
90.496000	0.206957
90.560000	0.206957
90.624000	0.206957
90.688000	0.206957
90.752000	0.206957
90.816000	0.261180
90.880000	0.261180
90.944000	0.261180
91.008000	0.261180
91.072000	0.261180
91.136000	0.261180
91.200000	0.261180
91.264000	0.261180
91.328000	0.261180
91.392000	0.261180
91.456000	0.261180
91.520000	0.261180
91.584000	0.261180
91.648000	0.261180
91.712000	0.261180
91.776000	0.261180
91.840000	0.261180
91.904000	0.261180
91.968000	0.261180
92.032000	0.261180
92.096000	0.261180
92.160000	0.261180
92.224000	0.261180
92.288000	0.261180
92.352000	0.261180
92.416000	0.261180
92.480000	0.261180
92.544000	0.261180
92.608000	0.261180
92.672000	0.261180
92.736000	0.261180
92.800000	0.261180
92.864000	0.261180
92.928000	0.261180
92.992000	0.261180
93.056000	0.261180
93.120000	0.261180
93.184000	0.261180
93.248000	0.266095
93.312000	0.266095
93.376000	0.266095
93.440000	0.266095
93.504000	0.266095
93.568000	0.266095
93.632000	0.266095
93.696000	0.266095
93.760000	0.266095
93.824000	0.266095
93.888000	0.266095
93.952000	0.249926
94.016000	0.249926
94.080000	0.249926
94.144000	0.249926
94.208000	0.249926
94.272000	0.249926
94.336000	0.249926
94.400000	0.249926
94.464000	0.249926
94.528000	0.249926
94.592000	0.249926
94.656000	0.249926
94.720000	0.249926
94.784000	0.249926
94.848000	0.249926
94.912000	0.249926
94.976000	0.249926
95.040000	0.249926
95.104000	0.249926
95.168000	0.249926
95.232000	0.249926
95.296000	0.249926
95.360000	0.249926
95.424000	0.249926
95.488000	0.249926
95.552000	0.249926
95.616000	0.249926
95.680000	0.249926
95.744000	0.249926
95.808000	0.249926
95.872000	0.249926
95.936000	0.249926
96.000000	0.249926
96.064000	0.249926
96.128000	0.249926
96.192000	0.249926
96.256000	0.249926
96.320000	0.249926
96.384000	0.249926
96.448000	0.249926
96.512000	0.249926
96.576000	0.249926
96.640000	0.249926
96.704000	0.249926
96.768000	0.249926
96.832000	0.249926
96.896000	0.249926
96.960000	0.249926
97.024000	0.249926
97.088000	0.249926
97.152000	0.249926
97.216000	0.249926
97.280000	0.249926
97.344000	0.249926
97.408000	0.249926
97.472000	0.249926
97.536000	0.249926
97.600000	0.249926
97.664000	0.249926
97.728000	0.249926
97.792000	0.249926
97.856000	0.249926
97.920000	0.249926
97.984000	0.195619
98.048000	0.195619
98.112000	0.195619
98.176000	0.195619
98.240000	0.195619
98.304000	0.195619
98.368000	0.195619
98.432000	0.195619
98.496000	0.195619
98.560000	0.195619
98.624000	0.195619
98.688000	0.195619
98.752000	0.195619
98.816000	0.195619
98.880000	0.195619
98.944000	0.195619
99.008000	0.195619
99.072000	0.195619
99.136000	0.195619
99.200000	0.195619
99.264000	0.195619
99.328000	0.195619
99.392000	0.195619
99.456000	0.195619
99.520000	0.195619
99.584000	0.195619
99.648000	0.195619
99.712000	0.195619
99.776000	0.195619
99.840000	0.195619
99.904000	0.195619
99.968000	0.195619
100.032000	0.195619
100.096000	0.195619
100.160000	0.195619
100.224000	0.195619
100.288000	0.195619
100.352000	0.195619
100.416000	0.195619
100.480000	0.195619
100.544000	0.195619
100.608000	0.195619
100.672000	0.195619
100.736000	0.195619
100.800000	0.195619
100.864000	0.195619
100.928000	0.195619
100.992000	0.195619
101.056000	0.195619
101.120000	0.195619
101.184000	0.195619
101.248000	0.195619
101.312000	0.195619
101.376000	0.195619
101.440000	0.195619
101.504000	0.195619
101.568000	0.195619
101.632000	0.195619
101.696000	0.195619
101.760000	0.195619
101.824000	0.195619
101.888000	0.195619
101.952000	0.195619
102.016000	0.195619
102.080000	0.195619
102.144000	0.195619
102.208000	0.195619
102.272000	0.195619
102.336000	0.195619
102.400000	0.195619
102.464000	0.195619
102.528000	0.195619
102.592000	0.195619
102.656000	0.195619
102.720000	0.195619
102.784000	0.195619
102.848000	0.195619
102.912000	0.195619
102.976000	0.195619
103.040000	0.195619
103.104000	0.195619
103.168000	0.195619
103.232000	0.195619
103.296000	0.195619
103.360000	0.195619
103.424000	0.195619
103.488000	0.195619
103.552000	0.195619
103.616000	0.195619
103.680000	0.195619
103.744000	0.195619
103.808000	0.195619
103.872000	0.195619
103.936000	0.195619
104.000000	0.195619
104.064000	0.195619
104.128000	0.195619
104.192000	0.195619
104.256000	0.195619
104.320000	0.195619
104.384000	0.243012
104.448000	0.243012
104.512000	0.243012
104.576000	0.243012
104.640000	0.243012
104.704000	0.243012
104.768000	0.243012
104.832000	0.243012
104.896000	0.276321
104.960000	0.276321
105.024000	0.215048
105.088000	0.215048
105.152000	0.212935
105.216000	0.212935
105.280000	0.212935
105.344000	0.212935
105.408000	0.212935
105.472000	0.212935
105.536000	0.212935
105.600000	0.212935
105.664000	0.212935
105.728000	0.212935
105.792000	0.212935
105.856000	0.212935
105.920000	0.212935
105.984000	0.212935
106.048000	0.212935
106.112000	0.212935
106.176000	0.212935
106.240000	0.212935
106.304000	0.212935
106.368000	0.212935
106.432000	0.212935
106.496000	0.212935
106.560000	0.212935
106.624000	0.212935
106.688000	0.212935
106.752000	0.212935
106.816000	0.212935
106.880000	0.212935
106.944000	0.212935
107.008000	0.212935
107.072000	0.212935
107.136000	0.212935
107.200000	0.212935
107.264000	0.212935
107.328000	0.212935
107.392000	0.212935
107.456000	0.212935
107.520000	0.212935
107.584000	0.210220
107.648000	0.210220
107.712000	0.210220
107.776000	0.210220
107.840000	0.210220
107.904000	0.210220
107.968000	0.210220
108.032000	0.210220
108.096000	0.210220
108.160000	0.210220
108.224000	0.210220
108.288000	0.210220
108.352000	0.210220
108.416000	0.210220
108.480000	0.210220
108.544000	0.210220
108.608000	0.210220
108.672000	0.210220
108.736000	0.210220
108.800000	0.210220
108.864000	0.210220
108.928000	0.210220
108.992000	0.140186
109.056000	0.140186
109.120000	0.140186
109.184000	0.140186
109.248000	0.140186
109.312000	0.140186
109.376000	0.140186
109.440000	0.140186
109.504000	0.140186
109.568000	0.140186
109.632000	0.140186
109.696000	0.140186
109.760000	0.140186
109.824000	0.140186
109.888000	0.140186
109.952000	0.140186
110.016000	0.140186
110.080000	0.140186
110.144000	0.140186
110.208000	0.140186
110.272000	0.140186
110.336000	0.140186
110.400000	0.140186
110.464000	0.140186
110.528000	0.140186
110.592000	0.140186
110.656000	0.140186
110.720000	0.140186
110.784000	0.140186
110.848000	0.140186
110.912000	0.140186
110.976000	0.140186
111.040000	0.140186
111.104000	0.140186
111.168000	0.140186
111.232000	0.140186
111.296000	0.140186
111.360000	0.140186
111.424000	0.140186
111.488000	0.140186
111.552000	0.140186
111.616000	0.140186
111.680000	0.140186
111.744000	0.140186
111.808000	0.140186
111.872000	0.140186
111.936000	0.140186
112.000000	0.140186
112.064000	0.140186
112.128000	0.140186
112.192000	0.140186
112.256000	0.140186
112.320000	0.140186
112.384000	0.140186
112.448000	0.140186
112.512000	0.140186
112.576000	0.140186
112.640000	0.140186
112.704000	0.140186
112.768000	0.140186
112.832000	0.140186
112.896000	0.140186
112.960000	0.140186
113.024000	0.140186
113.088000	0.140186
113.152000	0.140186
113.216000	0.140186
113.280000	0.140186
113.344000	0.140186
113.408000	0.140186
113.472000	0.140186
113.536000	0.140186
113.600000	0.140186
113.664000	0.140186
113.728000	0.140186
113.792000	0.140186
113.856000	0.140186
113.920000	0.140186
113.984000	0.140186
114.048000	0.140186
114.112000	0.140186
114.176000	0.140186
114.240000	0.140186
114.304000	0.140186
114.368000	0.140186
114.432000	0.140186
114.496000	0.140186
114.560000	0.140186
114.624000	0.140186
114.688000	0.140186
114.752000	0.140186
114.816000	0.140186
114.880000	0.140186
114.944000	0.140186
115.008000	0.140186
115.072000	0.140186
115.136000	0.140186
115.200000	0.140186
115.264000	0.140186
115.328000	0.140186
115.392000	0.188076
115.456000	0.235494
115.520000	0.235494
115.584000	0.235494
115.648000	0.235494
115.712000	0.235494
115.776000	0.235494
115.840000	0.235494
115.904000	0.235494
115.968000	0.235494
116.032000	0.235494
116.096000	0.235494
116.160000	0.235494
116.224000	0.235494
116.288000	0.235494
116.352000	0.235494
116.416000	0.235494
116.480000	0.235494
116.544000	0.235494
116.608000	0.235494
116.672000	0.235494
116.736000	0.235494
116.800000	0.235494
116.864000	0.235494
116.928000	0.235494
116.992000	0.235494
117.056000	0.235494
117.120000	0.235494
117.184000	0.235494
117.248000	0.235494
117.312000	0.235494
117.376000	0.235494
117.440000	0.235494
117.504000	0.235494
117.568000	0.235494
117.632000	0.235494
117.696000	0.235494
117.760000	0.235494
117.824000	0.235494
117.888000	0.235494
117.952000	0.235494
118.016000	0.235494
118.080000	0.235494
118.144000	0.235494
118.208000	0.235494
118.272000	0.235494
118.336000	0.235494
118.400000	0.235494
118.464000	0.235494
118.528000	0.235494
118.592000	0.235494
118.656000	0.235494
118.720000	0.240814
118.784000	0.240814
118.848000	0.240814
118.912000	0.240814
118.976000	0.240814
119.040000	0.240814
119.104000	0.240814
119.168000	0.240814
119.232000	0.240814
119.296000	0.240814
119.360000	0.240814
119.424000	0.240814
119.488000	0.240814
119.552000	0.240814
119.616000	0.240814
119.680000	0.240814
119.744000	0.240814
119.808000	0.240814
119.872000	0.240814
119.936000	0.240814
120.000000	0.240814
120.064000	0.240814
120.128000	0.240814
120.192000	0.240814
120.256000	0.240814
120.320000	0.240814
120.384000	0.240814
120.448000	0.240814
120.512000	0.240814
120.576000	0.240814
120.640000	0.240814
120.704000	0.240814
120.768000	0.240814
120.832000	0.240814
120.896000	0.240814
120.960000	0.240814
121.024000	0.245931
121.088000	0.245931
121.152000	0.245931
121.216000	0.245931
121.280000	0.245931
121.344000	0.245931
121.408000	0.245931
121.472000	0.245931
121.536000	0.245931
121.600000	0.245931
121.664000	0.245931
121.728000	0.245931
121.792000	0.245931
121.856000	0.245931
121.920000	0.245931
121.984000	0.245931
122.048000	0.245931
122.112000	0.245931
122.176000	0.245931
122.240000	0.245931
122.304000	0.245931
122.368000	0.245931
122.432000	0.245931
122.496000	0.245931
122.560000	0.245931
122.624000	0.245931
122.688000	0.245931
122.752000	0.245931
122.816000	0.245931
122.880000	0.245931
122.944000	0.245931
123.008000	0.245931
123.072000	0.245931
123.136000	0.245931
123.200000	0.245931
123.264000	0.245931
123.328000	0.245931
123.392000	0.245931
123.456000	0.245931
123.520000	0.245931
123.584000	0.245931
123.648000	0.245931
123.712000	0.245931
123.776000	0.245931
123.840000	0.245931
123.904000	0.245931
123.968000	0.245931
124.032000	0.245931
124.096000	0.245931
124.160000	0.245931
124.224000	0.245931
124.288000	0.245931
124.352000	0.245931
124.416000	0.245931
124.480000	0.245931
124.544000	0.245931
124.608000	0.245931
124.672000	0.245931
124.736000	0.245931
124.800000	0.245931
124.864000	0.245931
124.928000	0.245931
124.992000	0.245931
125.056000	0.245931
125.120000	0.245931
125.184000	0.245931
125.248000	0.245931
125.312000	0.245931
125.376000	0.245931
125.440000	0.331817
125.504000	0.331817
125.568000	0.331817
125.632000	0.331817
125.696000	0.331817
125.760000	0.331817
125.824000	0.331817
125.888000	0.331817
125.952000	0.331817
126.016000	0.331817
126.080000	0.331817
126.144000	0.331817
126.208000	0.331817
126.272000	0.331817
126.336000	0.331817
126.400000	0.331817
126.464000	0.331817
126.528000	0.331817
126.592000	0.331817
126.656000	0.331817
126.720000	0.331817
126.784000	0.331817
126.848000	0.331817
126.912000	0.331817
126.976000	0.331817
127.040000	0.331817
127.104000	0.331817
127.168000	0.331817
127.232000	0.331817
127.296000	0.331817
127.360000	0.332948
127.424000	0.332948
127.488000	0.332948
127.552000	0.332948
127.616000	0.332948
127.680000	0.332948
127.744000	0.332948
127.808000	0.332948
127.872000	0.332948
127.936000	0.332948
128.000000	0.332948
128.064000	0.332948
128.128000	0.332948
128.192000	0.332948
128.256000	0.332948
128.320000	0.332948
128.384000	0.332948
128.448000	0.332948
128.512000	0.332948
128.576000	0.332948
128.640000	0.332948
128.704000	0.332948
128.768000	0.332948
128.832000	0.332948
128.896000	0.332948
128.960000	0.332948
129.024000	0.332948
129.088000	0.332948
129.152000	0.332948
129.216000	0.332948
129.280000	0.332948
129.344000	0.332948
129.408000	0.332948
129.472000	0.332948
129.536000	0.332948
129.600000	0.332948
129.664000	0.332948
129.728000	0.332948
129.792000	0.332948
129.856000	0.332948
129.920000	0.332948
129.984000	0.332948
130.048000	0.332948
130.112000	0.332948
130.176000	0.332948
130.240000	0.332948
130.304000	0.341512
130.368000	0.341512
130.432000	0.341512
130.496000	0.423461
130.560000	0.423461
130.624000	0.423461
130.688000	0.423461
130.752000	0.423461
130.816000	0.423461
130.880000	0.423461
130.944000	0.423461
131.008000	0.423461
131.072000	0.423461
131.136000	0.423461
131.200000	0.423461
131.264000	0.423461
131.328000	0.423461
131.392000	0.423461
131.456000	0.423461
131.520000	0.423461
131.584000	0.423461
131.648000	0.423461
131.712000	0.423461
131.776000	0.423461
131.840000	0.423461
131.904000	0.423461
131.968000	0.423461
132.032000	0.423461
132.096000	0.423461
132.160000	0.423461
132.224000	0.423461
132.288000	0.423461
132.352000	0.423461
132.416000	0.423461
132.480000	0.423461
132.544000	0.423461
132.608000	0.423461
132.672000	0.423461
132.736000	0.423461
132.800000	0.423461
132.864000	0.423461
132.928000	0.423461
132.992000	0.423461
133.056000	0.423461
133.120000	0.423461
133.184000	0.423461
133.248000	0.423461
133.312000	0.423461
133.376000	0.423461
133.440000	0.423461
133.504000	0.423461
133.568000	0.423461
133.632000	0.423461
133.696000	0.423461
133.760000	0.423461
133.824000	0.423461
133.888000	0.423461
133.952000	0.423461
134.016000	0.423461
134.080000	0.423461
134.144000	0.423461
134.208000	0.423461
134.272000	0.423461
134.336000	0.423461
134.400000	0.423461
134.464000	0.423461
134.528000	0.423461
134.592000	0.423461
134.656000	0.423461
134.720000	0.423461
134.784000	0.417661
134.848000	0.334535
134.912000	0.334535
134.976000	0.334535
135.040000	0.334535
135.104000	0.334535
135.168000	0.334535
135.232000	0.334535
135.296000	0.334535
135.360000	0.334535
135.424000	0.334535
135.488000	0.334535
135.552000	0.334535
135.616000	0.334535
135.680000	0.334535
135.744000	0.334535
135.808000	0.334535
135.872000	0.334535
135.936000	0.334535
136.000000	0.334535
136.064000	0.334535
136.128000	0.334535
136.192000	0.334535
136.256000	0.334535
136.320000	0.334535
136.384000	0.334535
136.448000	0.334535
136.512000	0.334535
136.576000	0.334535
136.640000	0.334535
136.704000	0.334535
136.768000	0.334535
136.832000	0.334535
136.896000	0.334535
136.960000	0.334535
137.024000	0.334535
137.088000	0.334535
137.152000	0.334535
137.216000	0.334535
137.280000	0.334535
137.344000	0.334535
137.408000	0.334535
137.472000	0.334535
137.536000	0.334535
137.600000	0.334535
137.664000	0.334535
137.728000	0.334535
137.792000	0.334535
137.856000	0.334535
137.920000	0.334535
137.984000	0.334535
138.048000	0.334535
138.112000	0.334535
138.176000	0.334535
138.240000	0.334535
138.304000	0.334535
138.368000	0.334535
138.432000	0.334535
138.496000	0.334535
138.560000	0.334535
138.624000	0.334535
138.688000	0.334535
138.752000	0.334535
138.816000	0.334535
138.880000	0.334535
138.944000	0.334535
139.008000	0.334535
139.072000	0.334535
139.136000	0.334535
139.200000	0.334535
139.264000	0.334535
139.328000	0.334535
139.392000	0.334535
139.456000	0.334535
139.520000	0.334535
139.584000	0.334535
139.648000	0.334535
139.712000	0.334535
139.776000	0.334535
139.840000	0.334535
139.904000	0.334535
139.968000	0.334535
140.032000	0.334535
140.096000	0.334535
140.160000	0.334535
140.224000	0.334535
140.288000	0.334535
140.352000	0.334535
140.416000	0.334535
140.480000	0.334535
140.544000	0.334535
140.608000	0.334535
140.672000	0.334535
140.736000	0.334535
140.800000	0.334535
140.864000	0.334535
140.928000	0.334535
140.992000	0.334535
141.056000	0.334535
141.120000	0.334535
141.184000	0.334535
141.248000	0.399293
141.312000	0.399293
141.376000	0.399293
141.440000	0.399293
141.504000	0.399293
141.568000	0.399293
141.632000	0.399293
141.696000	0.399293
141.760000	0.399293
141.824000	0.399293
141.888000	0.399293
141.952000	0.399293
142.016000	0.399293
142.080000	0.399293
142.144000	0.399293
142.208000	0.399293
142.272000	0.399293
142.336000	0.399293
142.400000	0.399293
142.464000	0.399293
142.528000	0.399293
142.592000	0.399293
142.656000	0.399293
142.720000	0.399293
142.784000	0.399293
142.848000	0.399293
142.912000	0.399293
142.976000	0.399293
143.040000	0.399293
143.104000	0.399293
143.168000	0.399293
143.232000	0.399293
143.296000	0.399293
143.360000	0.399293
143.424000	0.399293
143.488000	0.399293
143.552000	0.399293
143.616000	0.399293
143.680000	0.399293
143.744000	0.399293
143.808000	0.399293
143.872000	0.399293
143.936000	0.457363
144.000000	0.457363
144.064000	0.457363
144.128000	0.457363
144.192000	0.457363
144.256000	0.457363
144.320000	0.457363
144.384000	0.457363
144.448000	0.457363
144.512000	0.457363
144.576000	0.292960
144.640000	0.252710
144.704000	0.252710
144.768000	0.252710
144.832000	0.252710
144.896000	0.252710
144.960000	0.252710
145.024000	0.252710
145.088000	0.252710
145.152000	0.252710
145.216000	0.252710
145.280000	0.252710
145.344000	0.252710
145.408000	0.252710
145.472000	0.252710
145.536000	0.252710
145.600000	0.252710
145.664000	0.252710
145.728000	0.252710
145.792000	0.252710
145.856000	0.252710
145.920000	0.252710
145.984000	0.252710
146.048000	0.252710
146.112000	0.252710
146.176000	0.252710
146.240000	0.252710
146.304000	0.252710
146.368000	0.252710
146.432000	0.252710
146.496000	0.252710
146.560000	0.252710
146.624000	0.252710
146.688000	0.252710
146.752000	0.252710
146.816000	0.252710
146.880000	0.252710
146.944000	0.252710
147.008000	0.252710
147.072000	0.252710
147.136000	0.252710
147.200000	0.252710
147.264000	0.252710
147.328000	0.252710
147.392000	0.252710
147.456000	0.252710
147.520000	0.252710
147.584000	0.252710
147.648000	0.252710
147.712000	0.252710
147.776000	0.252710
147.840000	0.252710
147.904000	0.252710
147.968000	0.252710
148.032000	0.252710
148.096000	0.252710
148.160000	0.252710
148.224000	0.252710
148.288000	0.252710
148.352000	0.252710
148.416000	0.252710
148.480000	0.252710
148.544000	0.252710
148.608000	0.252710
148.672000	0.252710
148.736000	0.252710
148.800000	0.252710
148.864000	0.252710
148.928000	0.240473
148.992000	0.240473
149.056000	0.240473
149.120000	0.240473
149.184000	0.240473
149.248000	0.240473
149.312000	0.240473
149.376000	0.240473
149.440000	0.240473
149.504000	0.238450
149.568000	0.238450
149.632000	0.238450
149.696000	0.238450
149.760000	0.238450
149.824000	0.238450
149.888000	0.238450
149.952000	0.238450
150.016000	0.238450
150.080000	0.238450
150.144000	0.238450
150.208000	0.238450
150.272000	0.238450
150.336000	0.238450
150.400000	0.182557
150.464000	0.182557
150.528000	0.182557
150.592000	0.182557
150.656000	0.182557
150.720000	0.182557
150.784000	0.182557
150.848000	0.182557
150.912000	0.182557
150.976000	0.182557
151.040000	0.182557
151.104000	0.170627
151.168000	0.170627
151.232000	0.170627
151.296000	0.170627
151.360000	0.170627
151.424000	0.170627
151.488000	0.170627
151.552000	0.170627
151.616000	0.170627
151.680000	0.170627
151.744000	0.170627
151.808000	0.170627
151.872000	0.170627
151.936000	0.170627
152.000000	0.170627
152.064000	0.170627
152.128000	0.170627
152.192000	0.170627
152.256000	0.170627
152.320000	0.170627
152.384000	0.170627
152.448000	0.170627
152.512000	0.170627
152.576000	0.170627
152.640000	0.170627
152.704000	0.170627
152.768000	0.170627
152.832000	0.170627
152.896000	0.170627
152.960000	0.170627
153.024000	0.170627
153.088000	0.170627
153.152000	0.170627
153.216000	0.170627
153.280000	0.170627
153.344000	0.170627
153.408000	0.170627
153.472000	0.170627
153.536000	0.170627
153.600000	0.170627
153.664000	0.170627
153.728000	0.170627
153.792000	0.170627
153.856000	0.170627
153.920000	0.170627
153.984000	0.170627
154.048000	0.170627
154.112000	0.170627
154.176000	0.170627
154.240000	0.170627
154.304000	0.170627
154.368000	0.170627
154.432000	0.170627
154.496000	0.170627
154.560000	0.170627
154.624000	0.170627
154.688000	0.170627
154.752000	0.170627
154.816000	0.170627
154.880000	0.170627
154.944000	0.170627
155.008000	0.170627
155.072000	0.170627
155.136000	0.170627
155.200000	0.170627
155.264000	0.170627
155.328000	0.170627
155.392000	0.170627
155.456000	0.170627
155.520000	0.170627
155.584000	0.170627
155.648000	0.170627
155.712000	0.170627
155.776000	0.170627
155.840000	0.170627
155.904000	0.170627
155.968000	0.170627
156.032000	0.170627
156.096000	0.170627
156.160000	0.170627
156.224000	0.170627
156.288000	0.170627
156.352000	0.170627
156.416000	0.170627
156.480000	0.170627
156.544000	0.170627
156.608000	0.170627
156.672000	0.170627
156.736000	0.170627
156.800000	0.170627
156.864000	0.170627
156.928000	0.170627
156.992000	0.170627
157.056000	0.170627
157.120000	0.170627
157.184000	0.170627
157.248000	0.170627
157.312000	0.170627
157.376000	0.170627
157.440000	0.170627
157.504000	0.329559
157.568000	0.329559
157.632000	0.329559
157.696000	0.329559
157.760000	0.329559
157.824000	0.329559
157.888000	0.329559
157.952000	0.329559
158.016000	0.329559
158.080000	0.329559
158.144000	0.329559
158.208000	0.329559
158.272000	0.329559
158.336000	0.329559
158.400000	0.329559
158.464000	0.329559
158.528000	0.329559
158.592000	0.329559
158.656000	0.329559
158.720000	0.329559
158.784000	0.329559
158.848000	0.329559
158.912000	0.329559
158.976000	0.329559
159.040000	0.329559
159.104000	0.329559
159.168000	0.329559
159.232000	0.329559
159.296000	0.329559
159.360000	0.329559
159.424000	0.329559
159.488000	0.329559
159.552000	0.329559
159.616000	0.329559
159.680000	0.329559
159.744000	0.329559
159.808000	0.329559
159.872000	0.329559
159.936000	0.329559
160.000000	0.329559
160.064000	0.329559
160.128000	0.329559
160.192000	0.329559
160.256000	0.329559
160.320000	0.329559
160.384000	0.329559
160.448000	0.329559
160.512000	0.329559
160.576000	0.329559
160.640000	0.329559
160.704000	0.329559
160.768000	0.329559
160.832000	0.329559
160.896000	0.329559
160.960000	0.329559
161.024000	0.329559
161.088000	0.329559
161.152000	0.329559
161.216000	0.329559
161.280000	0.329559
161.344000	0.329559
161.408000	0.329559
161.472000	0.306142
161.536000	0.306142
161.600000	0.306142
161.664000	0.306142
161.728000	0.306142
161.792000	0.306142
161.856000	0.306142
161.920000	0.306142
161.984000	0.306142
162.048000	0.306142
162.112000	0.306142
162.176000	0.306142
162.240000	0.306142
162.304000	0.306142
162.368000	0.306142
162.432000	0.306142
162.496000	0.306142
162.560000	0.306142
162.624000	0.306142
162.688000	0.306142
162.752000	0.306142
162.816000	0.306142
162.880000	0.306142
162.944000	0.306142
163.008000	0.306142
163.072000	0.306142
163.136000	0.306142
163.200000	0.306142
163.264000	0.306142
163.328000	0.306142
163.392000	0.306142
163.456000	0.276624
163.520000	0.276624
163.584000	0.276624
163.648000	0.276624
163.712000	0.276624
163.776000	0.276624
163.840000	0.276624
163.904000	0.276624
163.968000	0.276624
164.032000	0.276624
164.096000	0.276624
164.160000	0.276624
164.224000	0.276624
164.288000	0.276624
164.352000	0.276624
164.416000	0.170887
164.480000	0.170887
164.544000	0.170887
164.608000	0.170887
164.672000	0.170887
164.736000	0.170887
164.800000	0.170887
164.864000	0.170887
164.928000	0.170887
164.992000	0.170887
165.056000	0.170887
165.120000	0.170887
165.184000	0.170887
165.248000	0.170887
165.312000	0.170887
165.376000	0.170887
165.440000	0.170887
165.504000	0.170887
165.568000	0.170887
165.632000	0.170887
165.696000	0.170887
165.760000	0.170887
165.824000	0.170887
165.888000	0.170887
165.952000	0.170887
166.016000	0.170887
166.080000	0.170887
166.144000	0.170887
166.208000	0.170887
166.272000	0.170887
166.336000	0.170887
166.400000	0.170887
166.464000	0.170887
166.528000	0.170887
166.592000	0.170887
166.656000	0.170887
166.720000	0.170887
166.784000	0.101226
166.848000	0.101226
166.912000	0.101226
166.976000	0.101226
167.040000	0.101226
167.104000	0.101226
167.168000	0.101226
167.232000	0.101226
167.296000	0.101226
167.360000	0.101226
167.424000	0.101226
167.488000	0.101226
167.552000	0.101226
167.616000	0.101226
167.680000	0.101226
167.744000	0.101226
167.808000	0.101226
167.872000	0.101226
167.936000	0.101226
168.000000	0.101226
168.064000	0.101226
168.128000	0.101226
168.192000	0.101226
168.256000	0.101226
168.320000	0.101226
168.384000	0.101226
168.448000	0.101226
168.512000	0.101226
168.576000	0.101226
168.640000	0.101226
168.704000	0.101226
168.768000	0.101226
168.832000	0.101226
168.896000	0.101226
168.960000	0.101226
169.024000	0.101226
169.088000	0.101226
169.152000	0.101226
169.216000	0.101226
169.280000	0.101226
169.344000	0.101226
169.408000	0.101226
169.472000	0.101226
169.536000	0.101226
169.600000	0.101226
169.664000	0.101226
169.728000	0.101226
169.792000	0.101226
169.856000	0.101226
169.920000	0.101226
169.984000	0.101226
170.048000	0.101226
170.112000	0.101226
170.176000	0.101226
170.240000	0.101226
170.304000	0.101226
170.368000	0.101226
170.432000	0.101226
170.496000	0.101226
170.560000	0.101226
170.624000	0.101226
170.688000	0.101226
170.752000	0.101226
170.816000	0.101226
170.880000	0.101226
170.944000	0.101226
171.008000	0.101226
171.072000	0.101226
171.136000	0.101226
171.200000	0.101226
171.264000	0.101226
171.328000	0.101226
171.392000	0.101226
171.456000	0.101226
171.520000	0.101226
171.584000	0.101226
171.648000	0.101226
171.712000	0.101226
171.776000	0.101226
171.840000	0.101226
171.904000	0.101226
171.968000	0.101226
172.032000	0.101226
172.096000	0.101226
172.160000	0.101226
172.224000	0.101226
172.288000	0.101226
172.352000	0.101226
172.416000	0.101226
172.480000	0.101226
172.544000	0.101226
172.608000	0.101226
172.672000	0.101226
172.736000	0.101226
172.800000	0.101226
172.864000	0.101226
172.928000	0.101226
172.992000	0.101226
173.056000	0.101226
173.120000	0.101226
173.184000	0.152026
173.248000	0.167277
173.312000	0.167277
173.376000	0.167277
173.440000	0.167277
173.504000	0.167277
173.568000	0.167277
173.632000	0.167277
173.696000	0.167277
173.760000	0.167277
173.824000	0.167277
173.888000	0.167277
173.952000	0.167277
174.016000	0.167277
174.080000	0.167277
174.144000	0.167277
174.208000	0.167277
174.272000	0.167277
174.336000	0.167277
174.400000	0.167277
174.464000	0.167277
174.528000	0.167277
174.592000	0.167277
174.656000	0.167277
174.720000	0.167277
174.784000	0.167277
174.848000	0.167277
174.912000	0.167277
174.976000	0.167277
175.040000	0.167277
175.104000	0.167277
175.168000	0.167277
175.232000	0.167277
175.296000	0.167277
175.360000	0.167277
175.424000	0.167277
175.488000	0.167277
175.552000	0.167277
175.616000	0.167277
175.680000	0.167277
175.744000	0.167277
175.808000	0.167277
175.872000	0.167277
175.936000	0.167277
176.000000	0.167277
176.064000	0.167277
176.128000	0.167277
176.192000	0.167277
176.256000	0.167277
176.320000	0.167277
176.384000	0.167277
176.448000	0.167277
176.512000	0.167277
176.576000	0.167277
176.640000	0.167277
176.704000	0.167277
176.768000	0.167277
176.832000	0.167277
176.896000	0.167277
176.960000	0.167277
177.024000	0.167277
177.088000	0.167277
177.152000	0.167277
177.216000	0.167277
177.280000	0.167277
177.344000	0.167277
177.408000	0.187805
177.472000	0.187805
177.536000	0.187805
177.600000	0.187805
177.664000	0.187805
177.728000	0.187805
177.792000	0.187805
177.856000	0.187805
177.920000	0.187805
177.984000	0.187805
178.048000	0.187805
178.112000	0.201154
178.176000	0.201154
178.240000	0.201154
178.304000	0.201154
178.368000	0.201154
178.432000	0.201154
178.496000	0.201154
178.560000	0.201154
178.624000	0.201154
178.688000	0.201154
178.752000	0.201154
178.816000	0.201154
178.880000	0.201154
178.944000	0.201154
179.008000	0.201154
179.072000	0.201154
179.136000	0.201154
179.200000	0.201154
179.264000	0.201154
179.328000	0.201154
179.392000	0.201154
179.456000	0.201154
179.520000	0.201154
179.584000	0.201154
179.648000	0.201154
179.712000	0.201154
179.776000	0.201154
179.840000	0.201154
179.904000	0.201154
179.968000	0.201154
180.032000	0.201154
180.096000	0.201154
180.160000	0.201154
180.224000	0.201154
180.288000	0.201154
180.352000	0.201154
180.416000	0.201154
180.480000	0.201154
180.544000	0.201154
180.608000	0.201154
180.672000	0.201154
180.736000	0.201154
180.800000	0.201219
180.864000	0.201219
180.928000	0.237335
180.992000	0.237335
181.056000	0.237335
181.120000	0.159001
181.184000	0.159001
181.248000	0.159001
181.312000	0.159001
181.376000	0.159001
181.440000	0.159001
181.504000	0.159001
181.568000	0.159001
181.632000	0.159001
181.696000	0.159001
181.760000	0.159001
181.824000	0.159001
181.888000	0.159001
181.952000	0.159001
182.016000	0.159001
182.080000	0.159001
182.144000	0.159001
182.208000	0.159001
182.272000	0.159001
182.336000	0.159001
182.400000	0.159001
182.464000	0.159001
182.528000	0.159001
182.592000	0.159001
182.656000	0.159001
182.720000	0.159001
182.784000	0.159001
182.848000	0.159001
182.912000	0.159001
182.976000	0.159001
183.040000	0.159001
183.104000	0.159001
183.168000	0.159001
183.232000	0.159001
183.296000	0.159001
183.360000	0.159001
183.424000	0.159001
183.488000	0.159001
183.552000	0.159001
183.616000	0.159001
183.680000	0.159001
183.744000	0.159001
183.808000	0.159001
183.872000	0.159001
183.936000	0.159001
184.000000	0.159001
184.064000	0.159001
184.128000	0.159001
184.192000	0.159001
184.256000	0.159001
184.320000	0.159001
184.384000	0.159001
184.448000	0.159001
184.512000	0.159001
184.576000	0.159001
184.640000	0.159001
184.704000	0.159001
184.768000	0.159001
184.832000	0.159001
184.896000	0.159001
184.960000	0.159001
185.024000	0.159001
185.088000	0.159001
185.152000	0.159001
185.216000	0.159001
185.280000	0.159001
185.344000	0.159001
185.408000	0.159001
185.472000	0.159001
185.536000	0.159001
185.600000	0.159001
185.664000	0.159001
185.728000	0.159001
185.792000	0.159001
185.856000	0.159001
185.920000	0.159001
185.984000	0.159001
186.048000	0.159001
186.112000	0.159001
186.176000	0.159001
186.240000	0.159001
186.304000	0.159001
186.368000	0.159001
186.432000	0.159001
186.496000	0.159001
186.560000	0.159001
186.624000	0.159001
186.688000	0.159001
186.752000	0.159001
186.816000	0.159001
186.880000	0.159001
186.944000	0.159001
187.008000	0.159001
187.072000	0.159001
187.136000	0.159001
187.200000	0.159001
187.264000	0.159001
187.328000	0.159001
187.392000	0.159001
187.456000	0.159001
187.520000	0.172834
187.584000	0.172834
187.648000	0.172834
187.712000	0.172834
187.776000	0.172834
187.840000	0.172834
187.904000	0.172834
187.968000	0.172834
188.032000	0.172834
188.096000	0.172834
188.160000	0.172834
188.224000	0.172834
188.288000	0.172834
188.352000	0.172834
188.416000	0.172834
188.480000	0.172834
188.544000	0.172834
188.608000	0.172834
188.672000	0.172834
188.736000	0.172834
188.800000	0.172834
188.864000	0.172834
188.928000	0.172834
188.992000	0.198844
189.056000	0.198844
189.120000	0.198844
189.184000	0.198844
189.248000	0.198844
189.312000	0.198844
189.376000	0.198844
189.440000	0.198844
189.504000	0.198844
189.568000	0.198844
189.632000	0.198844
189.696000	0.198844
189.760000	0.198844
189.824000	0.198844
189.888000	0.198844
189.952000	0.198844
190.016000	0.198844
190.080000	0.198844
190.144000	0.198844
190.208000	0.198844
190.272000	0.198844
190.336000	0.198844
190.400000	0.197034
190.464000	0.197034
190.528000	0.197034
190.592000	0.197034
190.656000	0.182904
190.720000	0.182904
190.784000	0.182904
190.848000	0.178182
190.912000	0.178182
190.976000	0.178182
191.040000	0.178182
191.104000	0.178182
191.168000	0.178182
191.232000	0.178182
191.296000	0.178182
191.360000	0.178182
191.424000	0.178182
191.488000	0.178182
191.552000	0.178182
191.616000	0.178182
191.680000	0.178182
191.744000	0.178182
191.808000	0.178182
191.872000	0.178182
191.936000	0.178182
192.000000	0.178182
192.064000	0.178182
192.128000	0.178182
192.192000	0.178182
192.256000	0.178182
192.320000	0.178182
192.384000	0.178182
192.448000	0.178182
192.512000	0.178182
192.576000	0.178182
192.640000	0.178182
192.704000	0.178182
192.768000	0.178182
192.832000	0.178182
192.896000	0.178182
192.960000	0.178182
193.024000	0.178182
193.088000	0.178182
193.152000	0.178182
193.216000	0.178182
193.280000	0.178182
193.344000	0.178182
193.408000	0.178182
193.472000	0.178182
193.536000	0.178182
193.600000	0.178182
193.664000	0.178182
193.728000	0.178182
193.792000	0.178182
193.856000	0.178182
193.920000	0.178182
193.984000	0.178182
194.048000	0.178182
194.112000	0.178182
194.176000	0.178182
194.240000	0.178182
194.304000	0.178182
194.368000	0.178182
194.432000	0.178182
194.496000	0.178182
194.560000	0.178182
194.624000	0.178182
194.688000	0.178182
194.752000	0.178182
194.816000	0.178182
194.880000	0.178182
194.944000	0.178182
195.008000	0.178182
195.072000	0.178182
195.136000	0.178182
195.200000	0.178182
195.264000	0.178182
195.328000	0.178182
195.392000	0.178182
195.456000	0.178182
195.520000	0.178182
195.584000	0.178182
195.648000	0.178182
195.712000	0.178182
195.776000	0.178182
195.840000	0.178182
195.904000	0.178182
195.968000	0.178182
196.032000	0.178182
196.096000	0.178182
196.160000	0.178182
196.224000	0.178182
196.288000	0.178182
196.352000	0.178182
196.416000	0.178182
196.480000	0.178182
196.544000	0.178182
196.608000	0.178182
196.672000	0.178182
196.736000	0.178182
196.800000	0.178182
196.864000	0.178182
196.928000	0.178182
196.992000	0.178182
197.056000	0.178182
197.120000	0.178182
197.184000	0.178182
197.248000	0.198057
197.312000	0.198057
197.376000	0.198057
197.440000	0.198057
197.504000	0.198057
197.568000	0.198057
197.632000	0.198057
197.696000	0.198057
197.760000	0.198057
197.824000	0.198057
197.888000	0.198057
197.952000	0.198057
198.016000	0.198057
198.080000	0.198057
198.144000	0.198057
198.208000	0.198057
198.272000	0.198057
198.336000	0.198057
198.400000	0.198057
198.464000	0.198057
198.528000	0.198057
198.592000	0.198057
198.656000	0.190270
198.720000	0.190270
198.784000	0.190270
198.848000	0.190270
198.912000	0.190270
198.976000	0.190270
199.040000	0.190270
199.104000	0.190270
199.168000	0.190270
199.232000	0.190270
199.296000	0.190270
199.360000	0.190270
199.424000	0.190270
199.488000	0.190270
199.552000	0.190270
199.616000	0.190270
199.680000	0.190270
199.744000	0.190270
199.808000	0.190270
199.872000	0.190270
199.936000	0.190270
200.000000	0.187844
200.064000	0.146909
200.128000	0.146909
200.192000	0.146909
200.256000	0.146909
200.320000	0.146909
200.384000	0.146909
200.448000	0.146909
200.512000	0.146909
200.576000	0.146909
200.640000	0.146909
200.704000	0.146909
200.768000	0.146909
200.832000	0.146909
200.896000	0.146909
200.960000	0.146909
201.024000	0.146909
201.088000	0.146909
201.152000	0.146909
201.216000	0.146909
201.280000	0.146909
201.344000	0.146909
201.408000	0.146909
201.472000	0.146909
201.536000	0.146909
201.600000	0.146909
201.664000	0.146909
201.728000	0.146909
201.792000	0.146909
201.856000	0.146909
201.920000	0.146909
201.984000	0.146909
202.048000	0.146909
202.112000	0.146909
202.176000	0.146909
202.240000	0.146909
202.304000	0.146909
202.368000	0.146909
202.432000	0.146909
202.496000	0.146909
202.560000	0.146909
202.624000	0.146909
202.688000	0.146909
202.752000	0.146909
202.816000	0.146909
202.880000	0.146909
202.944000	0.146909
203.008000	0.146909
203.072000	0.146909
203.136000	0.146909
203.200000	0.146909
203.264000	0.146909
203.328000	0.146909
203.392000	0.146909
203.456000	0.146909
203.520000	0.146909
203.584000	0.146909
203.648000	0.146909
203.712000	0.146909
203.776000	0.146909
203.840000	0.146909
203.904000	0.146909
203.968000	0.146909
204.032000	0.146909
204.096000	0.146909
204.160000	0.146909
204.224000	0.146909
204.288000	0.146909
204.352000	0.146909
204.416000	0.146909
204.480000	0.146909
204.544000	0.146909
204.608000	0.146909
204.672000	0.146909
204.736000	0.146909
204.800000	0.146909
204.864000	0.146909
204.928000	0.146909
204.992000	0.146909
205.056000	0.146909
205.120000	0.146909
205.184000	0.146909
205.248000	0.146909
205.312000	0.146909
205.376000	0.146909
205.440000	0.146909
205.504000	0.146909
205.568000	0.146909
205.632000	0.146909
205.696000	0.146909
205.760000	0.146909
205.824000	0.146909
205.888000	0.146909
205.952000	0.146909
206.016000	0.146909
206.080000	0.146909
206.144000	0.146909
206.208000	0.146909
206.272000	0.146909
206.336000	0.146909
206.400000	0.146909
206.464000	0.185037
206.528000	0.185037
206.592000	0.185037
206.656000	0.185037
206.720000	0.185037
206.784000	0.185037
206.848000	0.185037
206.912000	0.185037
206.976000	0.185037
207.040000	0.185037
207.104000	0.185037
207.168000	0.185037
207.232000	0.185037
207.296000	0.185037
207.360000	0.185037
207.424000	0.185037
207.488000	0.185037
207.552000	0.185037
207.616000	0.185037
207.680000	0.185037
207.744000	0.185037
207.808000	0.185037
207.872000	0.185037
207.936000	0.185037
208.000000	0.185037
208.064000	0.185037
208.128000	0.185037
208.192000	0.185037
208.256000	0.185037
208.320000	0.185037
208.384000	0.185037
208.448000	0.185037
208.512000	0.185037
208.576000	0.185037
208.640000	0.185037
208.704000	0.185037
208.768000	0.185037
208.832000	0.185037
208.896000	0.185037
208.960000	0.185037
209.024000	0.194255
209.088000	0.194255
209.152000	0.194255
209.216000	0.194255
209.280000	0.194255
209.344000	0.194255
209.408000	0.194255
209.472000	0.194255
209.536000	0.194255
209.600000	0.196047
209.664000	0.196047
209.728000	0.196047
209.792000	0.196047
209.856000	0.196047
209.920000	0.196047
209.984000	0.196047
210.048000	0.196047
210.112000	0.196047
210.176000	0.196047
210.240000	0.196047
210.304000	0.196047
210.368000	0.196047
210.432000	0.196047
210.496000	0.196047
210.560000	0.196047
210.624000	0.196047
210.688000	0.196047
210.752000	0.196047
210.816000	0.146818
210.880000	0.146818
210.944000	0.146818
211.008000	0.146818
211.072000	0.146818
211.136000	0.146818
211.200000	0.146818
211.264000	0.146818
211.328000	0.146818
211.392000	0.146818
211.456000	0.146818
211.520000	0.146818
211.584000	0.146818
211.648000	0.146818
211.712000	0.146818
211.776000	0.146818
211.840000	0.146818
211.904000	0.146818
211.968000	0.146818
212.032000	0.146818
212.096000	0.146818
212.160000	0.146818
212.224000	0.146818
212.288000	0.146818
212.352000	0.146818
212.416000	0.146818
212.480000	0.146818
212.544000	0.146818
212.608000	0.146818
212.672000	0.146818
212.736000	0.146818
212.800000	0.146818
212.864000	0.146818
212.928000	0.146818
212.992000	0.146818
213.056000	0.146818
213.120000	0.146818
213.184000	0.146818
213.248000	0.146818
213.312000	0.146818
213.376000	0.146818
213.440000	0.146818
213.504000	0.146818
213.568000	0.146818
213.632000	0.146818
213.696000	0.146818
213.760000	0.146818
213.824000	0.146818
213.888000	0.146818
213.952000	0.146818
214.016000	0.146818
214.080000	0.146818
214.144000	0.112225
214.208000	0.112225
214.272000	0.112225
214.336000	0.112225
214.400000	0.112225
214.464000	0.112225
214.528000	0.112225
214.592000	0.112225
214.656000	0.112225
214.720000	0.112225
214.784000	0.112225
214.848000	0.112225
214.912000	0.112225
214.976000	0.112225
215.040000	0.112225
215.104000	0.112225
215.168000	0.112225
215.232000	0.112225
215.296000	0.112225
215.360000	0.112225
215.424000	0.112225
215.488000	0.112225
215.552000	0.112225
215.616000	0.112225
215.680000	0.112225
215.744000	0.112225
215.808000	0.112225
215.872000	0.112225
215.936000	0.112225
216.000000	0.112225
216.064000	0.112225
216.128000	0.112225
216.192000	0.112225
216.256000	0.112225
216.320000	0.112225
216.384000	0.112225
216.448000	0.112225
216.512000	0.112225
216.576000	0.112225
216.640000	0.112225
216.704000	0.112225
216.768000	0.112225
216.832000	0.112225
216.896000	0.112225
216.960000	0.112225
217.024000	0.112225
217.088000	0.112225
217.152000	0.112225
217.216000	0.112225
217.280000	0.112225
217.344000	0.112225
217.408000	0.112225
217.472000	0.112225
217.536000	0.112225
217.600000	0.112225
217.664000	0.112225
217.728000	0.112225
217.792000	0.112225
217.856000	0.112225
217.920000	0.112225
217.984000	0.112225
218.048000	0.112225
218.112000	0.112225
218.176000	0.112225
218.240000	0.112225
218.304000	0.112225
218.368000	0.112225
218.432000	0.112225
218.496000	0.112225
218.560000	0.112225
218.624000	0.112225
218.688000	0.112225
218.752000	0.112225
218.816000	0.112225
218.880000	0.112225
218.944000	0.112225
219.008000	0.083216
219.072000	0.083216
219.136000	0.083216
219.200000	0.083216
219.264000	0.083216
219.328000	0.083216
219.392000	0.083216
219.456000	0.083216
219.520000	0.083216
219.584000	0.083216
219.648000	0.083216
219.712000	0.083216
219.776000	0.083216
219.840000	0.083216
219.904000	0.083216
219.968000	0.083216
220.032000	0.083216
220.096000	0.083216
220.160000	0.083216
220.224000	0.083216
220.288000	0.083216
220.352000	0.083216
220.416000	0.083216
220.480000	0.083216
220.544000	0.083216
220.608000	0.083216
220.672000	0.083216
220.736000	0.083216
220.800000	0.083216
220.864000	0.083216
220.928000	0.083216
220.992000	0.083216
221.056000	0.083216
221.120000	0.083216
221.184000	0.083216
221.248000	0.083216
221.312000	0.083216
221.376000	0.083216
221.440000	0.083216
221.504000	0.083216
221.568000	0.083216
221.632000	0.083216
221.696000	0.083216
221.760000	0.083216
221.824000	0.083216
221.888000	0.083216
221.952000	0.083216
222.016000	0.083216
222.080000	0.083216
222.144000	0.083216
222.208000	0.083216
222.272000	0.083216
222.336000	0.083216
222.400000	0.083216
222.464000	0.083216
222.528000	0.083216
222.592000	0.083216
222.656000	0.083216
222.720000	0.083216
222.784000	0.083216
222.848000	0.083216
222.912000	0.083216
222.976000	0.083216
223.040000	0.083216
223.104000	0.083216
223.168000	0.083216
223.232000	0.083216
223.296000	0.083216
223.360000	0.083216
223.424000	0.083216
223.488000	0.083216
223.552000	0.083216
223.616000	0.083216
223.680000	0.083216
223.744000	0.083216
223.808000	0.083216
223.872000	0.083216
223.936000	0.083216
224.000000	0.083216
224.064000	0.083216
224.128000	0.083216
224.192000	0.083216
224.256000	0.083216
224.320000	0.083216
224.384000	0.083216
224.448000	0.083216
224.512000	0.083216
224.576000	0.083216
224.640000	0.083216
224.704000	0.083216
224.768000	0.083216
224.832000	0.083216
224.896000	0.083216
224.960000	0.083216
225.024000	0.083216
225.088000	0.083216
225.152000	0.083216
225.216000	0.083216
225.280000	0.083216
225.344000	0.083216
225.408000	0.203180
225.472000	0.203180
225.536000	0.203180
225.600000	0.203180
225.664000	0.203180
225.728000	0.203180
225.792000	0.203180
225.856000	0.203180
225.920000	0.203180
225.984000	0.203180
226.048000	0.203180
226.112000	0.203180
226.176000	0.203180
226.240000	0.203180
226.304000	0.203180
226.368000	0.203180
226.432000	0.203180
226.496000	0.203180
226.560000	0.203180
226.624000	0.203180
226.688000	0.203180
226.752000	0.203180
226.816000	0.203180
226.880000	0.203180
226.944000	0.203180
227.008000	0.203180
227.072000	0.203180
227.136000	0.203180
227.200000	0.203180
227.264000	0.203180
227.328000	0.203180
227.392000	0.203180
227.456000	0.203180
227.520000	0.203180
227.584000	0.207975
227.648000	0.251710
227.712000	0.251710
227.776000	0.267379
227.840000	0.303644
227.904000	0.303644
227.968000	0.303644
228.032000	0.303644
228.096000	0.303644
228.160000	0.303644
228.224000	0.303644
228.288000	0.303644
228.352000	0.303644
228.416000	0.303644
228.480000	0.303644
228.544000	0.303644
228.608000	0.303644
228.672000	0.303644
228.736000	0.303644
228.800000	0.303644
228.864000	0.303644
228.928000	0.303644
228.992000	0.303644
229.056000	0.303644
229.120000	0.303644
229.184000	0.303644
229.248000	0.303644
229.312000	0.303644
229.376000	0.303644
229.440000	0.303644
229.504000	0.303644
229.568000	0.303644
229.632000	0.303644
229.696000	0.303644
229.760000	0.303644
229.824000	0.303644
229.888000	0.303644
229.952000	0.303644
230.016000	0.303644
230.080000	0.303644
230.144000	0.326744
230.208000	0.356310
230.272000	0.356310
230.336000	0.356310
230.400000	0.356310
230.464000	0.356310
230.528000	0.356310
230.592000	0.356310
230.656000	0.356310
230.720000	0.356310
230.784000	0.387292
230.848000	0.387292
230.912000	0.404352
230.976000	0.404352
231.040000	0.404352
231.104000	0.404352
231.168000	0.404352
231.232000	0.653256
231.296000	0.653256
231.360000	0.653256
231.424000	0.653256
231.488000	0.653256
231.552000	0.653256
231.616000	0.653256
231.680000	0.653256
231.744000	0.653256
231.808000	0.653256
231.872000	0.653256
231.936000	0.653256
232.000000	0.653256
232.064000	0.653256
232.128000	0.653256
232.192000	0.653256
232.256000	0.653256
232.320000	0.687308
232.384000	0.687308
232.448000	0.687308
232.512000	0.687308
232.576000	0.687308
232.640000	0.687308
232.704000	0.687308
232.768000	0.687308
232.832000	0.687308
232.896000	0.528091
232.960000	0.528091
233.024000	0.528091
233.088000	0.528091
233.152000	0.528091
233.216000	0.528091
233.280000	0.528091
233.344000	0.528091
233.408000	0.528091
233.472000	0.528091
233.536000	0.528091
233.600000	0.528091
233.664000	0.528091
233.728000	0.528091
233.792000	0.528091
233.856000	0.528091
233.920000	0.528091
233.984000	0.528091
234.048000	0.528091
234.112000	0.528091
234.176000	0.528091
234.240000	0.528091
234.304000	0.528091
234.368000	0.528091
234.432000	0.528091
234.496000	0.528091
234.560000	0.528091
234.624000	0.528091
234.688000	0.528091
234.752000	0.528091
234.816000	0.528091
234.880000	0.528091
234.944000	0.528091
235.008000	0.528091
235.072000	0.528091
235.136000	0.528091
235.200000	0.528091
235.264000	0.528091
235.328000	0.528091
235.392000	0.528091
235.456000	0.528091
235.520000	0.528091
235.584000	0.528091
235.648000	0.528091
235.712000	0.528091
235.776000	0.528091
235.840000	0.528091
235.904000	0.528091
235.968000	0.528091
236.032000	0.528091
236.096000	0.528091
236.160000	0.370373
236.224000	0.370373
236.288000	0.370373
236.352000	0.370373
236.416000	0.370373
236.480000	0.370373
236.544000	0.370373
236.608000	0.370373
236.672000	0.370373
236.736000	0.370373
236.800000	0.370373
236.864000	0.370373
236.928000	0.370373
236.992000	0.370373
237.056000	0.370373
237.120000	0.370373
237.184000	0.370373
237.248000	0.370373
237.312000	0.370373
237.376000	0.370373
237.440000	0.370373
237.504000	0.229804
237.568000	0.229804
237.632000	0.229804
237.696000	0.229804
237.760000	0.229804
237.824000	0.229804
237.888000	0.229804
237.952000	0.229804
238.016000	0.229804
238.080000	0.229804
238.144000	0.229804
238.208000	0.229804
238.272000	0.229804
238.336000	0.229804
238.400000	0.229804
238.464000	0.229804
238.528000	0.229804
238.592000	0.229804
238.656000	0.229804
238.720000	0.229804
238.784000	0.229804
238.848000	0.229804
238.912000	0.229804
238.976000	0.229804
239.040000	0.229804
239.104000	0.229804
239.168000	0.229804
239.232000	0.229804
239.296000	0.229804
239.360000	0.229804
239.424000	0.229804
239.488000	0.229804
239.552000	0.229804
239.616000	0.229804
239.680000	0.229804
239.744000	0.229804
239.808000	0.229804
239.872000	0.229804
239.936000	0.210092
240.000000	0.210092
240.064000	0.210092
240.128000	0.210092
240.192000	0.210092
240.256000	0.210092
240.320000	0.210092
240.384000	0.210092
240.448000	0.210092
240.512000	0.210092
240.576000	0.210092
240.640000	0.210092
240.704000	0.210092
240.768000	0.210092
240.832000	0.210092
240.896000	0.210092
240.960000	0.210092
241.024000	0.210092
241.088000	0.210092
241.152000	0.210092
241.216000	0.210092
241.280000	0.210092
241.344000	0.210092
241.408000	0.210092
241.472000	0.210092
241.536000	0.210092
241.600000	0.210092
241.664000	0.210092
241.728000	0.210092
241.792000	0.210092
241.856000	0.183161
241.920000	0.183161
241.984000	0.183161
242.048000	0.183161
242.112000	0.183161
242.176000	0.183161
242.240000	0.183161
242.304000	0.183161
242.368000	0.183161
242.432000	0.183161
242.496000	0.183161
242.560000	0.183161
242.624000	0.183161
242.688000	0.183161
242.752000	0.183161
242.816000	0.183161
242.880000	0.183161
242.944000	0.183161
243.008000	0.183161
243.072000	0.183161
243.136000	0.183161
243.200000	0.183161
243.264000	0.183161
243.328000	0.183161
243.392000	0.183161
243.456000	0.183161
243.520000	0.183161
243.584000	0.183161
243.648000	0.183161
243.712000	0.183161
243.776000	0.183161
243.840000	0.183161
243.904000	0.183161
243.968000	0.183161
244.032000	0.183161
244.096000	0.183161
244.160000	0.183161
244.224000	0.183161
244.288000	0.183161
244.352000	0.183161
244.416000	0.183161
244.480000	0.183161
244.544000	0.183161
244.608000	0.183161
244.672000	0.183161
244.736000	0.183161
244.800000	0.183161
244.864000	0.183161
244.928000	0.183161
244.992000	0.183161
245.056000	0.183161
245.120000	0.183161
245.184000	0.183161
245.248000	0.183161
245.312000	0.183161
245.376000	0.183161
245.440000	0.183161
245.504000	0.183161
245.568000	0.183161
245.632000	0.183161
245.696000	0.183161
245.760000	0.183161
245.824000	0.183161
245.888000	0.183161
245.952000	0.183161
246.016000	0.183161
246.080000	0.183161
246.144000	0.183161
246.208000	0.183161
246.272000	0.183161
246.336000	0.183161
246.400000	0.183161
246.464000	0.183161
246.528000	0.183161
246.592000	0.183161
246.656000	0.183161
246.720000	0.183161
246.784000	0.183161
246.848000	0.183161
246.912000	0.183161
246.976000	0.183161
247.040000	0.183161
247.104000	0.183161
247.168000	0.183161
247.232000	0.183161
247.296000	0.183161
247.360000	0.183161
247.424000	0.183161
247.488000	0.183161
247.552000	0.183161
247.616000	0.183161
247.680000	0.183161
247.744000	0.183161
247.808000	0.183161
247.872000	0.183161
247.936000	0.183161
248.000000	0.183161
248.064000	0.183161
248.128000	0.183161
248.192000	0.183161
248.256000	0.189235
248.320000	0.189235
248.384000	0.189235
248.448000	0.182859
248.512000	0.182859
248.576000	0.182859
248.640000	0.182859
248.704000	0.182859
248.768000	0.182859
248.832000	0.182859
248.896000	0.182859
248.960000	0.182859
249.024000	0.182859
249.088000	0.182859
249.152000	0.182859
249.216000	0.182859
249.280000	0.182859
249.344000	0.182859
249.408000	0.182859
249.472000	0.182859
249.536000	0.182859
249.600000	0.182859
249.664000	0.182859
249.728000	0.182859
249.792000	0.182859
249.856000	0.182859
249.920000	0.182859
249.984000	0.093001
250.048000	0.093001
250.112000	0.093001
250.176000	0.093001
250.240000	0.093001
250.304000	0.093001
250.368000	0.093001
250.432000	0.093001
250.496000	0.093001
250.560000	0.093001
250.624000	0.093001
250.688000	0.093001
250.752000	0.093001
250.816000	0.093001
250.880000	0.093001
250.944000	0.093001
251.008000	0.093001
251.072000	0.093001
251.136000	0.093001
251.200000	0.093001
251.264000	0.093001
251.328000	0.093001
251.392000	0.093001
251.456000	0.093001
251.520000	0.093001
251.584000	0.093001
251.648000	0.093001
251.712000	0.093001
251.776000	0.093001
251.840000	0.093001
251.904000	0.093001
251.968000	0.093001
252.032000	0.093001
252.096000	0.093001
252.160000	0.093001
252.224000	0.093001
252.288000	0.093001
252.352000	0.093001
252.416000	0.093001
252.480000	0.093001
252.544000	0.093001
252.608000	0.093001
252.672000	0.093001
252.736000	0.093001
252.800000	0.093001
252.864000	0.093001
252.928000	0.093001
252.992000	0.093001
253.056000	0.093001
253.120000	0.093001
253.184000	0.093001
253.248000	0.093001
253.312000	0.093001
253.376000	0.093001
253.440000	0.093001
253.504000	0.093001
253.568000	0.093001
253.632000	0.093001
253.696000	0.093001
253.760000	0.093001
253.824000	0.093001
253.888000	0.093001
253.952000	0.093001
254.016000	0.093001
254.080000	0.093001
254.144000	0.093001
254.208000	0.093001
254.272000	0.093001
254.336000	0.093001
254.400000	0.093001
254.464000	0.093001
254.528000	0.093001
254.592000	0.093001
254.656000	0.093001
254.720000	0.093001
254.784000	0.093001
254.848000	0.093001
254.912000	0.093001
254.976000	0.093001
255.040000	0.093001
255.104000	0.093001
255.168000	0.093001
255.232000	0.093001
255.296000	0.093001
255.360000	0.093001
255.424000	0.093001
255.488000	0.093001
255.552000	0.093001
255.616000	0.093001
255.680000	0.093001
255.744000	0.093001
255.808000	0.093001
255.872000	0.093001
255.936000	0.093001
256.000000	0.093001
256.064000	0.093001
256.128000	0.093001
256.192000	0.093001
256.256000	0.093001
256.320000	0.093001
256.384000	0.105578
256.448000	0.105578
256.512000	0.105578
256.576000	0.105578
256.640000	0.105578
256.704000	0.105578
256.768000	0.105578
256.832000	0.105578
256.896000	0.105578
256.960000	0.105578
257.024000	0.105578
257.088000	0.105578
257.152000	0.105578
257.216000	0.105578
257.280000	0.105578
257.344000	0.105578
257.408000	0.105578
257.472000	0.105578
257.536000	0.105578
257.600000	0.105578
257.664000	0.105578
257.728000	0.105578
257.792000	0.105578
257.856000	0.105578
257.920000	0.105578
257.984000	0.105578
258.048000	0.105578
258.112000	0.105578
258.176000	0.105578
258.240000	0.105578
258.304000	0.105578
258.368000	0.105578
258.432000	0.105578
258.496000	0.105578
258.560000	0.105578
258.624000	0.105578
258.688000	0.105578
258.752000	0.105578
258.816000	0.105578
258.880000	0.105988
258.944000	0.105988
259.008000	0.105988
259.072000	0.105988
259.136000	0.105988
259.200000	0.105988
259.264000	0.105988
259.328000	0.105988
259.392000	0.105988
259.456000	0.105988
259.520000	0.105988
259.584000	0.105988
259.648000	0.105988
259.712000	0.105988
259.776000	0.105988
259.840000	0.105988
259.904000	0.105988
259.968000	0.105988
260.032000	0.105988
260.096000	0.105988
260.160000	0.105988
260.224000	0.105988
260.288000	0.105988
260.352000	0.105988
260.416000	0.105988
260.480000	0.105988
260.544000	0.105988
260.608000	0.105988
260.672000	0.105988
260.736000	0.105988
260.800000	0.105988
260.864000	0.105988
260.928000	0.105988
260.992000	0.105988
261.056000	0.105988
261.120000	0.105988
261.184000	0.105988
261.248000	0.105988
261.312000	0.105988
261.376000	0.105988
261.440000	0.105988
261.504000	0.105988
261.568000	0.105988
261.632000	0.105988
261.696000	0.105988
261.760000	0.105988
261.824000	0.105988
261.888000	0.105988
261.952000	0.105988
262.016000	0.105988
262.080000	0.105988
262.144000	0.105988
262.208000	0.105988
262.272000	0.105988
262.336000	0.105988
262.400000	0.105988
262.464000	0.105988
262.528000	0.105988
262.592000	0.105988
262.656000	0.105988
262.720000	0.105988
262.784000	0.105988
262.848000	0.105988
262.912000	0.105988
262.976000	0.105988
263.040000	0.105988
263.104000	0.105988
263.168000	0.105988
263.232000	0.105988
263.296000	0.105988
263.360000	0.105988
263.424000	0.105988
263.488000	0.105988
263.552000	0.105988
263.616000	0.105988
263.680000	0.105988
263.744000	0.105988
263.808000	0.105988
263.872000	0.105988
263.936000	0.105988
264.000000	0.105988
264.064000	0.105988
264.128000	0.105988
264.192000	0.105988
264.256000	0.105988
264.320000	0.127735
264.384000	0.127735
264.448000	0.127735
264.512000	0.127735
264.576000	0.127735
264.640000	0.127735
264.704000	0.127735
264.768000	0.127735
264.832000	0.127735
264.896000	0.127735
264.960000	0.127735
265.024000	0.127735
265.088000	0.127735
265.152000	0.127735
265.216000	0.127735
265.280000	0.127735
265.344000	0.127735
265.408000	0.127735
265.472000	0.127735
265.536000	0.127735
265.600000	0.127735
265.664000	0.127735
265.728000	0.127735
265.792000	0.127735
265.856000	0.127735
265.920000	0.127735
265.984000	0.127735
266.048000	0.102963
266.112000	0.102963
266.176000	0.102963
266.240000	0.102963
266.304000	0.102963
266.368000	0.102963
266.432000	0.102963
266.496000	0.102963
266.560000	0.102963
266.624000	0.102963
266.688000	0.102963
266.752000	0.102963
266.816000	0.102963
266.880000	0.102963
266.944000	0.102963
267.008000	0.102963
267.072000	0.102963
267.136000	0.102963
267.200000	0.102963
267.264000	0.102963
267.328000	0.102963
267.392000	0.102963
267.456000	0.102963
267.520000	0.102963
267.584000	0.102963
267.648000	0.102963
267.712000	0.102963
267.776000	0.102963
267.840000	0.102963
267.904000	0.102963
267.968000	0.102963
268.032000	0.102963
268.096000	0.102963
268.160000	0.102963
268.224000	0.102963
268.288000	0.102963
268.352000	0.102963
268.416000	0.102963
268.480000	0.102963
268.544000	0.102963
268.608000	0.102963
268.672000	0.102963
268.736000	0.102963
268.800000	0.102963
268.864000	0.102963
268.928000	0.102963
268.992000	0.102963
269.056000	0.102963
269.120000	0.102963
269.184000	0.102963
269.248000	0.102963
269.312000	0.102963
269.376000	0.102963
269.440000	0.102963
269.504000	0.102963
269.568000	0.102963
269.632000	0.102963
269.696000	0.102963
269.760000	0.102963
269.824000	0.102963
269.888000	0.102963
269.952000	0.102963
270.016000	0.102963
270.080000	0.102963
270.144000	0.102963
270.208000	0.102963
270.272000	0.102963
270.336000	0.102963
270.400000	0.102963
270.464000	0.102963
270.528000	0.102963
270.592000	0.102963
270.656000	0.102963
270.720000	0.102963
270.784000	0.102963
270.848000	0.102963
270.912000	0.102963
270.976000	0.102963
271.040000	0.102963
271.104000	0.102963
271.168000	0.102963
271.232000	0.102963
271.296000	0.102963
271.360000	0.102963
271.424000	0.102963
271.488000	0.102963
271.552000	0.102963
271.616000	0.102963
271.680000	0.102963
271.744000	0.102963
271.808000	0.102963
271.872000	0.102963
271.936000	0.102963
272.000000	0.102963
272.064000	0.102963
272.128000	0.102963
272.192000	0.102963
272.256000	0.102963
272.320000	0.102963
272.384000	0.102963
272.448000	0.167011
272.512000	0.173767
272.576000	0.173767
272.640000	0.260165
272.704000	0.260165
272.768000	0.260165
272.832000	0.260165
272.896000	0.260165
272.960000	0.260165
273.024000	0.260165
273.088000	0.260165
273.152000	0.260165
273.216000	0.260165
273.280000	0.260165
273.344000	0.260165
273.408000	0.260165
273.472000	0.260165
273.536000	0.260165
273.600000	0.260165
273.664000	0.260165
273.728000	0.260165
273.792000	0.260165
273.856000	0.260165
273.920000	0.260165
273.984000	0.260165
274.048000	0.260165
274.112000	0.260165
274.176000	0.260165
274.240000	0.260165
274.304000	0.260165
274.368000	0.260165
274.432000	0.260165
274.496000	0.260165
274.560000	0.260165
274.624000	0.260165
274.688000	0.260165
274.752000	0.260165
274.816000	0.260165
274.880000	0.260165
274.944000	0.260165
275.008000	0.260165
275.072000	0.260165
275.136000	0.260165
275.200000	0.261620
275.264000	0.329824
275.328000	0.329824
275.392000	0.329824
275.456000	0.329824
275.520000	0.329824
275.584000	0.329824
275.648000	0.274511
275.712000	0.274511
275.776000	0.274511
275.840000	0.274511
275.904000	0.274511
275.968000	0.274511
276.032000	0.274511
276.096000	0.274511
276.160000	0.274511
276.224000	0.274511
276.288000	0.274511
276.352000	0.274511
276.416000	0.274511
276.480000	0.274511
276.544000	0.274511
276.608000	0.274511
276.672000	0.274511
276.736000	0.274511
276.800000	0.274511
276.864000	0.274511
276.928000	0.274511
276.992000	0.274511
277.056000	0.274511
277.120000	0.274511
277.184000	0.274511
277.248000	0.274511
277.312000	0.274511
277.376000	0.274511
277.440000	0.274511
277.504000	0.152447
277.568000	0.152447
277.632000	0.152447
277.696000	0.152447
277.760000	0.152447
277.824000	0.152447
277.888000	0.152447
277.952000	0.152447
278.016000	0.152447
278.080000	0.152447
278.144000	0.152447
278.208000	0.152447
278.272000	0.152447
278.336000	0.152447
278.400000	0.152447
278.464000	0.152447
278.528000	0.152447
278.592000	0.152447
278.656000	0.152447
278.720000	0.152447
278.784000	0.152447
278.848000	0.152447
278.912000	0.152447
278.976000	0.152447
279.040000	0.152447
279.104000	0.152447
279.168000	0.152447
279.232000	0.152447
279.296000	0.152447
279.360000	0.152447
279.424000	0.152447
279.488000	0.152447
279.552000	0.152447
279.616000	0.152447
279.680000	0.152447
279.744000	0.152447
279.808000	0.152447
279.872000	0.152447
279.936000	0.152447
280.000000	0.152447
280.064000	0.152447
280.128000	0.152447
280.192000	0.152447
280.256000	0.152447
280.320000	0.152447
280.384000	0.152447
280.448000	0.152447
280.512000	0.152447
280.576000	0.152447
280.640000	0.152447
280.704000	0.152447
280.768000	0.152447
280.832000	0.152447
280.896000	0.152447
280.960000	0.152447
281.024000	0.152447
281.088000	0.152447
281.152000	0.152447
281.216000	0.152447
281.280000	0.152447
281.344000	0.152447
281.408000	0.152447
281.472000	0.152447
281.536000	0.152447
281.600000	0.152447
281.664000	0.152447
281.728000	0.152447
281.792000	0.152447
281.856000	0.152447
281.920000	0.152447
281.984000	0.152447
282.048000	0.152447
282.112000	0.152447
282.176000	0.152447
282.240000	0.152447
282.304000	0.152447
282.368000	0.152447
282.432000	0.152447
282.496000	0.152447
282.560000	0.152447
282.624000	0.152447
282.688000	0.152447
282.752000	0.152447
282.816000	0.152447
282.880000	0.152447
282.944000	0.152447
283.008000	0.152447
283.072000	0.152447
283.136000	0.152447
283.200000	0.152447
283.264000	0.152447
283.328000	0.152447
283.392000	0.152447
283.456000	0.152447
283.520000	0.152447
283.584000	0.152447
283.648000	0.152447
283.712000	0.152447
283.776000	0.152447
283.840000	0.152447
283.904000	0.160247
283.968000	0.160247
284.032000	0.160247
284.096000	0.160247
284.160000	0.160247
284.224000	0.160247
284.288000	0.160247
284.352000	0.160247
284.416000	0.160247
284.480000	0.160247
284.544000	0.160247
284.608000	0.160247
284.672000	0.160247
284.736000	0.160247
284.800000	0.160247
284.864000	0.160247
284.928000	0.160247
284.992000	0.160247
285.056000	0.160247
285.120000	0.160247
285.184000	0.160247
285.248000	0.160247
285.312000	0.160247
285.376000	0.160247
285.440000	0.160247
285.504000	0.160247
285.568000	0.160247
285.632000	0.160247
285.696000	0.160247
285.760000	0.160247
285.824000	0.160247
285.888000	0.160247
285.952000	0.160247
286.016000	0.160247
286.080000	0.160247
286.144000	0.160247
286.208000	0.160247
286.272000	0.160247
286.336000	0.160247
286.400000	0.160247
286.464000	0.160247
286.528000	0.160247
286.592000	0.160247
286.656000	0.160247
286.720000	0.160247
286.784000	0.160247
286.848000	0.160247
286.912000	0.160247
286.976000	0.160247
287.040000	0.160247
287.104000	0.160247
287.168000	0.160247
287.232000	0.160247
287.296000	0.160247
287.360000	0.160247
287.424000	0.160247
287.488000	0.160247
287.552000	0.160247
287.616000	0.160247
287.680000	0.160247
287.744000	0.160247
287.808000	0.160247
287.872000	0.160247
287.936000	0.160247
288.000000	0.160247
288.064000	0.160247
288.128000	0.160247
288.192000	0.160247
288.256000	0.160247
288.320000	0.160247
288.384000	0.311519
288.448000	0.311519
288.512000	0.311519
288.576000	0.311519
288.640000	0.311519
288.704000	0.311519
288.768000	0.311519
288.832000	0.311519
288.896000	0.311519
288.960000	0.311519
289.024000	0.311519
289.088000	0.311519
289.152000	0.311519
289.216000	0.311519
289.280000	0.311519
289.344000	0.311519
289.408000	0.311519
289.472000	0.311519
289.536000	0.311519
289.600000	0.311519
289.664000	0.311519
289.728000	0.311519
289.792000	0.311519
289.856000	0.250477
289.920000	0.215283
289.984000	0.215283
290.048000	0.215283
290.112000	0.215283
290.176000	0.215283
290.240000	0.215283
290.304000	0.215283
290.368000	0.215283
290.432000	0.215283
290.496000	0.215283
290.560000	0.215283
290.624000	0.215283
290.688000	0.215283
290.752000	0.215283
290.816000	0.215283
290.880000	0.215283
290.944000	0.215283
291.008000	0.215283
291.072000	0.215283
291.136000	0.215283
291.200000	0.215283
291.264000	0.215283
291.328000	0.215283
291.392000	0.215283
291.456000	0.215283
291.520000	0.215283
291.584000	0.215283
291.648000	0.215283
291.712000	0.215283
291.776000	0.215283
291.840000	0.215283
291.904000	0.215283
291.968000	0.215283
292.032000	0.215283
292.096000	0.215283
292.160000	0.215283
292.224000	0.215283
292.288000	0.215283
292.352000	0.215283
292.416000	0.215283
292.480000	0.215283
292.544000	0.215283
292.608000	0.215283
292.672000	0.215283
292.736000	0.215283
292.800000	0.215283
292.864000	0.215283
292.928000	0.215283
292.992000	0.215283
293.056000	0.215283
293.120000	0.215283
293.184000	0.215283
293.248000	0.215283
293.312000	0.215283
293.376000	0.215283
293.440000	0.215283
293.504000	0.215283
293.568000	0.215283
293.632000	0.215283
293.696000	0.215283
293.760000	0.215283
293.824000	0.215283
293.888000	0.215283
293.952000	0.215283
294.016000	0.215283
294.080000	0.215283
294.144000	0.215283
294.208000	0.215283
294.272000	0.215283
294.336000	0.178763
294.400000	0.178763
294.464000	0.178763
294.528000	0.178763
294.592000	0.178763
294.656000	0.178763
294.720000	0.178763
294.784000	0.178763
294.848000	0.178763
294.912000	0.178763
294.976000	0.178763
295.040000	0.178763
295.104000	0.178763
295.168000	0.178763
295.232000	0.178763
295.296000	0.178763
295.360000	0.178763
295.424000	0.178763
295.488000	0.178763
295.552000	0.178763
295.616000	0.178763
295.680000	0.178763
295.744000	0.147729
295.808000	0.147729
295.872000	0.147729
295.936000	0.147729
296.000000	0.147729
296.064000	0.147729
296.128000	0.147729
296.192000	0.147729
296.256000	0.147729
296.320000	0.147729
296.384000	0.147729
296.448000	0.147729
296.512000	0.147729
296.576000	0.147729
296.640000	0.147729
296.704000	0.147729
296.768000	0.147729
296.832000	0.147729
296.896000	0.147729
296.960000	0.147729
297.024000	0.147729
297.088000	0.147729
297.152000	0.147729
297.216000	0.147729
297.280000	0.147729
297.344000	0.147729
297.408000	0.147729
297.472000	0.147729
297.536000	0.147729
297.600000	0.147729
297.664000	0.147729
297.728000	0.147729
297.792000	0.004646
297.856000	0.000014
297.920000	0.000012
297.984000	0.000012
298.048000	0.000012
298.112000	0.000012
298.176000	0.000012
298.240000	0.000012
298.304000	0.000012
298.368000	0.000009
298.432000	0.000008
298.496000	0.000008
298.560000	0.000008
298.624000	0.000000
298.688000	0.000000
298.752000	0.000000
298.816000	0.000000
298.880000	0.000000
298.944000	0.000000
299.008000	0.000000
299.072000	0.000000
299.136000	0.000000
299.200000	0.000000
299.264000	0.000000
299.328000	0.000000
299.392000	0.000000
299.456000	0.000000
299.520000	0.000000
299.584000	0.000000
299.648000	0.000000
299.712000	0.000000
299.776000	0.000000
299.840000	0.000000
299.904000	0.000000
299.968000	0.000000
300.032000	0.000000
300.096000	0.000000
300.160000	0.000000
300.224000	0.000000
300.288000	0.000000
300.352000	0.000000
300.416000	0.000000
300.480000	0.000000
300.544000	0.000000
300.608000	0.000000
300.672000	0.000000
300.736000	0.000000
300.800000	0.000000
300.864000	0.000000
300.928000	0.000000
300.992000	0.000000
301.056000	0.000000
301.120000	0.000000
301.184000	0.000000
301.248000	0.000000
301.312000	0.000000
301.376000	0.000000
301.440000	0.000000
301.504000	0.000000
301.568000	0.000000
301.632000	0.000000
301.696000	0.000000
301.760000	0.000000
