0.064000	0.000000
0.128000	0.000000
0.192000	0.000000
0.256000	0.000000
0.320000	0.000000
0.384000	0.000000
0.448000	0.000000
0.512000	0.000000
0.576000	0.000000
0.640000	0.000000
0.704000	0.000000
0.768000	0.000000
0.832000	0.000000
0.896000	0.000000
0.960000	0.000000
1.024000	0.000000
1.088000	0.000000
1.152000	0.000000
1.216000	0.000000
1.280000	0.000000
1.344000	0.000000
1.408000	0.000000
1.472000	0.000000
1.536000	0.000000
1.600000	0.000000
1.664000	0.000000
1.728000	0.000000
1.792000	0.000000
1.856000	0.000000
1.920000	0.000000
1.984000	0.000000
2.048000	0.000000
2.112000	0.000000
2.176000	0.000000
2.240000	0.000000
2.304000	0.000000
2.368000	0.000000
2.432000	0.000000
2.496000	0.000000
2.560000	0.000000
2.624000	0.000000
2.688000	0.000000
2.752000	0.000000
2.816000	0.000000
2.880000	0.000000
2.944000	0.000000
3.008000	0.000000
3.072000	0.000000
3.136000	0.000000
3.200000	0.000000
3.264000	0.179961
3.328000	0.179961
3.392000	0.179961
3.456000	0.179961
3.520000	0.179961
3.584000	0.179961
3.648000	0.179961
3.712000	0.179961
3.776000	0.179961
3.840000	0.179961
3.904000	0.179961
3.968000	0.179961
4.032000	0.179961
4.096000	0.179961
4.160000	0.179961
4.224000	0.179961
4.288000	0.179961
4.352000	0.179961
4.416000	0.179961
4.480000	0.179961
4.544000	0.179961
4.608000	0.179961
4.672000	0.179961
4.736000	0.179961
4.800000	0.179961
4.864000	0.179961
4.928000	0.179961
4.992000	0.179961
5.056000	0.179961
5.120000	0.179961
5.184000	0.179961
5.248000	0.179961
5.312000	0.179961
5.376000	0.179961
5.440000	0.179961
5.504000	0.179961
5.568000	0.179961
5.632000	0.179961
5.696000	0.179961
5.760000	0.179961
5.824000	0.179961
5.888000	0.179961
5.952000	0.179961
6.016000	0.179961
6.080000	0.179961
6.144000	0.179961
6.208000	0.179961
6.272000	0.179961
6.336000	0.179961
6.400000	0.179961
6.464000	0.179961
6.528000	0.179961
6.592000	0.179961
6.656000	0.179961
6.720000	0.179961
6.784000	0.179961
6.848000	0.179961
6.912000	0.179961
6.976000	0.179961
7.040000	0.179961
7.104000	0.179961
7.168000	0.179961
7.232000	0.179961
7.296000	0.179961
7.360000	0.179961
7.424000	0.179961
7.488000	0.179961
7.552000	0.179961
7.616000	0.179961
7.680000	0.179961
7.744000	0.179961
7.808000	0.179961
7.872000	0.179961
7.936000	0.179961
8.000000	0.179961
8.064000	0.179961
8.128000	0.179961
8.192000	0.179961
8.256000	0.179961
8.320000	0.179961
8.384000	0.179961
8.448000	0.179961
8.512000	0.179961
8.576000	0.179961
8.640000	0.179961
8.704000	0.179961
8.768000	0.179961
8.832000	0.179961
8.896000	0.179961
8.960000	0.179961
9.024000	0.179961
9.088000	0.179961
9.152000	0.179961
9.216000	0.179961
9.280000	0.179961
9.344000	0.179961
9.408000	0.218602
9.472000	0.221581
9.536000	0.221581
9.600000	0.221581
9.664000	0.221581
9.728000	0.221581
9.792000	0.221581
9.856000	0.221581
9.920000	0.221581
9.984000	0.221581
10.048000	0.221581
10.112000	0.221581
10.176000	0.221581
10.240000	0.221581
10.304000	0.221581
10.368000	0.221581
10.432000	0.221581
10.496000	0.221581
10.560000	0.221581
10.624000	0.221581
10.688000	0.221581
10.752000	0.221581
10.816000	0.221581
10.880000	0.221581
10.944000	0.221581
11.008000	0.221581
11.072000	0.221581
11.136000	0.221581
11.200000	0.297296
11.264000	0.368519
11.328000	0.368519
11.392000	0.368519
11.456000	0.368519
11.520000	0.368519
11.584000	0.368519
11.648000	0.368519
11.712000	0.368519
11.776000	0.368519
11.840000	0.368519
11.904000	0.403182
11.968000	0.403182
12.032000	0.403182
12.096000	0.403182
12.160000	0.403182
12.224000	0.403182
12.288000	0.403182
12.352000	0.403182
12.416000	0.403182
12.480000	0.393414
12.544000	0.393414
12.608000	0.393414
12.672000	0.393414
12.736000	0.393414
12.800000	0.393414
12.864000	0.393414
12.928000	0.393414
12.992000	0.393414
13.056000	0.393414
13.120000	0.393414
13.184000	0.233582
13.248000	0.233582
13.312000	0.233582
13.376000	0.233582
13.440000	0.233582
13.504000	0.233582
13.568000	0.233582
13.632000	0.233582
13.696000	0.233582
13.760000	0.233582
13.824000	0.233582
13.888000	0.233582
13.952000	0.233582
14.016000	0.233582
14.080000	0.233582
14.144000	0.233582
14.208000	0.233582
14.272000	0.233582
14.336000	0.233582
14.400000	0.233582
14.464000	0.233582
14.528000	0.233582
14.592000	0.233582
14.656000	0.233582
14.720000	0.233582
14.784000	0.233582
14.848000	0.233582
14.912000	0.233582
14.976000	0.233582
15.040000	0.233582
15.104000	0.233582
15.168000	0.233582
15.232000	0.233582
15.296000	0.233582
15.360000	0.233582
15.424000	0.233582
15.488000	0.233582
15.552000	0.233582
15.616000	0.233582
15.680000	0.233582
15.744000	0.233582
15.808000	0.233582
15.872000	0.233582
15.936000	0.233582
16.000000	0.233582
16.064000	0.233582
16.128000	0.233582
16.192000	0.233582
16.256000	0.233582
16.320000	0.233582
16.384000	0.233582
16.448000	0.233582
16.512000	0.233582
16.576000	0.233582
16.640000	0.233582
16.704000	0.233582
16.768000	0.233582
16.832000	0.233582
16.896000	0.233582
16.960000	0.233582
17.024000	0.233582
17.088000	0.233582
17.152000	0.233582
17.216000	0.233582
17.280000	0.233582
17.344000	0.233582
17.408000	0.233582
17.472000	0.233582
17.536000	0.233582
17.600000	0.233582
17.664000	0.233582
17.728000	0.233582
17.792000	0.233582
17.856000	0.233582
17.920000	0.233582
17.984000	0.233582
18.048000	0.233582
18.112000	0.233582
18.176000	0.233582
18.240000	0.233582
18.304000	0.233582
18.368000	0.233582
18.432000	0.233582
18.496000	0.233582
18.560000	0.233582
18.624000	0.233582
18.688000	0.233582
18.752000	0.233582
18.816000	0.233582
18.880000	0.233582
18.944000	0.233582
19.008000	0.233582
19.072000	0.233582
19.136000	0.233582
19.200000	0.233582
19.264000	0.233582
19.328000	0.233582
19.392000	0.233582
19.456000	0.233582
19.520000	0.233582
19.584000	0.266322
19.648000	0.266322
19.712000	0.266322
19.776000	0.266322
19.840000	0.266322
19.904000	0.266322
19.968000	0.266322
20.032000	0.266322
20.096000	0.266322
20.160000	0.266322
20.224000	0.266322
20.288000	0.266322
20.352000	0.266322
20.416000	0.266322
20.480000	0.266322
20.544000	0.266322
20.608000	0.266322
20.672000	0.266322
20.736000	0.266322
20.800000	0.266322
20.864000	0.266322
20.928000	0.266322
20.992000	0.266322
21.056000	0.266322
21.120000	0.266322
21.184000	0.266322
21.248000	0.266322
21.312000	0.266322
21.376000	0.266322
21.440000	0.266322
21.504000	0.266322
21.568000	0.266322
21.632000	0.266322
21.696000	0.266322
21.760000	0.266322
21.824000	0.266322
21.888000	0.266322
21.952000	0.266322
22.016000	0.266322
22.080000	0.266322
22.144000	0.266322
22.208000	0.266322
22.272000	0.266322
22.336000	0.266322
22.400000	0.266322
22.464000	0.266322
22.528000	0.266322
22.592000	0.200750
22.656000	0.200750
22.720000	0.200750
22.784000	0.200750
22.848000	0.200750
22.912000	0.200750
22.976000	0.200750
23.040000	0.200750
23.104000	0.200750
23.168000	0.200750
23.232000	0.200750
23.296000	0.200750
23.360000	0.200750
23.424000	0.200750
23.488000	0.200750
23.552000	0.200750
23.616000	0.200750
23.680000	0.200750
23.744000	0.200750
23.808000	0.200750
23.872000	0.200750
23.936000	0.200750
24.000000	0.200750
24.064000	0.200750
24.128000	0.200750
24.192000	0.200750
24.256000	0.200750
24.320000	0.200750
24.384000	0.200750
24.448000	0.200750
24.512000	0.200750
24.576000	0.200750
24.640000	0.200750
24.704000	0.200750
24.768000	0.176865
24.832000	0.176865
24.896000	0.176865
24.960000	0.176865
25.024000	0.176865
25.088000	0.176865
25.152000	0.176865
25.216000	0.176865
25.280000	0.176865
25.344000	0.176865
25.408000	0.176865
25.472000	0.176865
25.536000	0.176865
25.600000	0.176865
25.664000	0.176865
25.728000	0.176865
25.792000	0.176865
25.856000	0.176865
25.920000	0.176865
25.984000	0.176865
26.048000	0.176865
26.112000	0.176865
26.176000	0.176865
26.240000	0.176865
26.304000	0.176865
26.368000	0.176865
26.432000	0.176865
26.496000	0.176865
26.560000	0.176865
26.624000	0.176865
26.688000	0.176865
26.752000	0.176865
26.816000	0.176865
26.880000	0.176865
26.944000	0.176865
27.008000	0.176865
27.072000	0.176865
27.136000	0.176865
27.200000	0.176865
27.264000	0.176865
27.328000	0.176865
27.392000	0.176865
27.456000	0.176865
27.520000	0.176865
27.584000	0.176865
27.648000	0.176865
27.712000	0.176865
27.776000	0.176865
27.840000	0.176865
27.904000	0.176865
27.968000	0.176865
28.032000	0.176865
28.096000	0.176865
28.160000	0.176865
28.224000	0.176865
28.288000	0.176865
28.352000	0.176865
28.416000	0.176865
28.480000	0.176865
28.544000	0.176865
28.608000	0.176865
28.672000	0.176865
28.736000	0.176865
28.800000	0.176865
28.864000	0.176865
28.928000	0.176865
28.992000	0.176865
29.056000	0.176865
29.120000	0.176865
29.184000	0.176865
29.248000	0.176865
29.312000	0.176865
29.376000	0.176865
29.440000	0.176865
29.504000	0.176865
29.568000	0.176865
29.632000	0.176865
29.696000	0.176865
29.760000	0.176865
29.824000	0.176865
29.888000	0.176865
29.952000	0.176865
30.016000	0.176865
30.080000	0.176865
30.144000	0.176865
30.208000	0.176865
30.272000	0.176865
30.336000	0.176865
30.400000	0.176865
30.464000	0.176865
30.528000	0.176865
30.592000	0.176865
30.656000	0.176865
30.720000	0.176865
30.784000	0.176865
30.848000	0.176865
30.912000	0.176865
30.976000	0.176865
31.040000	0.176865
31.104000	0.176865
31.168000	0.248356
31.232000	0.248356
31.296000	0.248356
31.360000	0.248356
31.424000	0.248356
31.488000	0.248356
31.552000	0.248356
31.616000	0.248356
31.680000	0.248356
31.744000	0.248356
31.808000	0.248356
31.872000	0.248356
31.936000	0.248356
32.000000	0.248356
32.064000	0.248356
32.128000	0.248356
32.192000	0.248356
32.256000	0.248356
32.320000	0.248356
32.384000	0.248356
32.448000	0.248356
32.512000	0.248356
32.576000	0.248356
32.640000	0.248356
32.704000	0.248356
32.768000	0.248356
32.832000	0.248356
32.896000	0.248356
32.960000	0.248356
33.024000	0.248356
33.088000	0.248356
33.152000	0.248356
33.216000	0.248356
33.280000	0.248356
33.344000	0.248356
33.408000	0.248356
33.472000	0.248356
33.536000	0.248356
33.600000	0.248356
33.664000	0.248356
33.728000	0.248356
33.792000	0.205540
33.856000	0.205540
33.920000	0.205540
33.984000	0.205540
34.048000	0.205540
34.112000	0.205540
34.176000	0.205540
34.240000	0.205540
34.304000	0.205540
34.368000	0.205540
34.432000	0.205540
34.496000	0.205540
34.560000	0.205540
34.624000	0.205540
34.688000	0.205540
34.752000	0.205540
34.816000	0.205540
34.880000	0.205540
34.944000	0.205540
35.008000	0.205540
35.072000	0.205540
35.136000	0.205540
35.200000	0.205540
35.264000	0.205540
35.328000	0.205540
35.392000	0.205540
35.456000	0.205540
35.520000	0.205540
35.584000	0.205540
35.648000	0.205540
35.712000	0.205540
35.776000	0.205540
35.840000	0.205540
35.904000	0.205540
35.968000	0.205540
36.032000	0.205540
36.096000	0.205540
36.160000	0.205540
36.224000	0.205540
36.288000	0.205540
36.352000	0.205540
36.416000	0.205540
36.480000	0.205540
36.544000	0.205540
36.608000	0.205540
36.672000	0.205540
36.736000	0.205540
36.800000	0.205540
36.864000	0.205540
36.928000	0.205540
36.992000	0.166293
37.056000	0.166293
37.120000	0.085402
37.184000	0.085402
37.248000	0.085402
37.312000	0.085402
37.376000	0.085402
37.440000	0.085402
37.504000	0.085402
37.568000	0.085402
37.632000	0.085402
37.696000	0.085402
37.760000	0.085402
37.824000	0.085402
37.888000	0.085402
37.952000	0.085402
38.016000	0.085402
38.080000	0.085402
38.144000	0.085402
38.208000	0.085402
38.272000	0.085402
38.336000	0.085402
38.400000	0.085402
38.464000	0.085402
38.528000	0.085402
38.592000	0.085402
38.656000	0.059021
38.720000	0.059021
38.784000	0.059021
38.848000	0.059021
38.912000	0.059021
38.976000	0.059021
39.040000	0.059021
39.104000	0.059021
39.168000	0.059021
39.232000	0.059021
39.296000	0.059021
39.360000	0.059021
39.424000	0.059021
39.488000	0.059021
39.552000	0.059021
39.616000	0.059021
39.680000	0.059021
39.744000	0.059021
39.808000	0.059021
39.872000	0.059021
39.936000	0.059021
40.000000	0.059021
40.064000	0.059021
40.128000	0.059021
40.192000	0.059021
40.256000	0.059021
40.320000	0.059021
40.384000	0.059021
40.448000	0.059021
40.512000	0.059021
40.576000	0.059021
40.640000	0.059021
40.704000	0.059021
40.768000	0.059021
40.832000	0.059021
40.896000	0.059021
40.960000	0.059021
41.024000	0.059021
41.088000	0.059021
41.152000	0.059021
41.216000	0.059021
41.280000	0.059021
41.344000	0.059021
41.408000	0.059021
41.472000	0.059021
41.536000	0.059021
41.600000	0.059021
41.664000	0.059021
41.728000	0.059021
41.792000	0.059021
41.856000	0.059021
41.920000	0.059021
41.984000	0.059021
42.048000	0.059021
42.112000	0.059021
42.176000	0.059021
42.240000	0.059021
42.304000	0.059021
42.368000	0.059021
42.432000	0.059021
42.496000	0.059021
42.560000	0.059021
42.624000	0.059021
42.688000	0.059021
42.752000	0.059021
42.816000	0.059021
42.880000	0.059021
42.944000	0.059021
43.008000	0.059021
43.072000	0.059021
43.136000	0.059021
43.200000	0.059021
43.264000	0.059021
43.328000	0.059021
43.392000	0.059021
43.456000	0.059021
43.520000	0.059021
43.584000	0.059021
43.648000	0.059021
43.712000	0.059021
43.776000	0.059021
43.840000	0.059021
43.904000	0.059021
43.968000	0.059021
44.032000	0.059021
44.096000	0.059021
44.160000	0.059021
44.224000	0.059021
44.288000	0.059021
44.352000	0.059021
44.416000	0.059021
44.480000	0.059021
44.544000	0.059021
44.608000	0.059021
44.672000	0.059021
44.736000	0.059021
44.800000	0.059021
44.864000	0.059021
44.928000	0.059021
44.992000	0.059021
45.056000	0.060407
45.120000	0.107181
45.184000	0.107181
45.248000	0.107181
45.312000	0.107181
45.376000	0.107181
45.440000	0.107181
45.504000	0.107181
45.568000	0.107181
45.632000	0.107181
45.696000	0.107844
45.760000	0.107844
45.824000	0.107844
45.888000	0.107844
45.952000	0.107844
46.016000	0.107844
46.080000	0.107844
46.144000	0.107844
46.208000	0.107844
46.272000	0.107844
46.336000	0.107844
46.400000	0.107844
46.464000	0.107844
46.528000	0.107844
46.592000	0.107844
46.656000	0.107844
46.720000	0.107844
46.784000	0.107844
46.848000	0.107844
46.912000	0.107844
46.976000	0.107844
47.040000	0.107844
47.104000	0.107844
47.168000	0.107844
47.232000	0.107844
47.296000	0.107844
47.360000	0.107844
47.424000	0.107844
47.488000	0.107844
47.552000	0.107844
47.616000	0.107844
47.680000	0.107844
47.744000	0.107844
47.808000	0.107844
47.872000	0.107844
47.936000	0.107844
48.000000	0.107844
48.064000	0.107844
48.128000	0.107844
48.192000	0.107844
48.256000	0.107844
48.320000	0.107844
48.384000	0.107844
48.448000	0.107844
48.512000	0.107844
48.576000	0.107844
48.640000	0.107844
48.704000	0.107844
48.768000	0.107844
48.832000	0.107844
48.896000	0.107844
48.960000	0.107844
49.024000	0.107844
49.088000	0.107844
49.152000	0.107844
49.216000	0.126353
49.280000	0.126353
49.344000	0.126353
49.408000	0.126353
49.472000	0.126353
49.536000	0.126353
49.600000	0.126353
49.664000	0.126353
49.728000	0.126353
49.792000	0.126353
49.856000	0.137101
49.920000	0.137101
49.984000	0.137101
50.048000	0.137101
50.112000	0.137101
50.176000	0.137101
50.240000	0.137101
50.304000	0.137101
50.368000	0.137101
50.432000	0.137101
50.496000	0.137101
50.560000	0.137101
50.624000	0.137101
50.688000	0.137101
50.752000	0.137101
50.816000	0.137101
50.880000	0.137101
50.944000	0.137101
51.008000	0.137101
51.072000	0.137101
51.136000	0.137101
51.200000	0.137101
51.264000	0.137101
51.328000	0.137101
51.392000	0.137101
51.456000	0.137101
51.520000	0.137101
51.584000	0.137101
51.648000	0.137101
51.712000	0.137101
51.776000	0.137101
51.840000	0.137101
51.904000	0.137101
51.968000	0.137101
52.032000	0.153345
52.096000	0.169832
52.160000	0.169832
52.224000	0.169832
52.288000	0.169832
52.352000	0.169832
52.416000	0.169832
52.480000	0.169832
52.544000	0.169832
52.608000	0.169832
52.672000	0.169832
52.736000	0.169832
52.800000	0.169832
52.864000	0.169832
52.928000	0.169832
52.992000	0.169832
53.056000	0.169832
53.120000	0.169832
53.184000	0.169832
53.248000	0.169832
53.312000	0.169832
53.376000	0.169832
53.440000	0.169832
53.504000	0.169832
53.568000	0.169832
53.632000	0.169832
53.696000	0.169832
53.760000	0.169832
53.824000	0.169832
53.888000	0.169832
53.952000	0.169832
54.016000	0.169832
54.080000	0.169832
54.144000	0.169832
54.208000	0.169832
54.272000	0.169832
54.336000	0.169832
54.400000	0.169832
54.464000	0.169832
54.528000	0.166212
54.592000	0.163387
54.656000	0.139887
54.720000	0.139887
54.784000	0.139887
54.848000	0.139887
54.912000	0.139887
54.976000	0.139887
55.040000	0.139887
55.104000	0.139887
55.168000	0.139887
55.232000	0.139887
55.296000	0.139887
55.360000	0.139887
55.424000	0.139887
55.488000	0.139887
55.552000	0.139887
55.616000	0.139887
55.680000	0.139887
55.744000	0.139887
55.808000	0.139887
55.872000	0.139887
55.936000	0.139887
56.000000	0.139887
56.064000	0.139887
56.128000	0.139887
56.192000	0.139887
56.256000	0.139887
56.320000	0.139887
56.384000	0.139887
56.448000	0.139887
56.512000	0.139887
56.576000	0.139887
56.640000	0.139887
56.704000	0.139887
56.768000	0.139887
56.832000	0.139887
56.896000	0.139887
56.960000	0.139887
57.024000	0.139887
57.088000	0.128446
57.152000	0.098949
57.216000	0.098949
57.280000	0.098949
57.344000	0.098949
57.408000	0.098949
57.472000	0.098949
57.536000	0.098949
57.600000	0.098949
57.664000	0.098949
57.728000	0.098949
57.792000	0.098949
57.856000	0.098949
57.920000	0.098949
57.984000	0.098949
58.048000	0.098949
58.112000	0.098949
58.176000	0.098949
58.240000	0.098949
58.304000	0.098949
58.368000	0.098949
58.432000	0.098949
58.496000	0.098949
58.560000	0.098949
58.624000	0.098949
58.688000	0.098949
58.752000	0.098949
58.816000	0.098949
58.880000	0.098949
58.944000	0.098949
59.008000	0.098949
59.072000	0.098949
59.136000	0.098949
59.200000	0.098949
59.264000	0.098949
59.328000	0.098949
59.392000	0.098949
59.456000	0.098949
59.520000	0.098949
59.584000	0.098949
59.648000	0.098949
59.712000	0.098949
59.776000	0.098949
59.840000	0.098949
59.904000	0.098949
59.968000	0.098949
60.032000	0.098949
60.096000	0.098949
60.160000	0.098949
60.224000	0.098949
60.288000	0.098949
60.352000	0.098949
60.416000	0.098949
60.480000	0.098949
60.544000	0.098949
60.608000	0.098949
60.672000	0.098949
60.736000	0.098949
60.800000	0.098949
60.864000	0.098949
60.928000	0.098949
60.992000	0.098949
61.056000	0.098949
61.120000	0.098949
61.184000	0.098949
61.248000	0.098949
61.312000	0.098949
61.376000	0.098949
61.440000	0.098949
61.504000	0.098949
61.568000	0.098949
61.632000	0.098949
61.696000	0.098949
61.760000	0.098949
61.824000	0.098949
61.888000	0.098949
61.952000	0.098949
62.016000	0.098949
62.080000	0.098949
62.144000	0.098949
62.208000	0.098949
62.272000	0.098949
62.336000	0.098949
62.400000	0.098949
62.464000	0.098949
62.528000	0.098949
62.592000	0.098949
62.656000	0.098949
62.720000	0.098949
62.784000	0.098949
62.848000	0.098949
62.912000	0.098949
62.976000	0.098949
63.040000	0.098949
63.104000	0.098949
63.168000	0.098949
63.232000	0.098949
63.296000	0.098949
63.360000	0.098949
63.424000	0.098949
63.488000	0.098949
63.552000	0.122425
63.616000	0.122425
63.680000	0.122425
63.744000	0.122425
63.808000	0.122425
63.872000	0.122425
63.936000	0.122425
64.000000	0.122425
64.064000	0.127581
64.128000	0.127581
64.192000	0.127581
64.256000	0.127581
64.320000	0.127581
64.384000	0.127581
64.448000	0.127581
64.512000	0.127581
64.576000	0.127581
64.640000	0.127581
64.704000	0.127581
64.768000	0.127581
64.832000	0.127581
64.896000	0.127581
64.960000	0.127581
65.024000	0.127581
65.088000	0.127581
65.152000	0.127581
65.216000	0.127581
65.280000	0.127581
65.344000	0.127581
65.408000	0.127581
65.472000	0.127581
65.536000	0.127581
65.600000	0.127581
65.664000	0.127581
65.728000	0.127581
65.792000	0.127581
65.856000	0.127581
65.920000	0.127581
65.984000	0.127581
66.048000	0.127581
66.112000	0.127581
66.176000	0.127581
66.240000	0.127581
66.304000	0.127581
66.368000	0.127581
66.432000	0.127581
66.496000	0.127581
66.560000	0.127581
66.624000	0.127581
66.688000	0.127581
66.752000	0.127581
66.816000	0.127581
66.880000	0.127581
66.944000	0.127581
67.008000	0.117972
67.072000	0.057567
67.136000	0.057567
67.200000	0.057567
67.264000	0.057567
67.328000	0.057567
67.392000	0.057567
67.456000	0.057567
67.520000	0.057567
67.584000	0.057567
67.648000	0.057567
67.712000	0.057567
67.776000	0.057567
67.840000	0.057567
67.904000	0.057567
67.968000	0.057567
68.032000	0.057567
68.096000	0.057567
68.160000	0.057567
68.224000	0.057567
68.288000	0.057567
68.352000	0.057567
68.416000	0.057567
68.480000	0.057567
68.544000	0.057567
68.608000	0.057567
68.672000	0.057567
68.736000	0.057567
68.800000	0.057567
68.864000	0.057567
68.928000	0.057567
68.992000	0.057567
69.056000	0.057567
69.120000	0.057567
69.184000	0.057567
69.248000	0.057567
69.312000	0.057567
69.376000	0.057567
69.440000	0.057567
69.504000	0.057567
69.568000	0.057567
69.632000	0.057567
69.696000	0.057567
69.760000	0.057567
69.824000	0.057567
69.888000	0.057567
69.952000	0.057567
70.016000	0.057567
70.080000	0.057567
70.144000	0.057567
70.208000	0.057567
70.272000	0.057567
70.336000	0.057567
70.400000	0.057567
70.464000	0.057567
70.528000	0.057567
70.592000	0.057567
70.656000	0.057567
70.720000	0.057567
70.784000	0.057567
70.848000	0.057567
70.912000	0.057567
70.976000	0.057567
71.040000	0.057567
71.104000	0.057567
71.168000	0.057567
71.232000	0.057567
71.296000	0.057567
71.360000	0.057567
71.424000	0.057567
71.488000	0.057567
71.552000	0.057567
71.616000	0.057567
71.680000	0.057567
71.744000	0.057567
71.808000	0.057567
71.872000	0.057567
71.936000	0.057567
72.000000	0.057567
72.064000	0.057567
72.128000	0.057567
72.192000	0.057567
72.256000	0.057567
72.320000	0.057567
72.384000	0.057567
72.448000	0.057567
72.512000	0.057567
72.576000	0.057567
72.640000	0.057567
72.704000	0.057567
72.768000	0.057567
72.832000	0.057567
72.896000	0.057567
72.960000	0.057567
73.024000	0.057567
73.088000	0.057567
73.152000	0.057567
73.216000	0.057567
73.280000	0.057567
73.344000	0.057567
73.408000	0.057567
73.472000	0.088647
73.536000	0.088647
73.600000	0.088647
73.664000	0.088647
73.728000	0.088647
73.792000	0.088647
73.856000	0.088647
73.920000	0.088647
73.984000	0.088647
74.048000	0.088647
74.112000	0.088647
74.176000	0.088647
74.240000	0.088647
74.304000	0.088647
74.368000	0.088647
74.432000	0.088647
74.496000	0.088647
74.560000	0.088647
74.624000	0.088647
74.688000	0.088647
74.752000	0.088647
74.816000	0.088647
74.880000	0.088647
74.944000	0.088647
75.008000	0.088647
75.072000	0.088647
75.136000	0.088647
75.200000	0.088647
75.264000	0.088647
75.328000	0.088647
75.392000	0.088647
75.456000	0.088647
75.520000	0.088647
75.584000	0.088647
75.648000	0.088647
75.712000	0.088647
75.776000	0.088647
75.840000	0.088647
75.904000	0.088647
75.968000	0.088647
76.032000	0.088647
76.096000	0.103217
76.160000	0.152336
76.224000	0.152336
76.288000	0.152336
76.352000	0.152336
76.416000	0.152336
76.480000	0.152336
76.544000	0.152336
76.608000	0.152336
76.672000	0.152336
76.736000	0.152336
76.800000	0.152336
76.864000	0.152336
76.928000	0.152336
76.992000	0.152336
77.056000	0.152336
77.120000	0.152336
77.184000	0.152336
77.248000	0.152336
77.312000	0.152336
77.376000	0.152336
77.440000	0.152336
77.504000	0.152336
77.568000	0.152336
77.632000	0.152336
77.696000	0.152336
77.760000	0.152336
77.824000	0.152336
77.888000	0.152336
77.952000	0.152336
78.016000	0.152336
78.080000	0.152336
78.144000	0.152336
78.208000	0.152336
78.272000	0.152336
78.336000	0.152336
78.400000	0.152336
78.464000	0.152336
78.528000	0.152336
78.592000	0.152336
78.656000	0.152336
78.720000	0.152336
78.784000	0.152336
78.848000	0.152336
78.912000	0.152336
78.976000	0.152336
79.040000	0.152336
79.104000	0.152336
79.168000	0.152336
79.232000	0.152336
79.296000	0.152336
79.360000	0.152336
79.424000	0.152336
79.488000	0.152336
79.552000	0.152336
79.616000	0.152336
79.680000	0.152336
79.744000	0.196400
79.808000	0.223804
79.872000	0.223804
79.936000	0.223804
80.000000	0.223804
80.064000	0.223804
80.128000	0.223804
80.192000	0.223804
80.256000	0.223804
80.320000	0.320559
80.384000	0.325216
80.448000	0.325216
80.512000	0.325216
80.576000	0.325216
80.640000	0.325216
80.704000	0.325216
80.768000	0.325216
80.832000	0.325216
80.896000	0.369989
80.960000	0.369989
81.024000	0.369989
81.088000	0.369989
81.152000	0.369989
81.216000	0.354097
81.280000	0.354097
81.344000	0.354097
81.408000	0.354097
81.472000	0.354097
81.536000	0.354097
81.600000	0.354097
81.664000	0.254397
81.728000	0.242530
81.792000	0.242530
81.856000	0.242530
81.920000	0.242530
81.984000	0.242530
82.048000	0.242530
82.112000	0.242530
82.176000	0.242530
82.240000	0.242530
82.304000	0.242530
82.368000	0.242530
82.432000	0.242530
82.496000	0.242530
82.560000	0.242530
82.624000	0.242530
82.688000	0.242530
82.752000	0.242530
82.816000	0.242530
82.880000	0.242530
82.944000	0.242530
83.008000	0.242530
83.072000	0.242530
83.136000	0.242530
83.200000	0.242530
83.264000	0.242530
83.328000	0.242530
83.392000	0.143682
83.456000	0.143682
83.520000	0.143682
83.584000	0.143682
83.648000	0.143682
83.712000	0.143682
83.776000	0.143682
83.840000	0.143682
83.904000	0.143682
83.968000	0.143682
84.032000	0.143682
84.096000	0.143682
84.160000	0.143682
84.224000	0.143682
84.288000	0.143682
84.352000	0.143682
84.416000	0.143682
84.480000	0.143682
84.544000	0.143682
84.608000	0.143682
84.672000	0.143682
84.736000	0.143682
84.800000	0.143682
84.864000	0.143682
84.928000	0.143682
84.992000	0.143682
85.056000	0.143682
85.120000	0.143682
85.184000	0.143682
85.248000	0.143682
85.312000	0.143682
85.376000	0.143682
85.440000	0.143682
85.504000	0.143682
85.568000	0.143682
85.632000	0.143682
85.696000	0.143682
85.760000	0.143682
85.824000	0.143682
85.888000	0.143682
85.952000	0.143682
86.016000	0.143682
86.080000	0.143682
86.144000	0.143682
86.208000	0.143682
86.272000	0.143682
86.336000	0.143682
86.400000	0.143682
86.464000	0.143682
86.528000	0.143682
86.592000	0.143682
86.656000	0.143682
86.720000	0.143682
86.784000	0.143682
86.848000	0.143682
86.912000	0.143682
86.976000	0.143682
87.040000	0.143682
87.104000	0.143682
87.168000	0.143682
87.232000	0.143682
87.296000	0.143682
87.360000	0.143682
87.424000	0.143682
87.488000	0.143682
87.552000	0.143682
87.616000	0.143682
87.680000	0.143682
87.744000	0.143682
87.808000	0.143682
87.872000	0.143682
87.936000	0.143682
88.000000	0.143682
88.064000	0.143682
88.128000	0.143682
88.192000	0.143682
88.256000	0.143682
88.320000	0.143682
88.384000	0.143682
88.448000	0.143682
88.512000	0.143682
88.576000	0.143682
88.640000	0.143682
88.704000	0.143682
88.768000	0.143682
88.832000	0.143682
88.896000	0.143682
88.960000	0.143682
89.024000	0.143682
89.088000	0.143682
89.152000	0.143682
89.216000	0.143682
89.280000	0.143682
89.344000	0.143682
89.408000	0.143682
89.472000	0.143682
89.536000	0.143682
89.600000	0.143682
89.664000	0.143682
89.728000	0.143682
89.792000	0.165956
89.856000	0.166498
89.920000	0.166498
89.984000	0.166498
90.048000	0.194020
90.112000	0.194020
90.176000	0.194020
90.240000	0.194020
90.304000	0.194020
90.368000	0.194020
90.432000	0.194020
90.496000	0.194020
90.560000	0.194020
90.624000	0.134801
90.688000	0.134801
90.752000	0.134801
90.816000	0.134801
90.880000	0.134801
90.944000	0.134801
91.008000	0.134801
91.072000	0.134801
91.136000	0.134801
91.200000	0.134801
91.264000	0.134801
91.328000	0.134801
91.392000	0.134801
91.456000	0.134801
91.520000	0.134801
91.584000	0.134801
91.648000	0.134801
91.712000	0.134801
91.776000	0.134801
91.840000	0.134801
91.904000	0.134801
91.968000	0.134801
92.032000	0.134801
92.096000	0.134801
92.160000	0.134801
92.224000	0.134801
92.288000	0.134801
92.352000	0.134801
92.416000	0.134801
92.480000	0.134801
92.544000	0.134801
92.608000	0.134801
92.672000	0.120641
92.736000	0.120641
92.800000	0.120641
92.864000	0.120641
92.928000	0.120641
92.992000	0.120641
93.056000	0.120641
93.120000	0.120641
93.184000	0.120641
93.248000	0.120641
93.312000	0.120641
93.376000	0.120641
93.440000	0.120641
93.504000	0.120641
93.568000	0.120641
93.632000	0.120641
93.696000	0.120641
93.760000	0.120641
93.824000	0.120641
93.888000	0.120641
93.952000	0.120641
94.016000	0.120641
94.080000	0.120641
94.144000	0.120641
94.208000	0.120641
94.272000	0.120641
94.336000	0.120641
94.400000	0.120641
94.464000	0.120641
94.528000	0.120641
94.592000	0.120641
94.656000	0.120641
94.720000	0.120641
94.784000	0.120641
94.848000	0.120641
94.912000	0.120641
94.976000	0.120641
95.040000	0.120641
95.104000	0.120641
95.168000	0.120641
95.232000	0.120641
95.296000	0.120641
95.360000	0.120641
95.424000	0.120641
95.488000	0.120641
95.552000	0.120641
95.616000	0.120641
95.680000	0.120641
95.744000	0.120641
95.808000	0.120641
95.872000	0.120641
95.936000	0.120641
96.000000	0.120641
96.064000	0.120641
96.128000	0.120641
96.192000	0.120641
96.256000	0.120641
96.320000	0.120641
96.384000	0.120641
96.448000	0.120641
96.512000	0.120641
96.576000	0.120641
96.640000	0.120641
96.704000	0.120641
96.768000	0.120641
96.832000	0.120641
96.896000	0.120641
96.960000	0.120641
97.024000	0.120641
97.088000	0.120641
97.152000	0.120641
97.216000	0.120641
97.280000	0.120641
97.344000	0.120641
97.408000	0.120641
97.472000	0.120641
97.536000	0.120641
97.600000	0.120641
97.664000	0.120641
97.728000	0.120641
97.792000	0.120641
97.856000	0.120641
97.920000	0.120641
97.984000	0.120641
98.048000	0.120641
98.112000	0.120641
98.176000	0.120641
98.240000	0.120641
98.304000	0.120641
98.368000	0.120641
98.432000	0.120641
98.496000	0.120641
98.560000	0.120641
98.624000	0.120641
98.688000	0.120641
98.752000	0.120641
98.816000	0.120641
98.880000	0.120641
98.944000	0.120641
99.008000	0.120641
99.072000	0.148512
99.136000	0.151090
99.200000	0.151090
99.264000	0.151090
99.328000	0.151090
99.392000	0.177448
99.456000	0.177448
99.520000	0.177448
99.584000	0.177448
99.648000	0.177448
99.712000	0.177448
99.776000	0.177448
99.840000	0.168526
99.904000	0.168526
99.968000	0.168526
100.032000	0.168526
100.096000	0.168526
100.160000	0.168526
100.224000	0.168526
100.288000	0.168526
100.352000	0.168526
100.416000	0.168526
100.480000	0.168526
100.544000	0.168526
100.608000	0.168526
100.672000	0.168526
100.736000	0.168526
100.800000	0.168526
100.864000	0.168526
100.928000	0.168526
100.992000	0.168526
101.056000	0.168526
101.120000	0.168526
101.184000	0.168526
101.248000	0.168526
101.312000	0.168526
101.376000	0.168526
101.440000	0.168526
101.504000	0.168526
101.568000	0.168526
101.632000	0.168526
101.696000	0.168526
101.760000	0.168526
101.824000	0.168526
101.888000	0.121623
101.952000	0.121623
102.016000	0.121623
102.080000	0.121623
102.144000	0.121623
102.208000	0.121623
102.272000	0.121623
102.336000	0.121623
102.400000	0.121623
102.464000	0.121623
102.528000	0.121623
102.592000	0.121623
102.656000	0.121623
102.720000	0.121623
102.784000	0.121623
102.848000	0.121623
102.912000	0.121623
102.976000	0.121623
103.040000	0.121623
103.104000	0.121623
103.168000	0.121623
103.232000	0.121623
103.296000	0.121623
103.360000	0.121623
103.424000	0.121623
103.488000	0.121623
103.552000	0.121623
103.616000	0.121623
103.680000	0.121623
103.744000	0.121623
103.808000	0.121623
103.872000	0.121623
103.936000	0.121623
104.000000	0.121623
104.064000	0.121623
104.128000	0.121623
104.192000	0.121623
104.256000	0.121623
104.320000	0.121623
104.384000	0.121623
104.448000	0.121623
104.512000	0.121623
104.576000	0.121623
104.640000	0.121623
104.704000	0.121623
104.768000	0.121623
104.832000	0.121623
104.896000	0.121623
104.960000	0.121623
105.024000	0.121623
105.088000	0.121623
105.152000	0.121623
105.216000	0.121623
105.280000	0.121623
105.344000	0.121623
105.408000	0.121623
105.472000	0.121623
105.536000	0.121623
105.600000	0.121623
105.664000	0.121623
105.728000	0.121623
105.792000	0.121623
105.856000	0.121623
105.920000	0.121623
105.984000	0.121623
106.048000	0.121623
106.112000	0.121623
106.176000	0.121623
106.240000	0.121623
106.304000	0.121623
106.368000	0.121623
106.432000	0.121623
106.496000	0.121623
106.560000	0.121623
106.624000	0.121623
106.688000	0.121623
106.752000	0.121623
106.816000	0.121623
106.880000	0.121623
106.944000	0.121623
107.008000	0.121623
107.072000	0.121623
107.136000	0.121623
107.200000	0.121623
107.264000	0.121623
107.328000	0.121623
107.392000	0.121623
107.456000	0.121623
107.520000	0.121623
107.584000	0.121623
107.648000	0.121623
107.712000	0.121623
107.776000	0.121623
107.840000	0.121623
107.904000	0.121623
107.968000	0.121623
108.032000	0.121623
108.096000	0.121623
108.160000	0.121623
108.224000	0.121623
108.288000	0.203154
108.352000	0.203154
108.416000	0.203154
108.480000	0.203154
108.544000	0.203154
108.608000	0.203154
108.672000	0.203154
108.736000	0.203154
108.800000	0.203154
108.864000	0.214332
108.928000	0.229749
108.992000	0.229749
109.056000	0.229749
109.120000	0.229749
109.184000	0.229749
109.248000	0.229749
109.312000	0.229749
109.376000	0.229749
109.440000	0.229749
109.504000	0.229749
109.568000	0.229749
109.632000	0.229749
109.696000	0.229749
109.760000	0.229749
109.824000	0.255877
109.888000	0.255877
109.952000	0.255877
110.016000	0.255877
110.080000	0.255877
110.144000	0.255877
110.208000	0.255877
110.272000	0.255877
110.336000	0.255877
110.400000	0.255877
110.464000	0.255877
110.528000	0.255877
110.592000	0.255877
110.656000	0.255877
110.720000	0.255877
110.784000	0.255877
110.848000	0.255877
110.912000	0.255877
110.976000	0.223506
111.040000	0.223506
111.104000	0.223506
111.168000	0.223506
111.232000	0.223506
111.296000	0.223506
111.360000	0.223506
111.424000	0.223506
111.488000	0.223506
111.552000	0.223506
111.616000	0.223506
111.680000	0.223506
111.744000	0.223506
111.808000	0.223506
111.872000	0.223506
111.936000	0.223506
112.000000	0.223506
112.064000	0.223506
112.128000	0.223506
112.192000	0.223506
112.256000	0.223506
112.320000	0.223506
112.384000	0.223506
112.448000	0.223506
112.512000	0.223506
112.576000	0.223506
112.640000	0.223506
112.704000	0.223506
112.768000	0.223506
112.832000	0.223506
112.896000	0.223506
112.960000	0.223506
113.024000	0.223506
113.088000	0.223506
113.152000	0.223506
113.216000	0.223506
113.280000	0.223506
113.344000	0.223506
113.408000	0.223506
113.472000	0.223506
113.536000	0.223506
113.600000	0.223506
113.664000	0.223506
113.728000	0.223506
113.792000	0.223506
113.856000	0.223506
113.920000	0.223506
113.984000	0.223506
114.048000	0.223506
114.112000	0.223506
114.176000	0.223506
114.240000	0.223506
114.304000	0.223506
114.368000	0.223506
114.432000	0.223506
114.496000	0.223506
114.560000	0.223506
114.624000	0.223506
114.688000	0.223506
114.752000	0.223506
114.816000	0.223506
114.880000	0.223506
114.944000	0.223506
115.008000	0.223506
115.072000	0.223506
115.136000	0.223506
115.200000	0.223506
115.264000	0.223506
115.328000	0.223506
115.392000	0.223506
115.456000	0.223506
115.520000	0.223506
115.584000	0.223506
115.648000	0.223506
115.712000	0.223506
115.776000	0.223506
115.840000	0.223506
115.904000	0.223506
115.968000	0.223506
116.032000	0.223506
116.096000	0.223506
116.160000	0.223506
116.224000	0.223506
116.288000	0.223506
116.352000	0.223506
116.416000	0.223506
116.480000	0.223506
116.544000	0.223506
116.608000	0.223506
116.672000	0.223506
116.736000	0.223506
116.800000	0.223506
116.864000	0.223506
116.928000	0.223506
116.992000	0.223506
117.056000	0.223506
117.120000	0.223506
117.184000	0.223506
117.248000	0.223506
117.312000	0.223506
117.376000	0.259258
117.440000	0.259258
117.504000	0.259258
117.568000	0.285301
117.632000	0.260890
117.696000	0.260890
117.760000	0.260890
117.824000	0.260890
117.888000	0.260890
117.952000	0.260890
118.016000	0.260890
118.080000	0.260890
118.144000	0.260890
118.208000	0.260890
118.272000	0.260890
118.336000	0.260890
118.400000	0.260890
118.464000	0.260890
118.528000	0.260890
118.592000	0.260890
118.656000	0.260890
118.720000	0.260890
118.784000	0.260890
118.848000	0.260890
118.912000	0.260890
118.976000	0.260890
119.040000	0.260890
119.104000	0.260890
119.168000	0.260890
119.232000	0.260890
119.296000	0.260890
119.360000	0.260890
119.424000	0.260890
119.488000	0.260890
119.552000	0.260890
119.616000	0.260890
119.680000	0.260890
119.744000	0.260890
119.808000	0.260890
119.872000	0.260890
119.936000	0.260890
120.000000	0.201738
120.064000	0.201738
120.128000	0.201738
120.192000	0.201738
120.256000	0.139588
120.320000	0.139588
120.384000	0.139588
120.448000	0.139588
120.512000	0.139588
120.576000	0.139588
120.640000	0.139588
120.704000	0.139588
120.768000	0.139588
120.832000	0.139588
120.896000	0.139588
120.960000	0.139588
121.024000	0.139588
121.088000	0.139588
121.152000	0.139588
121.216000	0.139588
121.280000	0.139588
121.344000	0.139588
121.408000	0.139588
121.472000	0.139588
121.536000	0.139588
121.600000	0.139588
121.664000	0.139588
121.728000	0.139588
121.792000	0.139588
121.856000	0.139588
121.920000	0.139588
121.984000	0.139588
122.048000	0.139588
122.112000	0.139588
122.176000	0.139588
122.240000	0.139588
122.304000	0.139588
122.368000	0.139588
122.432000	0.139588
122.496000	0.139588
122.560000	0.139588
122.624000	0.139588
122.688000	0.139588
122.752000	0.139588
122.816000	0.139588
122.880000	0.139588
122.944000	0.139588
123.008000	0.139588
123.072000	0.139588
123.136000	0.139588
123.200000	0.139588
123.264000	0.139588
123.328000	0.139588
123.392000	0.139588
123.456000	0.139588
123.520000	0.139588
123.584000	0.139588
123.648000	0.139588
123.712000	0.139588
123.776000	0.139588
123.840000	0.139588
123.904000	0.139588
123.968000	0.139588
124.032000	0.139588
124.096000	0.139588
124.160000	0.139588
124.224000	0.139588
124.288000	0.139588
124.352000	0.139588
124.416000	0.139588
124.480000	0.139588
124.544000	0.139588
124.608000	0.139588
124.672000	0.139588
124.736000	0.139588
124.800000	0.139588
124.864000	0.139588
124.928000	0.139588
124.992000	0.139588
125.056000	0.139588
125.120000	0.139588
125.184000	0.139588
125.248000	0.139588
125.312000	0.139588
125.376000	0.139588
125.440000	0.139588
125.504000	0.139588
125.568000	0.139588
125.632000	0.139588
125.696000	0.139588
125.760000	0.139588
125.824000	0.139588
125.888000	0.139588
125.952000	0.139588
126.016000	0.139588
126.080000	0.139588
126.144000	0.139588
126.208000	0.139588
126.272000	0.139588
126.336000	0.139588
126.400000	0.139588
126.464000	0.139588
126.528000	0.139588
126.592000	0.139588
126.656000	0.181727
126.720000	0.181727
126.784000	0.181727
126.848000	0.181727
126.912000	0.181727
126.976000	0.181727
127.040000	0.268799
127.104000	0.268799
127.168000	0.268799
127.232000	0.268799
127.296000	0.268799
127.360000	0.268799
127.424000	0.268799
127.488000	0.268799
127.552000	0.268799
127.616000	0.268799
127.680000	0.268799
127.744000	0.268799
127.808000	0.268799
127.872000	0.268799
127.936000	0.268799
128.000000	0.366792
128.064000	0.366792
128.128000	0.366792
128.192000	0.366792
128.256000	0.366792
128.320000	0.366792
128.384000	0.366792
128.448000	0.378197
128.512000	0.378197
128.576000	0.378197
128.640000	0.378197
128.704000	0.378197
128.768000	0.378197
128.832000	0.378197
128.896000	0.378197
128.960000	0.378197
129.024000	0.378197
129.088000	0.378197
129.152000	0.378197
129.216000	0.378197
129.280000	0.378197
129.344000	0.378197
129.408000	0.378197
129.472000	0.378197
129.536000	0.378197
129.600000	0.226876
129.664000	0.226876
129.728000	0.226876
129.792000	0.226876
129.856000	0.226876
129.920000	0.226876
129.984000	0.226876
130.048000	0.226876
130.112000	0.226876
130.176000	0.226876
130.240000	0.226876
130.304000	0.226876
130.368000	0.226876
130.432000	0.226876
130.496000	0.226876
130.560000	0.226876
130.624000	0.226876
130.688000	0.226876
130.752000	0.226876
130.816000	0.226876
130.880000	0.226876
130.944000	0.226876
131.008000	0.226876
131.072000	0.226876
131.136000	0.226876
131.200000	0.226876
131.264000	0.226876
131.328000	0.226876
131.392000	0.226876
131.456000	0.226876
131.520000	0.226876
131.584000	0.226876
131.648000	0.226876
131.712000	0.226876
131.776000	0.226876
131.840000	0.226876
131.904000	0.226876
131.968000	0.226876
132.032000	0.226876
132.096000	0.226876
132.160000	0.226876
132.224000	0.226876
132.288000	0.226876
132.352000	0.226876
132.416000	0.226876
132.480000	0.226876
132.544000	0.226876
132.608000	0.226876
132.672000	0.226876
132.736000	0.226876
132.800000	0.226876
132.864000	0.226876
132.928000	0.226876
132.992000	0.226876
133.056000	0.226876
133.120000	0.226876
133.184000	0.226876
133.248000	0.226876
133.312000	0.226876
133.376000	0.226876
133.440000	0.226876
133.504000	0.226876
133.568000	0.226876
133.632000	0.226876
133.696000	0.226876
133.760000	0.226876
133.824000	0.214598
133.888000	0.214598
133.952000	0.214598
134.016000	0.214598
134.080000	0.214598
134.144000	0.214598
134.208000	0.214598
134.272000	0.214598
134.336000	0.214598
134.400000	0.214598
134.464000	0.214598
134.528000	0.214598
134.592000	0.214598
134.656000	0.214598
134.720000	0.214598
134.784000	0.214598
134.848000	0.214598
134.912000	0.214598
134.976000	0.214598
135.040000	0.214598
135.104000	0.214598
135.168000	0.208271
135.232000	0.188962
135.296000	0.188962
135.360000	0.188962
135.424000	0.188962
135.488000	0.188962
135.552000	0.188962
135.616000	0.188962
135.680000	0.188962
135.744000	0.188962
135.808000	0.188962
135.872000	0.188962
135.936000	0.188962
136.000000	0.188962
136.064000	0.188962
136.128000	0.188962
136.192000	0.188962
136.256000	0.188962
136.320000	0.188962
136.384000	0.188962
136.448000	0.188962
136.512000	0.188962
136.576000	0.188962
136.640000	0.188962
136.704000	0.188962
136.768000	0.188962
136.832000	0.188962
136.896000	0.188962
136.960000	0.188962
137.024000	0.188962
137.088000	0.188962
137.152000	0.188962
137.216000	0.154198
137.280000	0.154198
137.344000	0.154198
137.408000	0.154198
137.472000	0.154198
137.536000	0.154198
137.600000	0.154198
137.664000	0.154198
137.728000	0.154198
137.792000	0.154198
137.856000	0.154198
137.920000	0.154198
137.984000	0.154198
138.048000	0.154198
138.112000	0.154198
138.176000	0.154198
138.240000	0.154198
138.304000	0.154198
138.368000	0.154198
138.432000	0.154198
138.496000	0.154198
138.560000	0.154198
138.624000	0.154198
138.688000	0.154198
138.752000	0.154198
138.816000	0.154198
138.880000	0.154198
138.944000	0.154198
139.008000	0.154198
139.072000	0.154198
139.136000	0.154198
139.200000	0.154198
139.264000	0.154198
139.328000	0.154198
139.392000	0.154198
139.456000	0.154198
139.520000	0.154198
139.584000	0.154198
139.648000	0.154198
139.712000	0.154198
139.776000	0.154198
139.840000	0.154198
139.904000	0.154198
139.968000	0.154198
140.032000	0.154198
140.096000	0.154198
140.160000	0.154198
140.224000	0.154198
140.288000	0.154198
140.352000	0.154198
140.416000	0.154198
140.480000	0.154198
140.544000	0.154198
140.608000	0.154198
140.672000	0.154198
140.736000	0.154198
140.800000	0.154198
140.864000	0.154198
140.928000	0.154198
140.992000	0.154198
141.056000	0.154198
141.120000	0.154198
141.184000	0.154198
141.248000	0.154198
141.312000	0.154198
141.376000	0.154198
141.440000	0.154198
141.504000	0.154198
141.568000	0.143728
141.632000	0.131190
141.696000	0.131190
141.760000	0.131190
141.824000	0.131190
141.888000	0.131190
141.952000	0.131190
142.016000	0.131190
142.080000	0.131190
142.144000	0.131190
142.208000	0.131190
142.272000	0.086109
142.336000	0.086109
142.400000	0.086109
142.464000	0.086109
142.528000	0.086109
142.592000	0.086109
142.656000	0.086109
142.720000	0.086109
142.784000	0.086109
142.848000	0.086109
142.912000	0.086109
142.976000	0.086109
143.040000	0.086109
143.104000	0.086109
143.168000	0.086109
143.232000	0.086109
143.296000	0.086109
143.360000	0.086109
143.424000	0.086109
143.488000	0.086109
143.552000	0.086109
143.616000	0.086109
143.680000	0.086109
143.744000	0.086109
143.808000	0.086109
143.872000	0.086109
143.936000	0.086109
144.000000	0.086109
144.064000	0.086109
144.128000	0.086109
144.192000	0.086109
144.256000	0.086109
144.320000	0.086109
144.384000	0.086109
144.448000	0.086109
144.512000	0.086109
144.576000	0.086109
144.640000	0.086109
144.704000	0.086109
144.768000	0.086109
144.832000	0.086109
144.896000	0.086109
144.960000	0.086109
145.024000	0.086109
145.088000	0.086109
145.152000	0.086109
145.216000	0.086109
145.280000	0.086109
145.344000	0.086109
145.408000	0.086109
145.472000	0.086109
145.536000	0.086109
145.600000	0.086109
145.664000	0.086109
145.728000	0.086109
145.792000	0.086109
145.856000	0.086109
145.920000	0.086109
145.984000	0.086109
146.048000	0.086109
146.112000	0.086109
146.176000	0.086109
146.240000	0.086109
146.304000	0.086109
146.368000	0.086109
146.432000	0.086109
146.496000	0.086109
146.560000	0.086109
146.624000	0.086109
146.688000	0.086109
146.752000	0.086109
146.816000	0.086109
146.880000	0.086109
146.944000	0.086109
147.008000	0.086109
147.072000	0.086109
147.136000	0.086109
147.200000	0.086109
147.264000	0.086109
147.328000	0.086109
147.392000	0.086109
147.456000	0.086109
147.520000	0.086109
147.584000	0.086109
147.648000	0.086109
147.712000	0.086109
147.776000	0.086109
147.840000	0.086109
147.904000	0.086109
147.968000	0.086109
148.032000	0.086109
148.096000	0.086109
148.160000	0.086109
148.224000	0.086109
148.288000	0.086109
148.352000	0.086109
148.416000	0.086109
148.480000	0.086109
148.544000	0.086109
148.608000	0.086109
148.672000	0.087725
148.736000	0.087725
148.800000	0.087725
148.864000	0.087725
148.928000	0.087725
148.992000	0.087725
149.056000	0.087725
149.120000	0.087725
149.184000	0.087725
149.248000	0.087725
149.312000	0.087725
149.376000	0.087725
149.440000	0.087725
149.504000	0.087725
149.568000	0.087725
149.632000	0.087725
149.696000	0.087725
149.760000	0.087725
149.824000	0.087725
149.888000	0.087725
149.952000	0.087725
150.016000	0.087725
150.080000	0.087725
150.144000	0.087725
150.208000	0.087725
150.272000	0.087725
150.336000	0.087725
150.400000	0.087725
150.464000	0.087725
150.528000	0.087725
150.592000	0.087725
150.656000	0.087725
150.720000	0.087725
150.784000	0.087725
150.848000	0.087725
150.912000	0.087725
150.976000	0.087725
151.040000	0.087725
151.104000	0.087725
151.168000	0.087725
151.232000	0.087725
151.296000	0.087725
151.360000	0.087725
151.424000	0.087725
151.488000	0.087725
151.552000	0.087725
151.616000	0.087725
151.680000	0.087725
151.744000	0.087725
151.808000	0.087725
151.872000	0.087725
151.936000	0.125159
152.000000	0.125159
152.064000	0.125159
152.128000	0.125159
152.192000	0.125159
152.256000	0.125159
152.320000	0.125159
152.384000	0.125159
152.448000	0.125159
152.512000	0.125159
152.576000	0.125159
152.640000	0.125159
152.704000	0.125159
152.768000	0.125159
152.832000	0.125159
152.896000	0.125159
152.960000	0.125159
153.024000	0.125159
153.088000	0.125159
153.152000	0.125159
153.216000	0.125159
153.280000	0.125159
153.344000	0.125159
153.408000	0.125159
153.472000	0.125159
153.536000	0.125159
153.600000	0.125159
153.664000	0.125159
153.728000	0.125159
153.792000	0.125159
153.856000	0.125159
153.920000	0.125159
153.984000	0.125159
154.048000	0.125159
154.112000	0.125159
154.176000	0.125159
154.240000	0.125159
154.304000	0.125159
154.368000	0.125159
154.432000	0.125159
154.496000	0.125159
154.560000	0.125159
154.624000	0.125159
154.688000	0.228920
154.752000	0.228920
154.816000	0.261025
154.880000	0.261025
154.944000	0.261025
155.008000	0.261025
155.072000	0.261025
155.136000	0.263217
155.200000	0.263217
155.264000	0.263217
155.328000	0.263217
155.392000	0.263217
155.456000	0.429678
155.520000	0.421829
155.584000	0.421829
155.648000	0.421829
155.712000	0.421829
155.776000	0.421829
155.840000	0.421829
155.904000	0.421829
155.968000	0.421829
156.032000	0.421829
156.096000	0.421829
156.160000	0.421829
156.224000	0.421829
156.288000	0.421829
156.352000	0.421829
156.416000	0.421829
156.480000	0.421829
156.544000	0.421829
156.608000	0.421829
156.672000	0.421829
156.736000	0.404443
156.800000	0.404443
156.864000	0.404443
156.928000	0.404443
156.992000	0.404443
157.056000	0.404443
157.120000	0.404443
157.184000	0.404443
157.248000	0.404443
157.312000	0.404443
157.376000	0.404443
157.440000	0.404443
157.504000	0.404443
157.568000	0.404443
157.632000	0.404443
157.696000	0.404443
157.760000	0.404443
157.824000	0.404443
157.888000	0.404443
157.952000	0.404443
158.016000	0.404443
158.080000	0.404443
158.144000	0.404443
158.208000	0.404443
158.272000	0.404443
158.336000	0.404443
158.400000	0.395540
158.464000	0.395540
158.528000	0.395540
158.592000	0.395540
158.656000	0.395540
158.720000	0.395540
158.784000	0.395540
158.848000	0.395540
158.912000	0.395540
158.976000	0.395540
159.040000	0.395540
159.104000	0.395540
159.168000	0.395540
159.232000	0.395540
159.296000	0.395540
159.360000	0.395540
159.424000	0.395540
159.488000	0.395540
159.552000	0.395540
159.616000	0.395540
159.680000	0.395540
159.744000	0.395540
159.808000	0.395540
159.872000	0.395540
159.936000	0.395540
160.000000	0.395540
160.064000	0.395540
160.128000	0.395540
160.192000	0.395540
160.256000	0.306691
160.320000	0.306691
160.384000	0.306691
160.448000	0.293270
160.512000	0.293270
160.576000	0.293270
160.640000	0.293270
160.704000	0.293270
160.768000	0.293270
160.832000	0.293270
160.896000	0.293270
160.960000	0.293270
161.024000	0.293270
161.088000	0.293270
161.152000	0.291908
161.216000	0.291908
161.280000	0.291908
161.344000	0.291908
161.408000	0.291908
161.472000	0.291908
161.536000	0.291908
161.600000	0.291908
161.664000	0.291908
161.728000	0.291908
161.792000	0.291908
161.856000	0.291908
161.920000	0.291908
161.984000	0.291908
162.048000	0.291908
162.112000	0.291908
162.176000	0.291908
162.240000	0.291908
162.304000	0.291908
162.368000	0.282806
162.432000	0.282806
162.496000	0.282806
162.560000	0.282806
162.624000	0.282806
162.688000	0.282806
162.752000	0.282806
162.816000	0.282806
162.880000	0.282806
162.944000	0.282806
163.008000	0.282806
163.072000	0.282806
163.136000	0.282806
163.200000	0.282806
163.264000	0.282806
163.328000	0.282806
163.392000	0.282806
163.456000	0.282806
163.520000	0.282806
163.584000	0.282806
163.648000	0.282806
163.712000	0.282806
163.776000	0.282806
163.840000	0.282806
163.904000	0.282806
163.968000	0.282806
164.032000	0.282806
164.096000	0.282806
164.160000	0.282806
164.224000	0.282806
164.288000	0.282806
164.352000	0.282806
164.416000	0.282806
164.480000	0.282806
164.544000	0.282806
164.608000	0.282806
164.672000	0.282806
164.736000	0.282806
164.800000	0.282806
164.864000	0.282806
164.928000	0.282806
164.992000	0.282806
165.056000	0.282806
165.120000	0.282806
165.184000	0.282806
165.248000	0.282806
165.312000	0.282806
165.376000	0.282806
165.440000	0.282806
165.504000	0.282806
165.568000	0.282806
165.632000	0.282806
165.696000	0.282806
165.760000	0.282806
165.824000	0.282806
165.888000	0.282806
165.952000	0.282806
166.016000	0.282806
166.080000	0.282806
166.144000	0.282806
166.208000	0.282806
166.272000	0.282806
166.336000	0.282806
166.400000	0.282806
166.464000	0.282806
166.528000	0.282806
166.592000	0.282806
166.656000	0.282806
166.720000	0.282806
166.784000	0.282806
166.848000	0.282806
166.912000	0.282806
166.976000	0.282806
167.040000	0.282806
167.104000	0.282806
167.168000	0.282806
167.232000	0.282806
167.296000	0.282806
167.360000	0.282806
167.424000	0.282806
167.488000	0.282806
167.552000	0.282806
167.616000	0.282806
167.680000	0.282806
167.744000	0.282806
167.808000	0.282806
167.872000	0.282806
167.936000	0.282806
168.000000	0.282806
168.064000	0.282806
168.128000	0.282806
168.192000	0.282806
168.256000	0.282806
168.320000	0.282806
168.384000	0.282806
168.448000	0.282806
168.512000	0.282806
168.576000	0.282806
168.640000	0.282806
168.704000	0.282806
168.768000	0.293850
168.832000	0.293850
168.896000	0.293850
168.960000	0.293850
169.024000	0.293850
169.088000	0.293850
169.152000	0.293850
169.216000	0.293850
169.280000	0.293850
169.344000	0.293850
169.408000	0.293850
169.472000	0.293850
169.536000	0.293850
169.600000	0.293850
169.664000	0.293850
169.728000	0.293850
169.792000	0.293850
169.856000	0.293850
169.920000	0.293850
169.984000	0.293850
170.048000	0.293850
170.112000	0.293850
170.176000	0.293850
170.240000	0.293850
170.304000	0.293850
170.368000	0.293850
170.432000	0.293850
170.496000	0.293850
170.560000	0.293850
170.624000	0.293850
170.688000	0.293850
170.752000	0.293850
170.816000	0.293850
170.880000	0.293850
170.944000	0.320923
171.008000	0.320923
171.072000	0.320923
171.136000	0.320923
171.200000	0.320923
171.264000	0.320923
171.328000	0.320923
171.392000	0.320923
171.456000	0.320923
171.520000	0.320923
171.584000	0.320923
171.648000	0.320923
171.712000	0.320923
171.776000	0.320923
171.840000	0.320923
171.904000	0.320923
171.968000	0.320923
172.032000	0.320923
172.096000	0.320923
172.160000	0.320923
172.224000	0.320923
172.288000	0.320923
172.352000	0.320923
172.416000	0.320923
172.480000	0.320923
172.544000	0.320923
172.608000	0.320923
172.672000	0.320923
172.736000	0.320923
172.800000	0.320923
172.864000	0.320923
172.928000	0.320923
172.992000	0.320923
173.056000	0.331552
173.120000	0.331552
173.184000	0.331552
173.248000	0.331552
173.312000	0.331552
173.376000	0.331552
173.440000	0.331552
173.504000	0.331552
173.568000	0.331552
173.632000	0.331552
173.696000	0.331552
173.760000	0.331552
173.824000	0.331552
173.888000	0.331552
173.952000	0.331552
174.016000	0.331552
174.080000	0.331552
174.144000	0.331552
174.208000	0.331552
174.272000	0.331552
174.336000	0.331552
174.400000	0.331552
174.464000	0.331552
174.528000	0.331552
174.592000	0.331552
174.656000	0.331552
174.720000	0.331552
174.784000	0.331552
174.848000	0.331552
174.912000	0.331552
174.976000	0.331552
175.040000	0.331552
175.104000	0.331552
175.168000	0.331552
175.232000	0.331552
175.296000	0.331552
175.360000	0.331552
175.424000	0.331552
175.488000	0.331552
175.552000	0.331552
175.616000	0.331552
175.680000	0.331552
175.744000	0.331552
175.808000	0.331552
175.872000	0.331552
175.936000	0.331552
176.000000	0.331552
176.064000	0.331552
176.128000	0.331552
176.192000	0.331552
176.256000	0.331552
176.320000	0.331552
176.384000	0.331552
176.448000	0.362374
176.512000	0.362374
176.576000	0.317908
176.640000	0.317908
176.704000	0.315739
176.768000	0.315739
176.832000	0.315739
176.896000	0.315739
176.960000	0.315739
177.024000	0.315739
177.088000	0.315739
177.152000	0.315739
177.216000	0.315739
177.280000	0.315739
177.344000	0.315739
177.408000	0.315739
177.472000	0.315739
177.536000	0.315739
177.600000	0.315739
177.664000	0.315739
177.728000	0.315739
177.792000	0.315739
177.856000	0.315739
177.920000	0.315739
177.984000	0.315739
178.048000	0.315739
178.112000	0.315739
178.176000	0.315739
178.240000	0.315739
178.304000	0.315739
178.368000	0.315739
178.432000	0.315739
178.496000	0.315739
178.560000	0.315739
178.624000	0.315739
178.688000	0.315739
178.752000	0.315739
178.816000	0.315739
178.880000	0.315739
178.944000	0.315739
179.008000	0.315739
179.072000	0.315739
179.136000	0.315739
179.200000	0.315739
179.264000	0.315739
179.328000	0.315739
179.392000	0.315739
179.456000	0.315739
179.520000	0.315739
179.584000	0.315739
179.648000	0.315739
179.712000	0.315739
179.776000	0.315739
179.840000	0.315739
179.904000	0.315739
179.968000	0.315739
180.032000	0.315739
180.096000	0.315739
180.160000	0.315739
180.224000	0.315739
180.288000	0.315739
180.352000	0.315739
180.416000	0.315739
180.480000	0.315739
180.544000	0.315739
180.608000	0.315739
180.672000	0.315739
180.736000	0.315739
180.800000	0.315739
180.864000	0.315739
180.928000	0.315739
180.992000	0.315739
181.056000	0.315739
181.120000	0.315739
181.184000	0.315739
181.248000	0.315739
181.312000	0.315739
181.376000	0.315739
181.440000	0.315739
181.504000	0.315739
181.568000	0.315739
181.632000	0.315739
181.696000	0.315739
181.760000	0.315739
181.824000	0.315739
181.888000	0.315739
181.952000	0.315739
182.016000	0.315739
182.080000	0.315739
182.144000	0.315739
182.208000	0.315739
182.272000	0.315739
182.336000	0.315739
182.400000	0.315739
182.464000	0.315739
182.528000	0.315739
182.592000	0.315739
182.656000	0.315739
182.720000	0.315739
182.784000	0.315739
182.848000	0.315739
182.912000	0.315739
182.976000	0.315739
183.040000	0.315739
183.104000	0.363726
183.168000	0.363726
183.232000	0.363726
183.296000	0.363726
183.360000	0.363726
183.424000	0.363726
183.488000	0.363726
183.552000	0.363726
183.616000	0.319172
183.680000	0.319172
183.744000	0.319172
183.808000	0.319172
183.872000	0.319172
183.936000	0.319172
184.000000	0.319172
184.064000	0.319172
184.128000	0.319172
184.192000	0.319172
184.256000	0.319172
184.320000	0.319172
184.384000	0.319172
184.448000	0.319172
184.512000	0.319172
184.576000	0.319172
184.640000	0.319172
184.704000	0.319172
184.768000	0.201291
184.832000	0.201291
184.896000	0.201291
184.960000	0.201291
185.024000	0.201291
185.088000	0.201291
185.152000	0.201291
185.216000	0.201291
185.280000	0.201291
185.344000	0.201291
185.408000	0.201291
185.472000	0.201291
185.536000	0.201291
185.600000	0.201291
185.664000	0.201291
185.728000	0.201291
185.792000	0.201291
185.856000	0.201291
185.920000	0.201291
185.984000	0.201291
186.048000	0.201291
186.112000	0.201291
186.176000	0.201291
186.240000	0.201291
186.304000	0.201291
186.368000	0.201291
186.432000	0.201291
186.496000	0.201291
186.560000	0.201291
186.624000	0.201291
186.688000	0.201291
186.752000	0.201291
186.816000	0.201291
186.880000	0.201291
186.944000	0.201291
187.008000	0.201291
187.072000	0.201291
187.136000	0.201291
187.200000	0.201291
187.264000	0.201291
187.328000	0.201291
187.392000	0.201291
187.456000	0.201291
187.520000	0.201291
187.584000	0.201291
187.648000	0.201291
187.712000	0.201291
187.776000	0.201291
187.840000	0.201291
187.904000	0.201291
187.968000	0.201291
188.032000	0.201291
188.096000	0.201291
188.160000	0.201291
188.224000	0.201291
188.288000	0.201291
188.352000	0.201291
188.416000	0.201291
188.480000	0.201291
188.544000	0.201291
188.608000	0.201291
188.672000	0.201291
188.736000	0.201291
188.800000	0.201291
188.864000	0.201291
188.928000	0.201291
188.992000	0.201291
189.056000	0.201291
189.120000	0.201291
189.184000	0.201291
189.248000	0.201291
189.312000	0.201291
189.376000	0.201291
189.440000	0.201291
189.504000	0.201291
189.568000	0.201291
189.632000	0.201291
189.696000	0.201291
189.760000	0.201291
189.824000	0.201291
189.888000	0.201291
189.952000	0.201291
190.016000	0.201291
190.080000	0.201291
190.144000	0.201291
190.208000	0.201291
190.272000	0.201291
190.336000	0.201291
190.400000	0.201291
190.464000	0.201291
190.528000	0.201291
190.592000	0.201291
190.656000	0.201291
190.720000	0.201291
190.784000	0.201291
190.848000	0.201291
190.912000	0.201291
190.976000	0.201291
191.040000	0.201291
191.104000	0.201291
191.168000	0.252033
191.232000	0.252033
191.296000	0.252033
191.360000	0.252033
191.424000	0.252033
191.488000	0.252033
191.552000	0.252033
191.616000	0.252033
191.680000	0.252033
191.744000	0.252033
191.808000	0.252033
191.872000	0.252033
191.936000	0.252033
192.000000	0.252033
192.064000	0.252033
192.128000	0.252033
192.192000	0.252033
192.256000	0.252033
192.320000	0.222618
192.384000	0.222618
192.448000	0.222618
192.512000	0.222618
192.576000	0.222618
192.640000	0.222618
192.704000	0.222618
192.768000	0.222618
192.832000	0.222618
192.896000	0.222618
192.960000	0.222618
193.024000	0.222618
193.088000	0.222618
193.152000	0.222618
193.216000	0.213229
193.280000	0.213229
193.344000	0.213229
193.408000	0.213229
193.472000	0.213229
193.536000	0.213229
193.600000	0.213229
193.664000	0.213229
193.728000	0.213229
193.792000	0.213229
193.856000	0.213229
193.920000	0.213229
193.984000	0.213229
194.048000	0.213229
194.112000	0.213229
194.176000	0.213229
194.240000	0.213229
194.304000	0.213229
194.368000	0.213229
194.432000	0.213229
194.496000	0.213229
194.560000	0.213229
194.624000	0.213229
194.688000	0.213229
194.752000	0.213229
194.816000	0.213229
194.880000	0.213229
194.944000	0.213229
195.008000	0.213229
195.072000	0.213229
195.136000	0.213229
195.200000	0.213229
195.264000	0.213229
195.328000	0.213229
195.392000	0.213229
195.456000	0.213229
195.520000	0.213229
195.584000	0.213229
195.648000	0.213229
195.712000	0.213229
195.776000	0.213229
195.840000	0.192911
195.904000	0.192911
195.968000	0.192911
196.032000	0.192911
196.096000	0.182938
196.160000	0.182938
196.224000	0.182938
196.288000	0.182938
196.352000	0.182938
196.416000	0.182938
196.480000	0.182938
196.544000	0.182938
196.608000	0.182938
196.672000	0.182938
196.736000	0.182938
196.800000	0.182938
196.864000	0.182938
196.928000	0.182938
196.992000	0.145384
197.056000	0.145384
197.120000	0.145384
197.184000	0.145384
197.248000	0.124813
197.312000	0.124813
197.376000	0.124813
197.440000	0.116040
197.504000	0.116040
197.568000	0.116040
197.632000	0.116040
197.696000	0.116040
197.760000	0.116040
197.824000	0.116040
197.888000	0.116040
197.952000	0.116040
198.016000	0.116040
198.080000	0.116040
198.144000	0.116040
198.208000	0.116040
198.272000	0.116040
198.336000	0.116040
198.400000	0.116040
198.464000	0.116040
198.528000	0.116040
198.592000	0.116040
198.656000	0.116040
198.720000	0.116040
198.784000	0.116040
198.848000	0.116040
198.912000	0.116040
198.976000	0.116040
199.040000	0.116040
199.104000	0.116040
199.168000	0.116040
199.232000	0.116040
199.296000	0.116040
199.360000	0.116040
199.424000	0.116040
199.488000	0.116040
199.552000	0.116040
199.616000	0.116040
199.680000	0.116040
199.744000	0.116040
199.808000	0.116040
199.872000	0.116040
199.936000	0.116040
200.000000	0.116040
200.064000	0.116040
200.128000	0.116040
200.192000	0.116040
200.256000	0.116040
200.320000	0.116040
200.384000	0.116040
200.448000	0.116040
200.512000	0.116040
200.576000	0.116040
200.640000	0.116040
200.704000	0.116040
200.768000	0.116040
200.832000	0.116040
200.896000	0.116040
200.960000	0.116040
201.024000	0.116040
201.088000	0.116040
201.152000	0.116040
201.216000	0.116040
201.280000	0.116040
201.344000	0.116040
201.408000	0.116040
201.472000	0.116040
201.536000	0.116040
201.600000	0.116040
201.664000	0.116040
201.728000	0.116040
201.792000	0.116040
201.856000	0.116040
201.920000	0.116040
201.984000	0.116040
202.048000	0.116040
202.112000	0.116040
202.176000	0.116040
202.240000	0.116040
202.304000	0.116040
202.368000	0.116040
202.432000	0.116040
202.496000	0.116040
202.560000	0.116040
202.624000	0.116040
202.688000	0.116040
202.752000	0.116040
202.816000	0.116040
202.880000	0.116040
202.944000	0.116040
203.008000	0.116040
203.072000	0.116040
203.136000	0.116040
203.200000	0.116040
203.264000	0.116040
203.328000	0.116040
203.392000	0.116040
203.456000	0.116040
203.520000	0.116040
203.584000	0.116040
203.648000	0.116040
203.712000	0.116040
203.776000	0.116040
203.840000	0.117581
203.904000	0.117581
203.968000	0.117581
204.032000	0.117581
204.096000	0.117581
204.160000	0.117581
204.224000	0.117581
204.288000	0.117581
204.352000	0.117581
204.416000	0.117581
204.480000	0.117581
204.544000	0.117581
204.608000	0.117581
204.672000	0.117581
204.736000	0.117581
204.800000	0.117581
204.864000	0.117581
204.928000	0.117581
204.992000	0.117581
205.056000	0.117581
205.120000	0.117581
205.184000	0.117581
205.248000	0.117581
205.312000	0.117581
205.376000	0.117581
205.440000	0.117581
205.504000	0.117581
205.568000	0.117581
205.632000	0.117581
205.696000	0.117581
205.760000	0.117581
205.824000	0.117581
205.888000	0.117581
205.952000	0.117581
206.016000	0.117581
206.080000	0.117581
206.144000	0.117581
206.208000	0.117581
206.272000	0.117581
206.336000	0.117581
206.400000	0.117581
206.464000	0.117581
206.528000	0.117581
206.592000	0.117581
206.656000	0.117581
206.720000	0.117581
206.784000	0.117581
206.848000	0.117581
206.912000	0.117581
206.976000	0.117581
207.040000	0.117581
207.104000	0.117581
207.168000	0.117581
207.232000	0.117581
207.296000	0.117581
207.360000	0.117581
207.424000	0.117581
207.488000	0.117581
207.552000	0.117581
207.616000	0.117581
207.680000	0.117581
207.744000	0.117581
207.808000	0.117581
207.872000	0.117581
207.936000	0.117581
208.000000	0.117581
208.064000	0.117581
208.128000	0.117581
208.192000	0.117581
208.256000	0.117581
208.320000	0.117581
208.384000	0.117581
208.448000	0.117581
208.512000	0.117581
208.576000	0.117581
208.640000	0.117581
208.704000	0.117581
208.768000	0.117581
208.832000	0.117581
208.896000	0.117581
208.960000	0.117581
209.024000	0.117581
209.088000	0.117581
209.152000	0.117581
209.216000	0.117581
209.280000	0.117581
209.344000	0.128350
209.408000	0.128350
209.472000	0.128350
209.536000	0.128350
209.600000	0.128350
209.664000	0.128350
209.728000	0.128350
209.792000	0.128350
209.856000	0.128350
209.920000	0.160940
209.984000	0.160940
210.048000	0.160940
210.112000	0.160940
210.176000	0.160940
210.240000	0.160940
210.304000	0.160940
210.368000	0.160940
210.432000	0.160940
210.496000	0.160940
210.560000	0.160940
210.624000	0.160940
210.688000	0.160940
210.752000	0.160940
210.816000	0.160940
210.880000	0.160940
210.944000	0.160940
211.008000	0.160940
211.072000	0.160940
211.136000	0.160940
211.200000	0.160940
211.264000	0.160940
211.328000	0.160940
211.392000	0.160940
211.456000	0.160940
211.520000	0.160940
211.584000	0.160940
211.648000	0.160940
211.712000	0.160940
211.776000	0.160940
211.840000	0.160940
211.904000	0.160940
211.968000	0.171612
212.032000	0.171612
212.096000	0.171612
212.160000	0.171612
212.224000	0.171612
212.288000	0.171612
212.352000	0.171612
212.416000	0.171612
212.480000	0.171612
212.544000	0.171612
212.608000	0.171612
212.672000	0.171612
212.736000	0.171612
212.800000	0.171612
212.864000	0.171612
212.928000	0.171612
212.992000	0.171612
213.056000	0.171612
213.120000	0.171612
213.184000	0.171612
213.248000	0.171612
213.312000	0.171612
213.376000	0.171612
213.440000	0.171612
213.504000	0.171612
213.568000	0.171612
213.632000	0.171612
213.696000	0.171612
213.760000	0.171612
213.824000	0.171612
213.888000	0.171612
213.952000	0.171612
214.016000	0.171612
214.080000	0.171612
214.144000	0.171612
214.208000	0.171612
214.272000	0.171612
214.336000	0.171612
214.400000	0.171612
214.464000	0.171612
214.528000	0.171612
214.592000	0.171612
214.656000	0.171612
214.720000	0.171612
214.784000	0.171612
214.848000	0.171612
214.912000	0.171612
214.976000	0.171612
215.040000	0.171612
215.104000	0.171612
215.168000	0.171612
215.232000	0.171612
215.296000	0.171612
215.360000	0.171612
215.424000	0.171612
215.488000	0.182128
215.552000	0.182128
215.616000	0.182128
215.680000	0.182128
215.744000	0.182128
215.808000	0.182128
215.872000	0.182128
215.936000	0.182128
216.000000	0.182128
216.064000	0.182128
216.128000	0.182128
216.192000	0.182128
216.256000	0.182128
216.320000	0.182128
216.384000	0.182128
216.448000	0.182128
216.512000	0.182128
216.576000	0.182128
216.640000	0.182128
216.704000	0.182128
216.768000	0.182128
216.832000	0.182128
216.896000	0.182128
216.960000	0.182128
217.024000	0.182128
217.088000	0.206589
217.152000	0.206589
217.216000	0.206589
217.280000	0.206589
217.344000	0.206589
217.408000	0.206589
217.472000	0.206589
217.536000	0.206589
217.600000	0.206589
217.664000	0.206589
217.728000	0.206589
217.792000	0.206589
217.856000	0.206589
217.920000	0.206589
217.984000	0.206589
218.048000	0.206589
218.112000	0.206589
218.176000	0.206589
218.240000	0.206589
218.304000	0.206589
218.368000	0.206589
218.432000	0.206589
218.496000	0.206589
218.560000	0.206589
218.624000	0.206589
218.688000	0.206589
218.752000	0.206589
218.816000	0.206589
218.880000	0.206589
218.944000	0.206589
219.008000	0.206589
219.072000	0.206589
219.136000	0.206589
219.200000	0.206589
219.264000	0.206589
219.328000	0.206589
219.392000	0.206589
219.456000	0.206589
219.520000	0.177823
219.584000	0.177823
219.648000	0.177823
219.712000	0.177823
219.776000	0.177823
219.840000	0.177823
219.904000	0.177823
219.968000	0.177823
220.032000	0.177823
220.096000	0.177823
220.160000	0.177823
220.224000	0.177823
220.288000	0.177823
220.352000	0.177823
220.416000	0.177823
220.480000	0.177823
220.544000	0.177823
220.608000	0.177823
220.672000	0.177823
220.736000	0.177823
220.800000	0.177823
220.864000	0.177823
220.928000	0.177823
220.992000	0.177823
221.056000	0.177823
221.120000	0.177823
221.184000	0.177823
221.248000	0.177823
221.312000	0.177823
221.376000	0.177823
221.440000	0.177823
221.504000	0.177823
221.568000	0.177823
221.632000	0.177823
221.696000	0.177823
221.760000	0.177823
221.824000	0.177823
221.888000	0.177823
221.952000	0.177823
222.016000	0.177823
222.080000	0.177823
222.144000	0.177823
222.208000	0.177823
222.272000	0.177823
222.336000	0.177823
222.400000	0.177823
222.464000	0.177823
222.528000	0.177823
222.592000	0.177823
222.656000	0.177823
222.720000	0.177823
222.784000	0.177823
222.848000	0.177823
222.912000	0.177823
222.976000	0.177823
223.040000	0.177823
223.104000	0.177823
223.168000	0.177823
223.232000	0.177823
223.296000	0.177823
223.360000	0.177823
223.424000	0.177823
223.488000	0.177823
223.552000	0.177823
223.616000	0.177823
223.680000	0.177823
223.744000	0.177823
223.808000	0.177823
223.872000	0.177823
223.936000	0.177823
224.000000	0.177823
224.064000	0.177823
224.128000	0.177823
224.192000	0.177823
224.256000	0.177823
224.320000	0.177823
224.384000	0.177823
224.448000	0.177823
224.512000	0.177823
224.576000	0.177823
224.640000	0.177823
224.704000	0.177823
224.768000	0.177823
224.832000	0.177823
224.896000	0.177823
224.960000	0.177823
225.024000	0.177823
225.088000	0.177823
225.152000	0.177823
225.216000	0.177823
225.280000	0.177823
225.344000	0.177823
225.408000	0.177823
225.472000	0.177823
225.536000	0.177823
225.600000	0.177823
225.664000	0.177823
225.728000	0.177823
225.792000	0.177823
225.856000	0.177823
225.920000	0.217536
225.984000	0.181962
226.048000	0.181962
226.112000	0.181962
226.176000	0.181962
226.240000	0.181962
226.304000	0.181962
226.368000	0.181962
226.432000	0.181962
226.496000	0.181962
226.560000	0.181962
226.624000	0.181962
226.688000	0.181962
226.752000	0.181962
226.816000	0.181962
226.880000	0.181962
226.944000	0.181962
227.008000	0.181962
227.072000	0.181962
227.136000	0.181962
227.200000	0.181962
227.264000	0.181962
227.328000	0.181962
227.392000	0.181962
227.456000	0.181962
227.520000	0.181962
227.584000	0.181962
227.648000	0.181962
227.712000	0.181962
227.776000	0.181962
227.840000	0.181962
227.904000	0.181962
227.968000	0.181962
228.032000	0.181962
228.096000	0.181962
228.160000	0.181962
228.224000	0.181962
228.288000	0.181962
228.352000	0.181962
228.416000	0.181962
228.480000	0.181962
228.544000	0.181962
228.608000	0.181962
228.672000	0.181962
228.736000	0.181962
228.800000	0.181962
228.864000	0.181962
228.928000	0.181962
228.992000	0.181962
229.056000	0.181962
229.120000	0.181962
229.184000	0.181962
229.248000	0.181962
229.312000	0.181962
229.376000	0.181962
229.440000	0.181962
229.504000	0.181962
229.568000	0.181962
229.632000	0.181962
229.696000	0.181962
229.760000	0.181962
229.824000	0.181962
229.888000	0.181962
229.952000	0.181962
230.016000	0.181962
230.080000	0.181962
230.144000	0.181962
230.208000	0.181962
230.272000	0.181962
230.336000	0.181962
230.400000	0.181962
230.464000	0.181962
230.528000	0.181962
230.592000	0.181962
230.656000	0.181962
230.720000	0.181962
230.784000	0.181962
230.848000	0.181962
230.912000	0.181962
230.976000	0.181962
231.040000	0.181962
231.104000	0.181962
231.168000	0.181962
231.232000	0.181962
231.296000	0.181962
231.360000	0.181962
231.424000	0.181962
231.488000	0.181962
231.552000	0.181962
231.616000	0.181962
231.680000	0.181962
231.744000	0.181962
231.808000	0.181962
231.872000	0.181962
231.936000	0.181962
232.000000	0.181962
232.064000	0.181962
232.128000	0.181962
232.192000	0.181962
232.256000	0.181962
232.320000	0.181962
232.384000	0.196432
232.448000	0.196432
232.512000	0.196432
232.576000	0.196432
232.640000	0.196432
232.704000	0.196432
232.768000	0.196432
232.832000	0.101450
232.896000	0.101450
232.960000	0.101450
233.024000	0.101450
233.088000	0.101450
233.152000	0.101450
233.216000	0.101450
233.280000	0.101450
233.344000	0.101450
233.408000	0.101450
233.472000	0.101450
233.536000	0.101450
233.600000	0.101450
233.664000	0.101450
233.728000	0.101450
233.792000	0.101450
233.856000	0.101450
233.920000	0.101450
233.984000	0.101450
234.048000	0.101450
234.112000	0.101450
234.176000	0.101450
234.240000	0.101450
234.304000	0.101450
234.368000	0.101450
234.432000	0.101450
234.496000	0.101450
234.560000	0.101450
234.624000	0.101450
234.688000	0.101450
234.752000	0.101450
234.816000	0.101450
234.880000	0.101450
234.944000	0.101450
235.008000	0.101450
235.072000	0.101450
235.136000	0.101450
235.200000	0.101450
235.264000	0.101450
235.328000	0.101450
235.392000	0.101450
235.456000	0.101450
235.520000	0.101450
235.584000	0.089405
235.648000	0.089405
235.712000	0.089405
235.776000	0.089405
235.840000	0.089405
235.904000	0.089405
235.968000	0.089405
236.032000	0.089405
236.096000	0.089405
236.160000	0.089405
236.224000	0.089405
236.288000	0.089405
236.352000	0.089405
236.416000	0.089405
236.480000	0.089405
236.544000	0.089405
236.608000	0.089405
236.672000	0.089405
236.736000	0.089405
236.800000	0.089405
236.864000	0.089405
236.928000	0.089405
236.992000	0.089405
237.056000	0.089405
237.120000	0.089405
237.184000	0.089405
237.248000	0.089405
237.312000	0.089405
237.376000	0.089405
237.440000	0.089405
237.504000	0.089405
237.568000	0.089405
237.632000	0.089405
237.696000	0.089405
237.760000	0.089405
237.824000	0.089405
237.888000	0.089405
237.952000	0.089405
238.016000	0.089405
238.080000	0.089405
238.144000	0.089405
238.208000	0.089405
238.272000	0.089405
238.336000	0.089405
238.400000	0.089405
238.464000	0.089405
238.528000	0.089405
238.592000	0.089405
238.656000	0.089405
238.720000	0.089405
238.784000	0.089405
238.848000	0.089405
238.912000	0.089405
238.976000	0.089405
239.040000	0.089405
239.104000	0.089405
239.168000	0.089405
239.232000	0.089405
239.296000	0.089405
239.360000	0.089405
239.424000	0.089405
239.488000	0.089405
239.552000	0.089405
239.616000	0.089405
239.680000	0.089405
239.744000	0.089405
239.808000	0.089405
239.872000	0.089405
239.936000	0.089405
240.000000	0.089405
240.064000	0.089405
240.128000	0.089405
240.192000	0.089405
240.256000	0.089405
240.320000	0.089405
240.384000	0.089405
240.448000	0.089405
240.512000	0.089405
240.576000	0.089405
240.640000	0.089405
240.704000	0.089405
240.768000	0.089405
240.832000	0.089405
240.896000	0.089405
240.960000	0.089405
241.024000	0.089405
241.088000	0.089405
241.152000	0.089405
241.216000	0.089405
241.280000	0.089405
241.344000	0.089405
241.408000	0.089405
241.472000	0.089405
241.536000	0.089405
241.600000	0.089405
241.664000	0.089405
241.728000	0.089405
241.792000	0.089405
241.856000	0.089405
241.920000	0.089405
241.984000	0.181883
242.048000	0.181883
242.112000	0.181883
242.176000	0.252222
242.240000	0.252222
242.304000	0.252222
242.368000	0.252222
242.432000	0.252222
242.496000	0.252222
242.560000	0.252222
242.624000	0.252222
242.688000	0.252222
242.752000	0.252222
242.816000	0.252222
242.880000	0.252222
242.944000	0.252222
243.008000	0.252222
243.072000	0.252222
243.136000	0.252222
243.200000	0.252222
243.264000	0.252222
243.328000	0.252222
243.392000	0.252222
243.456000	0.252222
243.520000	0.252222
243.584000	0.252222
243.648000	0.252222
243.712000	0.252222
243.776000	0.252222
243.840000	0.252222
243.904000	0.252222
243.968000	0.252222
244.032000	0.252222
244.096000	0.252222
244.160000	0.252222
244.224000	0.252222
244.288000	0.252222
244.352000	0.252222
244.416000	0.252222
244.480000	0.252222
244.544000	0.252222
244.608000	0.252222
244.672000	0.252222
244.736000	0.252222
244.800000	0.252222
244.864000	0.252222
244.928000	0.264535
244.992000	0.264535
245.056000	0.264535
245.120000	0.264535
245.184000	0.264535
245.248000	0.264535
245.312000	0.264535
245.376000	0.264535
245.440000	0.264535
245.504000	0.264535
245.568000	0.264535
245.632000	0.264535
245.696000	0.264535
245.760000	0.264535
245.824000	0.264535
245.888000	0.264535
245.952000	0.264535
246.016000	0.264535
246.080000	0.264535
246.144000	0.264535
246.208000	0.264535
246.272000	0.264535
246.336000	0.264535
246.400000	0.264535
246.464000	0.264535
246.528000	0.264535
246.592000	0.264535
246.656000	0.264535
246.720000	0.264535
246.784000	0.264535
246.848000	0.264535
246.912000	0.264535
246.976000	0.264535
247.040000	0.264535
247.104000	0.264535
247.168000	0.264535
247.232000	0.264535
247.296000	0.264535
247.360000	0.264535
247.424000	0.264535
247.488000	0.264535
247.552000	0.264535
247.616000	0.264535
247.680000	0.264535
247.744000	0.264535
247.808000	0.264535
247.872000	0.264535
247.936000	0.264535
248.000000	0.264535
248.064000	0.264535
248.128000	0.264535
248.192000	0.264535
248.256000	0.264535
248.320000	0.264535
248.384000	0.264535
248.448000	0.264535
248.512000	0.264535
248.576000	0.264535
248.640000	0.264535
248.704000	0.264535
248.768000	0.264535
248.832000	0.264535
248.896000	0.264535
248.960000	0.264535
249.024000	0.264535
249.088000	0.264535
249.152000	0.264535
249.216000	0.264535
249.280000	0.264535
249.344000	0.264535
249.408000	0.264535
249.472000	0.264535
249.536000	0.264535
249.600000	0.264535
249.664000	0.264535
249.728000	0.264535
249.792000	0.264535
249.856000	0.264535
249.920000	0.264535
249.984000	0.264535
250.048000	0.264535
250.112000	0.264535
250.176000	0.264535
250.240000	0.264535
250.304000	0.264535
250.368000	0.264535
250.432000	0.264535
250.496000	0.264535
250.560000	0.264535
250.624000	0.264535
250.688000	0.288087
250.752000	0.288087
250.816000	0.288087
250.880000	0.288087
250.944000	0.288087
251.008000	0.288087
251.072000	0.288087
251.136000	0.288087
251.200000	0.288087
251.264000	0.299473
251.328000	0.299473
251.392000	0.299473
251.456000	0.266261
251.520000	0.266261
251.584000	0.266261
251.648000	0.266261
251.712000	0.266261
251.776000	0.168461
251.840000	0.168461
251.904000	0.168461
251.968000	0.168461
252.032000	0.168461
252.096000	0.168461
252.160000	0.168461
252.224000	0.168461
252.288000	0.168461
252.352000	0.168461
252.416000	0.168461
252.480000	0.168461
252.544000	0.168461
252.608000	0.168461
252.672000	0.168461
252.736000	0.168461
252.800000	0.168461
252.864000	0.168461
252.928000	0.168461
252.992000	0.168461
253.056000	0.168461
253.120000	0.168461
253.184000	0.168461
253.248000	0.168461
253.312000	0.168461
253.376000	0.168461
253.440000	0.168461
253.504000	0.168461
253.568000	0.168461
253.632000	0.168461
253.696000	0.168461
253.760000	0.168461
253.824000	0.168461
253.888000	0.168461
253.952000	0.168461
254.016000	0.168461
254.080000	0.168461
254.144000	0.168461
254.208000	0.168461
254.272000	0.168461
254.336000	0.168461
254.400000	0.168461
254.464000	0.168461
254.528000	0.168461
254.592000	0.168461
254.656000	0.168461
254.720000	0.168461
254.784000	0.168461
254.848000	0.168461
254.912000	0.168461
254.976000	0.168461
255.040000	0.168461
255.104000	0.168461
255.168000	0.168461
255.232000	0.168461
255.296000	0.168461
255.360000	0.168461
255.424000	0.168461
255.488000	0.168461
255.552000	0.168461
255.616000	0.168461
255.680000	0.168461
255.744000	0.168461
255.808000	0.168461
255.872000	0.168461
255.936000	0.168461
256.000000	0.168461
256.064000	0.168461
256.128000	0.168461
256.192000	0.168461
256.256000	0.168461
256.320000	0.168461
256.384000	0.168461
256.448000	0.168461
256.512000	0.168461
256.576000	0.168461
256.640000	0.168461
256.704000	0.168461
256.768000	0.168461
256.832000	0.168461
256.896000	0.168461
256.960000	0.168461
257.024000	0.168461
257.088000	0.168461
257.152000	0.168461
257.216000	0.168461
257.280000	0.168461
257.344000	0.168461
257.408000	0.168461
257.472000	0.168461
257.536000	0.168461
257.600000	0.168461
257.664000	0.168461
257.728000	0.168461
257.792000	0.168461
257.856000	0.168461
257.920000	0.168461
257.984000	0.168461
258.048000	0.168461
258.112000	0.168461
258.176000	0.192170
258.240000	0.192170
258.304000	0.192170
258.368000	0.192170
258.432000	0.192170
258.496000	0.192170
258.560000	0.192170
258.624000	0.192170
258.688000	0.192170
258.752000	0.192170
258.816000	0.192170
258.880000	0.192170
258.944000	0.192170
259.008000	0.192170
259.072000	0.192170
259.136000	0.192170
259.200000	0.192170
259.264000	0.192170
259.328000	0.192170
259.392000	0.192170
259.456000	0.192170
259.520000	0.192170
259.584000	0.192170
259.648000	0.192170
259.712000	0.192170
259.776000	0.192170
259.840000	0.192170
259.904000	0.192170
259.968000	0.192170
260.032000	0.192170
260.096000	0.192170
260.160000	0.192170
260.224000	0.192170
260.288000	0.192170
260.352000	0.192170
260.416000	0.192170
260.480000	0.192170
260.544000	0.192170
260.608000	0.192170
260.672000	0.192170
260.736000	0.192170
260.800000	0.192170
260.864000	0.192170
260.928000	0.192170
260.992000	0.192170
261.056000	0.192170
261.120000	0.192170
261.184000	0.192170
261.248000	0.192170
261.312000	0.192170
261.376000	0.192170
261.440000	0.192170
261.504000	0.192170
261.568000	0.192170
261.632000	0.192170
261.696000	0.192170
261.760000	0.192170
261.824000	0.192170
261.888000	0.192170
261.952000	0.203535
262.016000	0.203535
262.080000	0.203535
262.144000	0.203535
262.208000	0.203535
262.272000	0.203535
262.336000	0.203535
262.400000	0.203535
262.464000	0.203535
262.528000	0.203535
262.592000	0.203535
262.656000	0.203535
262.720000	0.203535
262.784000	0.203535
262.848000	0.203535
262.912000	0.203535
262.976000	0.203535
263.040000	0.203535
263.104000	0.203535
263.168000	0.203535
263.232000	0.203535
263.296000	0.234530
263.360000	0.234530
263.424000	0.234530
263.488000	0.234530
263.552000	0.234530
263.616000	0.234530
263.680000	0.234530
263.744000	0.234530
263.808000	0.234530
263.872000	0.234530
263.936000	0.234530
264.000000	0.234530
264.064000	0.234530
264.128000	0.234530
264.192000	0.234530
264.256000	0.234530
264.320000	0.234530
264.384000	0.234530
264.448000	0.234530
264.512000	0.234530
264.576000	0.234530
264.640000	0.234530
264.704000	0.234530
264.768000	0.234530
264.832000	0.234530
264.896000	0.234530
264.960000	0.234530
265.024000	0.234530
265.088000	0.234530
265.152000	0.234530
265.216000	0.234530
265.280000	0.234530
265.344000	0.234530
265.408000	0.234530
265.472000	0.234530
265.536000	0.234530
265.600000	0.234530
265.664000	0.234530
265.728000	0.234530
265.792000	0.234530
265.856000	0.234530
265.920000	0.234530
265.984000	0.234530
266.048000	0.234530
266.112000	0.234530
266.176000	0.234530
266.240000	0.234530
266.304000	0.234530
266.368000	0.234530
266.432000	0.234530
266.496000	0.234530
266.560000	0.234530
266.624000	0.234530
266.688000	0.234530
266.752000	0.234530
266.816000	0.234530
266.880000	0.234530
266.944000	0.234530
267.008000	0.234530
267.072000	0.234530
267.136000	0.234530
267.200000	0.234530
267.264000	0.234530
267.328000	0.234530
267.392000	0.234530
267.456000	0.234530
267.520000	0.234530
267.584000	0.234530
267.648000	0.234530
267.712000	0.234530
267.776000	0.234530
267.840000	0.234530
267.904000	0.234530
267.968000	0.234530
268.032000	0.234530
268.096000	0.234530
268.160000	0.234530
268.224000	0.234530
268.288000	0.234530
268.352000	0.234530
268.416000	0.234530
268.480000	0.234530
268.544000	0.234530
268.608000	0.234530
268.672000	0.234530
268.736000	0.234530
268.800000	0.234530
268.864000	0.234530
268.928000	0.234530
268.992000	0.234530
269.056000	0.234530
269.120000	0.234530
269.184000	0.234530
269.248000	0.234530
269.312000	0.234530
269.376000	0.234530
269.440000	0.234530
269.504000	0.318559
269.568000	0.318559
269.632000	0.318559
269.696000	0.318559
269.760000	0.318559
269.824000	0.318559
269.888000	0.318559
269.952000	0.318559
270.016000	0.318559
270.080000	0.318559
270.144000	0.318559
270.208000	0.318559
270.272000	0.318559
270.336000	0.318559
270.400000	0.318559
270.464000	0.318559
270.528000	0.291918
270.592000	0.291918
270.656000	0.291918
270.720000	0.291918
270.784000	0.291918
270.848000	0.291918
270.912000	0.291918
270.976000	0.251816
271.040000	0.251816
271.104000	0.251816
271.168000	0.251816
271.232000	0.251816
271.296000	0.251816
271.360000	0.251816
271.424000	0.251816
271.488000	0.251816
271.552000	0.251816
271.616000	0.251816
271.680000	0.251816
271.744000	0.251816
271.808000	0.251816
271.872000	0.251816
271.936000	0.251816
272.000000	0.251816
272.064000	0.251816
272.128000	0.251816
272.192000	0.251816
272.256000	0.251816
272.320000	0.251816
272.384000	0.251816
272.448000	0.251816
272.512000	0.251816
272.576000	0.251816
272.640000	0.251816
272.704000	0.251816
272.768000	0.251816
272.832000	0.251816
272.896000	0.251816
272.960000	0.251816
273.024000	0.251816
273.088000	0.251816
273.152000	0.251816
273.216000	0.251816
273.280000	0.251816
273.344000	0.251816
273.408000	0.251816
273.472000	0.251816
273.536000	0.251816
273.600000	0.251816
273.664000	0.251816
273.728000	0.251816
273.792000	0.251816
273.856000	0.251816
273.920000	0.251816
273.984000	0.251816
274.048000	0.251816
274.112000	0.251816
274.176000	0.251816
274.240000	0.251816
274.304000	0.251816
274.368000	0.251816
274.432000	0.251816
274.496000	0.251816
274.560000	0.251816
274.624000	0.251816
274.688000	0.222684
274.752000	0.222684
274.816000	0.222684
274.880000	0.222684
274.944000	0.222684
275.008000	0.222684
275.072000	0.222684
275.136000	0.222684
275.200000	0.222684
275.264000	0.222684
275.328000	0.222684
275.392000	0.222684
275.456000	0.222684
275.520000	0.222684
275.584000	0.222684
275.648000	0.222684
275.712000	0.222684
275.776000	0.222684
275.840000	0.222684
275.904000	0.222684
275.968000	0.222684
276.032000	0.222684
276.096000	0.222684
276.160000	0.222684
276.224000	0.222684
276.288000	0.222684
276.352000	0.222684
276.416000	0.222684
276.480000	0.222684
276.544000	0.222684
276.608000	0.222684
276.672000	0.222684
276.736000	0.222684
276.800000	0.222684
276.864000	0.222684
276.928000	0.222684
276.992000	0.222684
277.056000	0.222684
277.120000	0.222684
277.184000	0.222684
277.248000	0.222684
277.312000	0.222684
277.376000	0.222684
277.440000	0.222684
277.504000	0.222684
277.568000	0.222684
277.632000	0.222684
277.696000	0.222684
277.760000	0.222684
277.824000	0.222684
277.888000	0.222684
277.952000	0.222684
278.016000	0.222684
278.080000	0.222684
278.144000	0.222684
278.208000	0.222684
278.272000	0.222684
278.336000	0.222684
278.400000	0.222684
278.464000	0.222684
278.528000	0.222684
278.592000	0.222684
278.656000	0.222684
278.720000	0.222684
278.784000	0.222684
278.848000	0.222684
278.912000	0.222684
278.976000	0.222684
279.040000	0.222684
279.104000	0.222684
279.168000	0.222684
279.232000	0.222684
279.296000	0.222684
279.360000	0.222684
279.424000	0.222684
279.488000	0.222684
279.552000	0.222684
279.616000	0.222684
279.680000	0.222684
279.744000	0.222684
279.808000	0.222684
279.872000	0.222684
279.936000	0.222684
280.000000	0.222684
280.064000	0.222684
280.128000	0.222684
280.192000	0.222684
280.256000	0.222684
280.320000	0.222684
280.384000	0.222684
280.448000	0.222684
280.512000	0.222684
280.576000	0.222684
280.640000	0.222684
280.704000	0.222684
280.768000	0.222684
280.832000	0.222684
280.896000	0.222684
280.960000	0.222684
281.024000	0.222684
281.088000	0.240369
281.152000	0.240369
281.216000	0.240369
281.280000	0.240369
281.344000	0.240369
281.408000	0.240369
281.472000	0.240369
281.536000	0.240369
281.600000	0.240369
281.664000	0.240369
281.728000	0.240369
281.792000	0.240369
281.856000	0.240369
281.920000	0.240369
281.984000	0.240369
282.048000	0.240369
282.112000	0.240369
282.176000	0.240369
282.240000	0.240369
282.304000	0.240369
282.368000	0.240369
282.432000	0.240369
282.496000	0.240369
282.560000	0.240369
282.624000	0.240369
282.688000	0.240369
282.752000	0.240369
282.816000	0.240369
282.880000	0.240369
282.944000	0.240369
283.008000	0.240369
283.072000	0.240369
283.136000	0.240369
283.200000	0.240369
283.264000	0.240369
283.328000	0.240369
283.392000	0.240369
283.456000	0.240369
283.520000	0.240369
283.584000	0.240369
283.648000	0.240369
283.712000	0.240369
283.776000	0.240369
283.840000	0.240369
283.904000	0.240369
283.968000	0.240369
284.032000	0.240369
284.096000	0.240369
284.160000	0.240369
284.224000	0.240369
284.288000	0.299366
284.352000	0.299366
284.416000	0.299366
284.480000	0.299366
284.544000	0.299366
284.608000	0.299366
284.672000	0.299366
284.736000	0.299366
284.800000	0.299366
284.864000	0.299366
284.928000	0.299366
284.992000	0.299366
285.056000	0.299366
285.120000	0.299366
285.184000	0.299366
285.248000	0.299366
285.312000	0.299366
285.376000	0.299366
285.440000	0.299366
285.504000	0.299366
285.568000	0.299366
285.632000	0.299366
285.696000	0.248559
285.760000	0.248559
285.824000	0.248559
285.888000	0.248559
285.952000	0.248559
286.016000	0.248559
286.080000	0.248559
286.144000	0.248559
286.208000	0.248559
286.272000	0.248559
286.336000	0.248559
286.400000	0.248559
286.464000	0.248559
286.528000	0.248559
286.592000	0.248559
286.656000	0.248559
286.720000	0.248559
286.784000	0.248559
286.848000	0.248559
286.912000	0.248559
286.976000	0.248559
287.040000	0.248559
287.104000	0.248559
287.168000	0.248559
287.232000	0.248559
287.296000	0.248559
287.360000	0.248559
287.424000	0.248559
287.488000	0.248559
287.552000	0.248559
287.616000	0.248559
287.680000	0.248559
287.744000	0.248559
287.808000	0.248559
287.872000	0.248559
287.936000	0.248559
288.000000	0.248559
288.064000	0.248559
288.128000	0.248559
288.192000	0.248559
288.256000	0.248559
288.320000	0.248559
288.384000	0.248559
288.448000	0.248559
288.512000	0.248559
288.576000	0.248559
288.640000	0.248559
288.704000	0.248559
288.768000	0.248559
288.832000	0.248559
288.896000	0.248559
288.960000	0.248559
289.024000	0.248559
289.088000	0.248559
289.152000	0.248559
289.216000	0.248559
289.280000	0.248559
289.344000	0.248559
289.408000	0.248559
289.472000	0.248559
289.536000	0.248559
289.600000	0.248559
289.664000	0.248559
289.728000	0.248559
289.792000	0.248559
289.856000	0.248559
289.920000	0.248559
289.984000	0.248559
290.048000	0.248559
290.112000	0.248559
290.176000	0.248559
290.240000	0.248559
290.304000	0.248559
290.368000	0.248559
290.432000	0.248559
290.496000	0.248559
290.560000	0.248559
290.624000	0.248559
290.688000	0.248559
290.752000	0.248559
290.816000	0.248559
290.880000	0.248559
290.944000	0.248559
291.008000	0.248559
291.072000	0.248559
291.136000	0.248559
291.200000	0.248559
291.264000	0.248559
291.328000	0.248559
291.392000	0.248559
291.456000	0.248559
291.520000	0.248559
291.584000	0.248559
291.648000	0.248559
291.712000	0.248559
291.776000	0.224155
291.840000	0.224155
291.904000	0.224155
291.968000	0.224155
292.032000	0.224155
292.096000	0.224155
292.160000	0.224155
292.224000	0.224155
292.288000	0.224155
292.352000	0.224155
292.416000	0.224155
292.480000	0.224155
292.544000	0.224155
292.608000	0.224155
292.672000	0.224155
292.736000	0.224155
292.800000	0.224155
292.864000	0.224155
292.928000	0.224155
292.992000	0.224155
293.056000	0.224155
293.120000	0.224155
293.184000	0.224155
293.248000	0.224155
293.312000	0.224155
293.376000	0.224155
293.440000	0.224155
293.504000	0.224155
293.568000	0.224155
293.632000	0.224155
293.696000	0.224155
293.760000	0.224155
293.824000	0.224155
293.888000	0.224155
293.952000	0.224155
294.016000	0.224155
294.080000	0.224155
294.144000	0.224155
294.208000	0.224155
294.272000	0.224155
294.336000	0.224155
294.400000	0.224155
294.464000	0.224155
294.528000	0.224155
294.592000	0.224155
294.656000	0.224155
294.720000	0.224155
294.784000	0.224155
294.848000	0.224155
294.912000	0.224155
294.976000	0.224155
295.040000	0.224155
295.104000	0.224155
295.168000	0.224155
295.232000	0.224155
295.296000	0.224155
295.360000	0.224155
295.424000	0.224155
295.488000	0.224155
295.552000	0.224155
295.616000	0.224155
295.680000	0.224155
295.744000	0.224155
295.808000	0.224155
295.872000	0.224155
295.936000	0.224155
296.000000	0.224155
296.064000	0.224155
296.128000	0.224155
296.192000	0.224155
296.256000	0.224155
296.320000	0.224155
296.384000	0.224155
296.448000	0.224155
296.512000	0.224155
296.576000	0.224155
296.640000	0.224155
296.704000	0.224155
296.768000	0.224155
296.832000	0.224155
296.896000	0.224155
296.960000	0.224155
297.024000	0.224155
297.088000	0.224155
297.152000	0.224155
297.216000	0.224155
297.280000	0.224155
297.344000	0.224155
297.408000	0.224155
297.472000	0.224155
297.536000	0.224155
297.600000	0.224155
297.664000	0.187857
297.728000	0.187857
297.792000	0.187857
297.856000	0.187857
297.920000	0.187857
297.984000	0.187857
298.048000	0.187857
298.112000	0.187857
298.176000	0.187857
298.240000	0.187857
298.304000	0.187857
298.368000	0.187857
298.432000	0.187857
298.496000	0.187857
298.560000	0.187857
298.624000	0.187857
298.688000	0.187857
298.752000	0.187857
298.816000	0.187857
298.880000	0.187857
298.944000	0.187857
299.008000	0.187857
299.072000	0.187857
299.136000	0.187857
299.200000	0.187857
299.264000	0.187857
299.328000	0.187857
299.392000	0.187857
299.456000	0.187857
299.520000	0.187857
299.584000	0.187857
299.648000	0.187857
299.712000	0.187857
299.776000	0.187857
299.840000	0.187857
299.904000	0.187857
299.968000	0.187857
300.032000	0.187857
300.096000	0.187857
300.160000	0.187857
300.224000	0.187857
300.288000	0.187857
300.352000	0.187857
300.416000	0.187857
300.480000	0.187857
300.544000	0.187857
300.608000	0.187857
300.672000	0.187857
300.736000	0.187857
300.800000	0.187857
300.864000	0.187857
300.928000	0.187857
300.992000	0.187857
301.056000	0.187857
301.120000	0.187857
301.184000	0.187857
301.248000	0.187857
301.312000	0.187857
301.376000	0.187857
301.440000	0.187857
301.504000	0.187857
301.568000	0.187857
301.632000	0.187857
301.696000	0.187857
301.760000	0.187857
301.824000	0.187857
301.888000	0.187857
301.952000	0.187857
302.016000	0.187857
302.080000	0.187857
302.144000	0.187857
302.208000	0.187857
302.272000	0.187857
302.336000	0.187857
302.400000	0.187857
302.464000	0.187857
302.528000	0.187857
302.592000	0.187857
302.656000	0.187857
302.720000	0.187857
302.784000	0.187857
302.848000	0.187857
302.912000	0.187857
302.976000	0.187857
303.040000	0.187857
303.104000	0.187857
303.168000	0.187857
303.232000	0.187857
303.296000	0.187857
303.360000	0.187857
303.424000	0.187857
303.488000	0.187857
303.552000	0.187857
303.616000	0.187857
303.680000	0.187857
303.744000	0.187857
303.808000	0.187857
303.872000	0.164735
303.936000	0.117020
304.000000	0.000003
304.064000	0.000003
304.128000	0.000003
304.192000	0.000003
304.256000	0.000003
304.320000	0.000003
304.384000	0.000003
304.448000	0.000003
304.512000	0.000002
304.576000	0.000002
304.640000	0.000002
304.704000	0.000002
304.768000	0.000002
304.832000	0.000000
304.896000	0.000000
304.960000	0.000000
305.024000	0.000000
305.088000	0.000000
305.152000	0.000000
305.216000	0.000000
305.280000	0.000000
305.344000	0.000000
305.408000	0.000000
305.472000	0.000000
305.536000	0.000000
305.600000	0.000000
305.664000	0.000000
305.728000	0.000000
305.792000	0.000000
305.856000	0.000000
305.920000	0.000000
305.984000	0.000000
306.048000	0.000000
306.112000	0.000000
306.176000	0.000000
306.240000	0.000000
306.304000	0.000000
306.368000	0.000000
306.432000	0.000000
306.496000	0.000000
306.560000	0.000000
306.624000	0.000000
306.688000	0.000000
306.752000	0.000000
306.816000	0.000000
306.880000	0.000000
306.944000	0.000000
307.008000	0.000000
307.072000	0.000000
307.136000	0.000000
307.200000	0.000000
307.264000	0.000000
307.328000	0.000000
307.392000	0.000000
307.456000	0.000000
307.520000	0.000000
307.584000	0.000000
307.648000	0.000000
307.712000	0.000000
307.776000	0.000000
307.840000	0.000000
307.904000	0.000000
307.968000	0.000000
