0.064000	0.000000
0.128000	0.000000
0.192000	0.000000
0.256000	0.000000
0.320000	0.000000
0.384000	0.000000
0.448000	0.000000
0.512000	0.000000
0.576000	0.000000
0.640000	0.000000
0.704000	0.000000
0.768000	0.000000
0.832000	0.000000
0.896000	0.000000
0.960000	0.000000
1.024000	0.000000
1.088000	0.000000
1.152000	0.000000
1.216000	0.000000
1.280000	0.000000
1.344000	0.000000
1.408000	0.000000
1.472000	0.000000
1.536000	0.000000
1.600000	0.000000
1.664000	0.000000
1.728000	0.000000
1.792000	0.000000
1.856000	0.000000
1.920000	0.000000
1.984000	0.000000
2.048000	0.000000
2.112000	0.000000
2.176000	0.000000
2.240000	0.000000
2.304000	0.000000
2.368000	0.000000
2.432000	0.000000
2.496000	0.000000
2.560000	0.000000
2.624000	0.000000
2.688000	0.000000
2.752000	0.000000
2.816000	0.000000
2.880000	0.000000
2.944000	0.000000
3.008000	0.000000
3.072000	0.000000
3.136000	0.000000
3.200000	0.000000
3.264000	0.376680
3.328000	0.376680
3.392000	0.376680
3.456000	0.376680
3.520000	0.376680
3.584000	0.376680
3.648000	0.376680
3.712000	0.376680
3.776000	0.376680
3.840000	0.376680
3.904000	0.376680
3.968000	0.376680
4.032000	0.376680
4.096000	0.376680
4.160000	0.376680
4.224000	0.376680
4.288000	0.376680
4.352000	0.376680
4.416000	0.376680
4.480000	0.376680
4.544000	0.376680
4.608000	0.376680
4.672000	0.376680
4.736000	0.376680
4.800000	0.376680
4.864000	0.376680
4.928000	0.376680
4.992000	0.376680
5.056000	0.376680
5.120000	0.376680
5.184000	0.376680
5.248000	0.376680
5.312000	0.376680
5.376000	0.376680
5.440000	0.376680
5.504000	0.376680
5.568000	0.376680
5.632000	0.376680
5.696000	0.376680
5.760000	0.376680
5.824000	0.376680
5.888000	0.324025
5.952000	0.324025
6.016000	0.324025
6.080000	0.324025
6.144000	0.324025
6.208000	0.303953
6.272000	0.230174
6.336000	0.230174
6.400000	0.230174
6.464000	0.230174
6.528000	0.230174
6.592000	0.230174
6.656000	0.230174
6.720000	0.230174
6.784000	0.230174
6.848000	0.230174
6.912000	0.230174
6.976000	0.230174
7.040000	0.230174
7.104000	0.230174
7.168000	0.230174
7.232000	0.230174
7.296000	0.230174
7.360000	0.230174
7.424000	0.230174
7.488000	0.230174
7.552000	0.230174
7.616000	0.230174
7.680000	0.230174
7.744000	0.230174
7.808000	0.230174
7.872000	0.230174
7.936000	0.230174
8.000000	0.230174
8.064000	0.230174
8.128000	0.230174
8.192000	0.230174
8.256000	0.230174
8.320000	0.230174
8.384000	0.230174
8.448000	0.230174
8.512000	0.230174
8.576000	0.230174
8.640000	0.230174
8.704000	0.230174
8.768000	0.230174
8.832000	0.230174
8.896000	0.230174
8.960000	0.230174
9.024000	0.230174
9.088000	0.230174
9.152000	0.230174
9.216000	0.230174
9.280000	0.230174
9.344000	0.230174
9.408000	0.230174
9.472000	0.230174
9.536000	0.230174
9.600000	0.230174
9.664000	0.230174
9.728000	0.230174
9.792000	0.230174
9.856000	0.230174
9.920000	0.230174
9.984000	0.230174
10.048000	0.230174
10.112000	0.230174
10.176000	0.230174
10.240000	0.230174
10.304000	0.230174
10.368000	0.230174
10.432000	0.230174
10.496000	0.230174
10.560000	0.230174
10.624000	0.230174
10.688000	0.230174
10.752000	0.230174
10.816000	0.230174
10.880000	0.230174
10.944000	0.230174
11.008000	0.230174
11.072000	0.230174
11.136000	0.230174
11.200000	0.230174
11.264000	0.230174
11.328000	0.230174
11.392000	0.230174
11.456000	0.230174
11.520000	0.230174
11.584000	0.230174
11.648000	0.230174
11.712000	0.230174
11.776000	0.230174
11.840000	0.230174
11.904000	0.230174
11.968000	0.230174
12.032000	0.230174
12.096000	0.230174
12.160000	0.230174
12.224000	0.230174
12.288000	0.230174
12.352000	0.230174
12.416000	0.230174
12.480000	0.230174
12.544000	0.230174
12.608000	0.230174
12.672000	0.236442
12.736000	0.236442
12.800000	0.236442
12.864000	0.236442
12.928000	0.236442
12.992000	0.236442
13.056000	0.236442
13.120000	0.236442
13.184000	0.236442
13.248000	0.236442
13.312000	0.236442
13.376000	0.236442
13.440000	0.236442
13.504000	0.236442
13.568000	0.236442
13.632000	0.236442
13.696000	0.188022
13.760000	0.188022
13.824000	0.188022
13.888000	0.188022
13.952000	0.188022
14.016000	0.188022
14.080000	0.188022
14.144000	0.188022
14.208000	0.188022
14.272000	0.188022
14.336000	0.188022
14.400000	0.188022
14.464000	0.188022
14.528000	0.188022
14.592000	0.188022
14.656000	0.188022
14.720000	0.188022
14.784000	0.188022
14.848000	0.188022
14.912000	0.188022
14.976000	0.188022
15.040000	0.188022
15.104000	0.188022
15.168000	0.188022
15.232000	0.188022
15.296000	0.188022
15.360000	0.188022
15.424000	0.188022
15.488000	0.188022
15.552000	0.188022
15.616000	0.188022
15.680000	0.188022
15.744000	0.188022
15.808000	0.188022
15.872000	0.188022
15.936000	0.188022
16.000000	0.188022
16.064000	0.188022
16.128000	0.188022
16.192000	0.188022
16.256000	0.188022
16.320000	0.188022
16.384000	0.188022
16.448000	0.188022
16.512000	0.188022
16.576000	0.188022
16.640000	0.188022
16.704000	0.188022
16.768000	0.188022
16.832000	0.188022
16.896000	0.188022
16.960000	0.188022
17.024000	0.188022
17.088000	0.188022
17.152000	0.188022
17.216000	0.188022
17.280000	0.188022
17.344000	0.188022
17.408000	0.188022
17.472000	0.188022
17.536000	0.188022
17.600000	0.188022
17.664000	0.188022
17.728000	0.188022
17.792000	0.188022
17.856000	0.188022
17.920000	0.188022
17.984000	0.188022
18.048000	0.188022
18.112000	0.188022
18.176000	0.188022
18.240000	0.188022
18.304000	0.188022
18.368000	0.188022
18.432000	0.188022
18.496000	0.188022
18.560000	0.188022
18.624000	0.188022
18.688000	0.188022
18.752000	0.188022
18.816000	0.188022
18.880000	0.188022
18.944000	0.188022
19.008000	0.188022
19.072000	0.188022
19.136000	0.188022
19.200000	0.188022
19.264000	0.188022
19.328000	0.188022
19.392000	0.188022
19.456000	0.188022
19.520000	0.188022
19.584000	0.188022
19.648000	0.188022
19.712000	0.188022
19.776000	0.188022
19.840000	0.188022
19.904000	0.188022
19.968000	0.188022
20.032000	0.188022
20.096000	0.210825
20.160000	0.210825
20.224000	0.210825
20.288000	0.210825
20.352000	0.210825
20.416000	0.210825
20.480000	0.210825
20.544000	0.210825
20.608000	0.210825
20.672000	0.210825
20.736000	0.210825
20.800000	0.210825
20.864000	0.210825
20.928000	0.210825
20.992000	0.210825
21.056000	0.210825
21.120000	0.210825
21.184000	0.210825
21.248000	0.210825
21.312000	0.210825
21.376000	0.210825
21.440000	0.210825
21.504000	0.210825
21.568000	0.210825
21.632000	0.210825
21.696000	0.210825
21.760000	0.210825
21.824000	0.210825
21.888000	0.210825
21.952000	0.210825
22.016000	0.210825
22.080000	0.210825
22.144000	0.210825
22.208000	0.210825
22.272000	0.210825
22.336000	0.210825
22.400000	0.210825
22.464000	0.210825
22.528000	0.210825
22.592000	0.210825
22.656000	0.210825
22.720000	0.210825
22.784000	0.210825
22.848000	0.210825
22.912000	0.210825
22.976000	0.210825
23.040000	0.210825
23.104000	0.210825
23.168000	0.210825
23.232000	0.210825
23.296000	0.210825
23.360000	0.210825
23.424000	0.210825
23.488000	0.210825
23.552000	0.210825
23.616000	0.210825
23.680000	0.210825
23.744000	0.210825
23.808000	0.210825
23.872000	0.210825
23.936000	0.210825
24.000000	0.210825
24.064000	0.210825
24.128000	0.198472
24.192000	0.198472
24.256000	0.198472
24.320000	0.198472
24.384000	0.198472
24.448000	0.198472
24.512000	0.198472
24.576000	0.198472
24.640000	0.198472
24.704000	0.198472
24.768000	0.198472
24.832000	0.198472
24.896000	0.198472
24.960000	0.198472
25.024000	0.198472
25.088000	0.198472
25.152000	0.198472
25.216000	0.198472
25.280000	0.198472
25.344000	0.198472
25.408000	0.198472
25.472000	0.198472
25.536000	0.198472
25.600000	0.198472
25.664000	0.198472
25.728000	0.198472
25.792000	0.198472
25.856000	0.198472
25.920000	0.198472
25.984000	0.198472
26.048000	0.198472
26.112000	0.198472
26.176000	0.198472
26.240000	0.198472
26.304000	0.198472
26.368000	0.198472
26.432000	0.198472
26.496000	0.198472
26.560000	0.198472
26.624000	0.198472
26.688000	0.198472
26.752000	0.198472
26.816000	0.198472
26.880000	0.198472
26.944000	0.198472
27.008000	0.198472
27.072000	0.198472
27.136000	0.198472
27.200000	0.198472
27.264000	0.198472
27.328000	0.198472
27.392000	0.198472
27.456000	0.198472
27.520000	0.198472
27.584000	0.198472
27.648000	0.198472
27.712000	0.198472
27.776000	0.198472
27.840000	0.198472
27.904000	0.198472
27.968000	0.198472
28.032000	0.198472
28.096000	0.198472
28.160000	0.198472
28.224000	0.175542
28.288000	0.175542
28.352000	0.175542
28.416000	0.175542
28.480000	0.175542
28.544000	0.175542
28.608000	0.175542
28.672000	0.175542
28.736000	0.175542
28.800000	0.175542
28.864000	0.175542
28.928000	0.175542
28.992000	0.175542
29.056000	0.175542
29.120000	0.175542
29.184000	0.175542
29.248000	0.175542
29.312000	0.175542
29.376000	0.175542
29.440000	0.175542
29.504000	0.175542
29.568000	0.175542
29.632000	0.175542
29.696000	0.175542
29.760000	0.175542
29.824000	0.175542
29.888000	0.175542
29.952000	0.175542
30.016000	0.175542
30.080000	0.175542
30.144000	0.175542
30.208000	0.175542
30.272000	0.175542
30.336000	0.175542
30.400000	0.175542
30.464000	0.175542
30.528000	0.175542
30.592000	0.175542
30.656000	0.175542
30.720000	0.175542
30.784000	0.173976
30.848000	0.103314
30.912000	0.103314
30.976000	0.103314
31.040000	0.103314
31.104000	0.103314
31.168000	0.103314
31.232000	0.103314
31.296000	0.103314
31.360000	0.103314
31.424000	0.103314
31.488000	0.103314
31.552000	0.103314
31.616000	0.103314
31.680000	0.103314
31.744000	0.103314
31.808000	0.103314
31.872000	0.103314
31.936000	0.103314
32.000000	0.103314
32.064000	0.103314
32.128000	0.103314
32.192000	0.103314
32.256000	0.103314
32.320000	0.103314
32.384000	0.103314
32.448000	0.103314
32.512000	0.103314
32.576000	0.103314
32.640000	0.103314
32.704000	0.103314
32.768000	0.103314
32.832000	0.103314
32.896000	0.103314
32.960000	0.103314
33.024000	0.103314
33.088000	0.103314
33.152000	0.103314
33.216000	0.103314
33.280000	0.103314
33.344000	0.103314
33.408000	0.103314
33.472000	0.103314
33.536000	0.103314
33.600000	0.103314
33.664000	0.103314
33.728000	0.103314
33.792000	0.103314
33.856000	0.103314
33.920000	0.103314
33.984000	0.103314
34.048000	0.103314
34.112000	0.103314
34.176000	0.103314
34.240000	0.103314
34.304000	0.103314
34.368000	0.103314
34.432000	0.103314
34.496000	0.103314
34.560000	0.103314
34.624000	0.103314
34.688000	0.103314
34.752000	0.103314
34.816000	0.103314
34.880000	0.103314
34.944000	0.103314
35.008000	0.103314
35.072000	0.103314
35.136000	0.103314
35.200000	0.103314
35.264000	0.103314
35.328000	0.103314
35.392000	0.103314
35.456000	0.103314
35.520000	0.103314
35.584000	0.103314
35.648000	0.103314
35.712000	0.103314
35.776000	0.103314
35.840000	0.103314
35.904000	0.103314
35.968000	0.103314
36.032000	0.103314
36.096000	0.103314
36.160000	0.103314
36.224000	0.103314
36.288000	0.103314
36.352000	0.103314
36.416000	0.103314
36.480000	0.103314
36.544000	0.103314
36.608000	0.103314
36.672000	0.103314
36.736000	0.103314
36.800000	0.103314
36.864000	0.103314
36.928000	0.103314
36.992000	0.103314
37.056000	0.103314
37.120000	0.103314
37.184000	0.103314
37.248000	0.112530
37.312000	0.112530
37.376000	0.112530
37.440000	0.112530
37.504000	0.112530
37.568000	0.112530
37.632000	0.112530
37.696000	0.112530
37.760000	0.112530
37.824000	0.112530
37.888000	0.112530
37.952000	0.112530
38.016000	0.112530
38.080000	0.112530
38.144000	0.112530
38.208000	0.112530
38.272000	0.112530
38.336000	0.112530
38.400000	0.112530
38.464000	0.112530
38.528000	0.112530
38.592000	0.112530
38.656000	0.112530
38.720000	0.112530
38.784000	0.112530
38.848000	0.112530
38.912000	0.112530
38.976000	0.112530
39.040000	0.112530
39.104000	0.112530
39.168000	0.112530
39.232000	0.112530
39.296000	0.112530
39.360000	0.112530
39.424000	0.112530
39.488000	0.112530
39.552000	0.139213
39.616000	0.139213
39.680000	0.139213
39.744000	0.139213
39.808000	0.139213
39.872000	0.139213
39.936000	0.139213
40.000000	0.139213
40.064000	0.139213
40.128000	0.139213
40.192000	0.139213
40.256000	0.139213
40.320000	0.139213
40.384000	0.139213
40.448000	0.139213
40.512000	0.139213
40.576000	0.139213
40.640000	0.139213
40.704000	0.139213
40.768000	0.139213
40.832000	0.139213
40.896000	0.139213
40.960000	0.139213
41.024000	0.139213
41.088000	0.139213
41.152000	0.139213
41.216000	0.139213
41.280000	0.139213
41.344000	0.139213
41.408000	0.139213
41.472000	0.139213
41.536000	0.139213
41.600000	0.139213
41.664000	0.139213
41.728000	0.139213
41.792000	0.139213
41.856000	0.139213
41.920000	0.139213
41.984000	0.139213
42.048000	0.139213
42.112000	0.139213
42.176000	0.139213
42.240000	0.139213
42.304000	0.139213
42.368000	0.139213
42.432000	0.139213
42.496000	0.139213
42.560000	0.139213
42.624000	0.139213
42.688000	0.139213
42.752000	0.139213
42.816000	0.139213
42.880000	0.139213
42.944000	0.139213
43.008000	0.139213
43.072000	0.139213
43.136000	0.139213
43.200000	0.139213
43.264000	0.139213
43.328000	0.139213
43.392000	0.139213
43.456000	0.139213
43.520000	0.139213
43.584000	0.139213
43.648000	0.139213
43.712000	0.139213
43.776000	0.139213
43.840000	0.139213
43.904000	0.139213
43.968000	0.139213
44.032000	0.139213
44.096000	0.139213
44.160000	0.139213
44.224000	0.139454
44.288000	0.139454
44.352000	0.139454
44.416000	0.139454
44.480000	0.139454
44.544000	0.127785
44.608000	0.127785
44.672000	0.127785
44.736000	0.127785
44.800000	0.127785
44.864000	0.127785
44.928000	0.127785
44.992000	0.127785
45.056000	0.127785
45.120000	0.127785
45.184000	0.127785
45.248000	0.127785
45.312000	0.127785
45.376000	0.127785
45.440000	0.127785
45.504000	0.127785
45.568000	0.127785
45.632000	0.127785
45.696000	0.127785
45.760000	0.127785
45.824000	0.127785
45.888000	0.127785
45.952000	0.127785
46.016000	0.127785
46.080000	0.127785
46.144000	0.127785
46.208000	0.127785
46.272000	0.127785
46.336000	0.127785
46.400000	0.127785
46.464000	0.127785
46.528000	0.127785
46.592000	0.127785
46.656000	0.127785
46.720000	0.127785
46.784000	0.127785
46.848000	0.127785
46.912000	0.127785
46.976000	0.127785
47.040000	0.127785
47.104000	0.127785
47.168000	0.127785
47.232000	0.127785
47.296000	0.127785
47.360000	0.127785
47.424000	0.127785
47.488000	0.127785
47.552000	0.127785
47.616000	0.127785
47.680000	0.127785
47.744000	0.127785
47.808000	0.127785
47.872000	0.127785
47.936000	0.127785
48.000000	0.127785
48.064000	0.127785
48.128000	0.127785
48.192000	0.127785
48.256000	0.127785
48.320000	0.127785
48.384000	0.127785
48.448000	0.127785
48.512000	0.127785
48.576000	0.127785
48.640000	0.127785
48.704000	0.127785
48.768000	0.127785
48.832000	0.127785
48.896000	0.127785
48.960000	0.127785
49.024000	0.127785
49.088000	0.127785
49.152000	0.127785
49.216000	0.127785
49.280000	0.127785
49.344000	0.127785
49.408000	0.127785
49.472000	0.127785
49.536000	0.127785
49.600000	0.127785
49.664000	0.127785
49.728000	0.127785
49.792000	0.127785
49.856000	0.127785
49.920000	0.127785
49.984000	0.127785
50.048000	0.127785
50.112000	0.127785
50.176000	0.127785
50.240000	0.127785
50.304000	0.127785
50.368000	0.127785
50.432000	0.127785
50.496000	0.127785
50.560000	0.127785
50.624000	0.127785
50.688000	0.127785
50.752000	0.127785
50.816000	0.127785
50.880000	0.127785
50.944000	0.141950
51.008000	0.141950
51.072000	0.141950
51.136000	0.141950
51.200000	0.141950
51.264000	0.141950
51.328000	0.141950
51.392000	0.141950
51.456000	0.141950
51.520000	0.141950
51.584000	0.141950
51.648000	0.141950
51.712000	0.141950
51.776000	0.141950
51.840000	0.141950
51.904000	0.141950
51.968000	0.141950
52.032000	0.141950
52.096000	0.141950
52.160000	0.141950
52.224000	0.141950
52.288000	0.141950
52.352000	0.141950
52.416000	0.141950
52.480000	0.141950
52.544000	0.141950
52.608000	0.141950
52.672000	0.141950
52.736000	0.141950
52.800000	0.141950
52.864000	0.141950
52.928000	0.141950
52.992000	0.141950
53.056000	0.141950
53.120000	0.141950
53.184000	0.141950
53.248000	0.141950
53.312000	0.141950
53.376000	0.141950
53.440000	0.141950
53.504000	0.141950
53.568000	0.141950
53.632000	0.141950
53.696000	0.141950
53.760000	0.141950
53.824000	0.141950
53.888000	0.141950
53.952000	0.141950
54.016000	0.141950
54.080000	0.141950
54.144000	0.141950
54.208000	0.141950
54.272000	0.141950
54.336000	0.141950
54.400000	0.141950
54.464000	0.141950
54.528000	0.141950
54.592000	0.141950
54.656000	0.141950
54.720000	0.141950
54.784000	0.141950
54.848000	0.141950
54.912000	0.141950
54.976000	0.141950
55.040000	0.141950
55.104000	0.141950
55.168000	0.141950
55.232000	0.141950
55.296000	0.141950
55.360000	0.141950
55.424000	0.141950
55.488000	0.141950
55.552000	0.141950
55.616000	0.141950
55.680000	0.141950
55.744000	0.141950
55.808000	0.141950
55.872000	0.141950
55.936000	0.141950
56.000000	0.141950
56.064000	0.141950
56.128000	0.141950
56.192000	0.141950
56.256000	0.141950
56.320000	0.141950
56.384000	0.141950
56.448000	0.141950
56.512000	0.141950
56.576000	0.141950
56.640000	0.221749
56.704000	0.221749
56.768000	0.221749
56.832000	0.221749
56.896000	0.221749
56.960000	0.221749
57.024000	0.221749
57.088000	0.221749
57.152000	0.221749
57.216000	0.221749
57.280000	0.221749
57.344000	0.221749
57.408000	0.221749
57.472000	0.221749
57.536000	0.221749
57.600000	0.221749
57.664000	0.221749
57.728000	0.221749
57.792000	0.221749
57.856000	0.221749
57.920000	0.221749
57.984000	0.221749
58.048000	0.221749
58.112000	0.221749
58.176000	0.221749
58.240000	0.221749
58.304000	0.221749
58.368000	0.221749
58.432000	0.221749
58.496000	0.221749
58.560000	0.221749
58.624000	0.221749
58.688000	0.221749
58.752000	0.221749
58.816000	0.221749
58.880000	0.221749
58.944000	0.221749
59.008000	0.221749
59.072000	0.290503
59.136000	0.290503
59.200000	0.346747
59.264000	0.346747
59.328000	0.346747
59.392000	0.346747
59.456000	0.346747
59.520000	0.285772
59.584000	0.285772
59.648000	0.285772
59.712000	0.285772
59.776000	0.285772
59.840000	0.285772
59.904000	0.285772
59.968000	0.285772
60.032000	0.285772
60.096000	0.217253
60.160000	0.217253
60.224000	0.217253
60.288000	0.217253
60.352000	0.217253
60.416000	0.217253
60.480000	0.217253
60.544000	0.217253
60.608000	0.217253
60.672000	0.217253
60.736000	0.217253
60.800000	0.217253
60.864000	0.217253
60.928000	0.217253
60.992000	0.217253
61.056000	0.217253
61.120000	0.217253
61.184000	0.217253
61.248000	0.217253
61.312000	0.217253
61.376000	0.217253
61.440000	0.217253
61.504000	0.217253
61.568000	0.145403
61.632000	0.145403
61.696000	0.145403
61.760000	0.145403
61.824000	0.145403
61.888000	0.145403
61.952000	0.145403
62.016000	0.145403
62.080000	0.145403
62.144000	0.145403
62.208000	0.145403
62.272000	0.145403
62.336000	0.145403
62.400000	0.145403
62.464000	0.145403
62.528000	0.145403
62.592000	0.145403
62.656000	0.145403
62.720000	0.145403
62.784000	0.145403
62.848000	0.145403
62.912000	0.145403
62.976000	0.145403
63.040000	0.145403
63.104000	0.145403
63.168000	0.145403
63.232000	0.145403
63.296000	0.145403
63.360000	0.145403
63.424000	0.145403
63.488000	0.145403
63.552000	0.145403
63.616000	0.145403
63.680000	0.145403
63.744000	0.145403
63.808000	0.145403
63.872000	0.145403
63.936000	0.145403
64.000000	0.145403
64.064000	0.145403
64.128000	0.145403
64.192000	0.145403
64.256000	0.145403
64.320000	0.145403
64.384000	0.145403
64.448000	0.145403
64.512000	0.145403
64.576000	0.145403
64.640000	0.145403
64.704000	0.145403
64.768000	0.145403
64.832000	0.145403
64.896000	0.145403
64.960000	0.145403
65.024000	0.145403
65.088000	0.145403
65.152000	0.145403
65.216000	0.145403
65.280000	0.145403
65.344000	0.145403
65.408000	0.145403
65.472000	0.145403
65.536000	0.145403
65.600000	0.145403
65.664000	0.145403
65.728000	0.145403
65.792000	0.145403
65.856000	0.145403
65.920000	0.145403
65.984000	0.145403
66.048000	0.145403
66.112000	0.145403
66.176000	0.145403
66.240000	0.145403
66.304000	0.145403
66.368000	0.145403
66.432000	0.145403
66.496000	0.145403
66.560000	0.145403
66.624000	0.145403
66.688000	0.145403
66.752000	0.145403
66.816000	0.145403
66.880000	0.145403
66.944000	0.145403
67.008000	0.145403
67.072000	0.145403
67.136000	0.145403
67.200000	0.145403
67.264000	0.145403
67.328000	0.145403
67.392000	0.145403
67.456000	0.145403
67.520000	0.145403
67.584000	0.145403
67.648000	0.145403
67.712000	0.145403
67.776000	0.145403
67.840000	0.145403
67.904000	0.145403
67.968000	0.165971
68.032000	0.165971
68.096000	0.165971
68.160000	0.165971
68.224000	0.165971
68.288000	0.165971
68.352000	0.165971
68.416000	0.165971
68.480000	0.165971
68.544000	0.165971
68.608000	0.165971
68.672000	0.165971
68.736000	0.165971
68.800000	0.165971
68.864000	0.165971
68.928000	0.165971
68.992000	0.165971
69.056000	0.165971
69.120000	0.165971
69.184000	0.165971
69.248000	0.165971
69.312000	0.165971
69.376000	0.165971
69.440000	0.165971
69.504000	0.165971
69.568000	0.165971
69.632000	0.165971
69.696000	0.165971
69.760000	0.165971
69.824000	0.165971
69.888000	0.165971
69.952000	0.165971
70.016000	0.165971
70.080000	0.165971
70.144000	0.165971
70.208000	0.165971
70.272000	0.165971
70.336000	0.165971
70.400000	0.165971
70.464000	0.165971
70.528000	0.165971
70.592000	0.165971
70.656000	0.165971
70.720000	0.165971
70.784000	0.165971
70.848000	0.165971
70.912000	0.165971
70.976000	0.165971
71.040000	0.165971
71.104000	0.165971
71.168000	0.165971
71.232000	0.165971
71.296000	0.165971
71.360000	0.165971
71.424000	0.165971
71.488000	0.165971
71.552000	0.165971
71.616000	0.165971
71.680000	0.165971
71.744000	0.165971
71.808000	0.165971
71.872000	0.165971
71.936000	0.165971
72.000000	0.165971
72.064000	0.165971
72.128000	0.165971
72.192000	0.165971
72.256000	0.165971
72.320000	0.165971
72.384000	0.165971
72.448000	0.165971
72.512000	0.224485
72.576000	0.224485
72.640000	0.224485
72.704000	0.224485
72.768000	0.224485
72.832000	0.224485
72.896000	0.224485
72.960000	0.224485
73.024000	0.224485
73.088000	0.224485
73.152000	0.224485
73.216000	0.224485
73.280000	0.224485
73.344000	0.224485
73.408000	0.224485
73.472000	0.224485
73.536000	0.224485
73.600000	0.224485
73.664000	0.224485
73.728000	0.224485
73.792000	0.224485
73.856000	0.224485
73.920000	0.224485
73.984000	0.224485
74.048000	0.224485
74.112000	0.224485
74.176000	0.224485
74.240000	0.224485
74.304000	0.224485
74.368000	0.224485
74.432000	0.224485
74.496000	0.224485
74.560000	0.224485
74.624000	0.224485
74.688000	0.224485
74.752000	0.224485
74.816000	0.224485
74.880000	0.224485
74.944000	0.224485
75.008000	0.224485
75.072000	0.224485
75.136000	0.224485
75.200000	0.224485
75.264000	0.224485
75.328000	0.224485
75.392000	0.224485
75.456000	0.224485
75.520000	0.224485
75.584000	0.224485
75.648000	0.224485
75.712000	0.224485
75.776000	0.224485
75.840000	0.224485
75.904000	0.224485
75.968000	0.224485
76.032000	0.224485
76.096000	0.224485
76.160000	0.224485
76.224000	0.224485
76.288000	0.224485
76.352000	0.224485
76.416000	0.224485
76.480000	0.224485
76.544000	0.224485
76.608000	0.224485
76.672000	0.224485
76.736000	0.224485
76.800000	0.224485
76.864000	0.224485
76.928000	0.224485
76.992000	0.224485
77.056000	0.224485
77.120000	0.224485
77.184000	0.224485
77.248000	0.224485
77.312000	0.224485
77.376000	0.224485
77.440000	0.224485
77.504000	0.224485
77.568000	0.224485
77.632000	0.224485
77.696000	0.224485
77.760000	0.224485
77.824000	0.224485
77.888000	0.224485
77.952000	0.224485
78.016000	0.224485
78.080000	0.224485
78.144000	0.240079
78.208000	0.240079
78.272000	0.240079
78.336000	0.240079
78.400000	0.240079
78.464000	0.240079
78.528000	0.240079
78.592000	0.240079
78.656000	0.240079
78.720000	0.240079
78.784000	0.240079
78.848000	0.240079
78.912000	0.240079
78.976000	0.240079
79.040000	0.209754
79.104000	0.209754
79.168000	0.209754
79.232000	0.209754
79.296000	0.209754
79.360000	0.209754
79.424000	0.209754
79.488000	0.209754
79.552000	0.209754
79.616000	0.163448
79.680000	0.163448
79.744000	0.163448
79.808000	0.163448
79.872000	0.163448
79.936000	0.163448
80.000000	0.163448
80.064000	0.163448
80.128000	0.163448
80.192000	0.163448
80.256000	0.163448
80.320000	0.163448
80.384000	0.163448
80.448000	0.163448
80.512000	0.163448
80.576000	0.163448
80.640000	0.163448
80.704000	0.163448
80.768000	0.163448
80.832000	0.163448
80.896000	0.163448
80.960000	0.163448
81.024000	0.163448
81.088000	0.163448
81.152000	0.163448
81.216000	0.163448
81.280000	0.163448
81.344000	0.163448
81.408000	0.163448
81.472000	0.163448
81.536000	0.163448
81.600000	0.163448
81.664000	0.163448
81.728000	0.163448
81.792000	0.163448
81.856000	0.163448
81.920000	0.163448
81.984000	0.163448
82.048000	0.163448
82.112000	0.163448
82.176000	0.163448
82.240000	0.163448
82.304000	0.163448
82.368000	0.163448
82.432000	0.163448
82.496000	0.163448
82.560000	0.163448
82.624000	0.163448
82.688000	0.163448
82.752000	0.163448
82.816000	0.163448
82.880000	0.163448
82.944000	0.163448
83.008000	0.163448
83.072000	0.163448
83.136000	0.163448
83.200000	0.163448
83.264000	0.163448
83.328000	0.163448
83.392000	0.163448
83.456000	0.163448
83.520000	0.163448
83.584000	0.163448
83.648000	0.163448
83.712000	0.163448
83.776000	0.163448
83.840000	0.163448
83.904000	0.163448
83.968000	0.163448
84.032000	0.163448
84.096000	0.163448
84.160000	0.163448
84.224000	0.163448
84.288000	0.163448
84.352000	0.163448
84.416000	0.163448
84.480000	0.163448
84.544000	0.163448
84.608000	0.163448
84.672000	0.163448
84.736000	0.163448
84.800000	0.163448
84.864000	0.163448
84.928000	0.163448
84.992000	0.163448
85.056000	0.163448
85.120000	0.163448
85.184000	0.163448
85.248000	0.163448
85.312000	0.163448
85.376000	0.163448
85.440000	0.163448
85.504000	0.163448
85.568000	0.163448
85.632000	0.163448
85.696000	0.163448
85.760000	0.163448
85.824000	0.163448
85.888000	0.163448
85.952000	0.163448
86.016000	0.254169
86.080000	0.254169
86.144000	0.254169
86.208000	0.254169
86.272000	0.254169
86.336000	0.254169
86.400000	0.254169
86.464000	0.254169
86.528000	0.254169
86.592000	0.254169
86.656000	0.260915
86.720000	0.260915
86.784000	0.179476
86.848000	0.179476
86.912000	0.179476
86.976000	0.179476
87.040000	0.179476
87.104000	0.179476
87.168000	0.179476
87.232000	0.179476
87.296000	0.179476
87.360000	0.179476
87.424000	0.179476
87.488000	0.179476
87.552000	0.179476
87.616000	0.179476
87.680000	0.179476
87.744000	0.179476
87.808000	0.179476
87.872000	0.179476
87.936000	0.179476
88.000000	0.179476
88.064000	0.179476
88.128000	0.179476
88.192000	0.179476
88.256000	0.179476
88.320000	0.179476
88.384000	0.179476
88.448000	0.179476
88.512000	0.179476
88.576000	0.179476
88.640000	0.179476
88.704000	0.179476
88.768000	0.179476
88.832000	0.179476
88.896000	0.179476
88.960000	0.179476
89.024000	0.179476
89.088000	0.179476
89.152000	0.179476
89.216000	0.179476
89.280000	0.179476
89.344000	0.179476
89.408000	0.179476
89.472000	0.179476
89.536000	0.179476
89.600000	0.179476
89.664000	0.179476
89.728000	0.179476
89.792000	0.179476
89.856000	0.179476
89.920000	0.179476
89.984000	0.179476
90.048000	0.179476
90.112000	0.179476
90.176000	0.179476
90.240000	0.179476
90.304000	0.179476
90.368000	0.179476
90.432000	0.179476
90.496000	0.179476
90.560000	0.179476
90.624000	0.179476
90.688000	0.152008
90.752000	0.152008
90.816000	0.152008
90.880000	0.152008
90.944000	0.152008
91.008000	0.152008
91.072000	0.152008
91.136000	0.152008
91.200000	0.152008
91.264000	0.152008
91.328000	0.152008
91.392000	0.152008
91.456000	0.152008
91.520000	0.152008
91.584000	0.152008
91.648000	0.152008
91.712000	0.152008
91.776000	0.152008
91.840000	0.152008
91.904000	0.152008
91.968000	0.152008
92.032000	0.152008
92.096000	0.152008
92.160000	0.152008
92.224000	0.152008
92.288000	0.152008
92.352000	0.152008
92.416000	0.152008
92.480000	0.152008
92.544000	0.152008
92.608000	0.152008
92.672000	0.152008
92.736000	0.152008
92.800000	0.152008
92.864000	0.152008
92.928000	0.152008
92.992000	0.152008
93.056000	0.152008
93.120000	0.152008
93.184000	0.152008
93.248000	0.152008
93.312000	0.152008
93.376000	0.152008
93.440000	0.152008
93.504000	0.152008
93.568000	0.152008
93.632000	0.152008
93.696000	0.152008
93.760000	0.152008
93.824000	0.152008
93.888000	0.152008
93.952000	0.152008
94.016000	0.152008
94.080000	0.152008
94.144000	0.152008
94.208000	0.152008
94.272000	0.152008
94.336000	0.152008
94.400000	0.152008
94.464000	0.152008
94.528000	0.152008
94.592000	0.152008
94.656000	0.152008
94.720000	0.152008
94.784000	0.152008
94.848000	0.152008
94.912000	0.152008
94.976000	0.152008
95.040000	0.152008
95.104000	0.152008
95.168000	0.152008
95.232000	0.152008
95.296000	0.152008
95.360000	0.152008
95.424000	0.152008
95.488000	0.152008
95.552000	0.152008
95.616000	0.152008
95.680000	0.152008
95.744000	0.152008
95.808000	0.152008
95.872000	0.152008
95.936000	0.152008
96.000000	0.152008
96.064000	0.152008
96.128000	0.152008
96.192000	0.152008
96.256000	0.152008
96.320000	0.152008
96.384000	0.152008
96.448000	0.152008
96.512000	0.152008
96.576000	0.152008
96.640000	0.152008
96.704000	0.152008
96.768000	0.152008
96.832000	0.152008
96.896000	0.152008
96.960000	0.152008
97.024000	0.152008
97.088000	0.196995
97.152000	0.240910
97.216000	0.240910
97.280000	0.240910
97.344000	0.240910
97.408000	0.240910
97.472000	0.240910
97.536000	0.240910
97.600000	0.240910
97.664000	0.240910
97.728000	0.240910
97.792000	0.240910
97.856000	0.240910
97.920000	0.240910
97.984000	0.240910
98.048000	0.240910
98.112000	0.254743
98.176000	0.254743
98.240000	0.254743
98.304000	0.254743
98.368000	0.254743
98.432000	0.254743
98.496000	0.254743
98.560000	0.254743
98.624000	0.254743
98.688000	0.254743
98.752000	0.254743
98.816000	0.254743
98.880000	0.254743
98.944000	0.254743
99.008000	0.254743
99.072000	0.254743
99.136000	0.254743
99.200000	0.254743
99.264000	0.254743
99.328000	0.289352
99.392000	0.289352
99.456000	0.289352
99.520000	0.289352
99.584000	0.289352
99.648000	0.289352
99.712000	0.289352
99.776000	0.289352
99.840000	0.289352
99.904000	0.289352
99.968000	0.289352
100.032000	0.289352
100.096000	0.289352
100.160000	0.289352
100.224000	0.289352
100.288000	0.289352
100.352000	0.289352
100.416000	0.289352
100.480000	0.289352
100.544000	0.289352
100.608000	0.289352
100.672000	0.289352
100.736000	0.289352
100.800000	0.289352
100.864000	0.289352
100.928000	0.289352
100.992000	0.289352
101.056000	0.501679
101.120000	0.501679
101.184000	0.501679
101.248000	0.501679
101.312000	0.501679
101.376000	0.501679
101.440000	0.501679
101.504000	0.501679
101.568000	0.501679
101.632000	0.501679
101.696000	0.501679
101.760000	0.501679
101.824000	0.501679
101.888000	0.501679
101.952000	0.501679
102.016000	0.501679
102.080000	0.501679
102.144000	0.501679
102.208000	0.501679
102.272000	0.501679
102.336000	0.501679
102.400000	0.501679
102.464000	0.501679
102.528000	0.501679
102.592000	0.501679
102.656000	0.501679
102.720000	0.501679
102.784000	0.501679
102.848000	0.501679
102.912000	0.501679
102.976000	0.446136
103.040000	0.343162
103.104000	0.343162
103.168000	0.343162
103.232000	0.343162
103.296000	0.343162
103.360000	0.343162
103.424000	0.343162
103.488000	0.343162
103.552000	0.343162
103.616000	0.343162
103.680000	0.343162
103.744000	0.343162
103.808000	0.343162
103.872000	0.343162
103.936000	0.343162
104.000000	0.343162
104.064000	0.343162
104.128000	0.343162
104.192000	0.343162
104.256000	0.343162
104.320000	0.343162
104.384000	0.343162
104.448000	0.343162
104.512000	0.343162
104.576000	0.343162
104.640000	0.343162
104.704000	0.343162
104.768000	0.343162
104.832000	0.343162
104.896000	0.343162
104.960000	0.343162
105.024000	0.343162
105.088000	0.343162
105.152000	0.343162
105.216000	0.343162
105.280000	0.343162
105.344000	0.343162
105.408000	0.343162
105.472000	0.343162
105.536000	0.343162
105.600000	0.343162
105.664000	0.343162
105.728000	0.343162
105.792000	0.343162
105.856000	0.343162
105.920000	0.343162
105.984000	0.343162
106.048000	0.343162
106.112000	0.343162
106.176000	0.343162
106.240000	0.343162
106.304000	0.343162
106.368000	0.343162
106.432000	0.343162
106.496000	0.343162
106.560000	0.343162
106.624000	0.343162
106.688000	0.343162
106.752000	0.343162
106.816000	0.343162
106.880000	0.343162
106.944000	0.343162
107.008000	0.343162
107.072000	0.343162
107.136000	0.343162
107.200000	0.343162
107.264000	0.343162
107.328000	0.343162
107.392000	0.309871
107.456000	0.203085
107.520000	0.203085
107.584000	0.203085
107.648000	0.203085
107.712000	0.203085
107.776000	0.203085
107.840000	0.203085
107.904000	0.203085
107.968000	0.203085
108.032000	0.203085
108.096000	0.203085
108.160000	0.203085
108.224000	0.203085
108.288000	0.203085
108.352000	0.203085
108.416000	0.203085
108.480000	0.203085
108.544000	0.203085
108.608000	0.203085
108.672000	0.203085
108.736000	0.203085
108.800000	0.203085
108.864000	0.203085
108.928000	0.203085
108.992000	0.203085
109.056000	0.203085
109.120000	0.203085
109.184000	0.203085
109.248000	0.203085
109.312000	0.203085
109.376000	0.203085
109.440000	0.203085
109.504000	0.203085
109.568000	0.203085
109.632000	0.203085
109.696000	0.203085
109.760000	0.203085
109.824000	0.203085
109.888000	0.203085
109.952000	0.203085
110.016000	0.203085
110.080000	0.203085
110.144000	0.203085
110.208000	0.203085
110.272000	0.203085
110.336000	0.203085
110.400000	0.203085
110.464000	0.203085
110.528000	0.203085
110.592000	0.195449
110.656000	0.195449
110.720000	0.195449
110.784000	0.195449
110.848000	0.195449
110.912000	0.195449
110.976000	0.195449
111.040000	0.195449
111.104000	0.195449
111.168000	0.195449
111.232000	0.195449
111.296000	0.195449
111.360000	0.195449
111.424000	0.195449
111.488000	0.195449
111.552000	0.195449
111.616000	0.195449
111.680000	0.195449
111.744000	0.195449
111.808000	0.195449
111.872000	0.195449
111.936000	0.195449
112.000000	0.195449
112.064000	0.195449
112.128000	0.195449
112.192000	0.195449
112.256000	0.195449
112.320000	0.188879
112.384000	0.188879
112.448000	0.188879
112.512000	0.188879
112.576000	0.188879
112.640000	0.188879
112.704000	0.188879
112.768000	0.188879
112.832000	0.188879
112.896000	0.188879
112.960000	0.188879
113.024000	0.188879
113.088000	0.188879
113.152000	0.188879
113.216000	0.188879
113.280000	0.188879
113.344000	0.188879
113.408000	0.188879
113.472000	0.188879
113.536000	0.188879
113.600000	0.188879
113.664000	0.143508
113.728000	0.143508
113.792000	0.143508
113.856000	0.143508
113.920000	0.143508
113.984000	0.143508
114.048000	0.143508
114.112000	0.143508
114.176000	0.143508
114.240000	0.143508
114.304000	0.143508
114.368000	0.143508
114.432000	0.143508
114.496000	0.143508
114.560000	0.143508
114.624000	0.143508
114.688000	0.143508
114.752000	0.143508
114.816000	0.143508
114.880000	0.143508
114.944000	0.143508
115.008000	0.143508
115.072000	0.143508
115.136000	0.143508
115.200000	0.143508
115.264000	0.143508
115.328000	0.143508
115.392000	0.143508
115.456000	0.143508
115.520000	0.143508
115.584000	0.143508
115.648000	0.143508
115.712000	0.143508
115.776000	0.143508
115.840000	0.143508
115.904000	0.143508
115.968000	0.143508
116.032000	0.143508
116.096000	0.143508
116.160000	0.143508
116.224000	0.143508
116.288000	0.143508
116.352000	0.143508
116.416000	0.143508
116.480000	0.143508
116.544000	0.143508
116.608000	0.143508
116.672000	0.143508
116.736000	0.143508
116.800000	0.143508
116.864000	0.143508
116.928000	0.143508
116.992000	0.143508
117.056000	0.143508
117.120000	0.143508
117.184000	0.143508
117.248000	0.143508
117.312000	0.143508
117.376000	0.143508
117.440000	0.143508
117.504000	0.143508
117.568000	0.143508
117.632000	0.143508
117.696000	0.143508
117.760000	0.143508
117.824000	0.143508
117.888000	0.143508
117.952000	0.143508
118.016000	0.143508
118.080000	0.143508
118.144000	0.143508
118.208000	0.143508
118.272000	0.143508
118.336000	0.143508
118.400000	0.143508
118.464000	0.143508
118.528000	0.143508
118.592000	0.143508
118.656000	0.143508
118.720000	0.143508
118.784000	0.143508
118.848000	0.143508
118.912000	0.143508
118.976000	0.143508
119.040000	0.143508
119.104000	0.143508
119.168000	0.143508
119.232000	0.143508
119.296000	0.143508
119.360000	0.143508
119.424000	0.143508
119.488000	0.143508
119.552000	0.143508
119.616000	0.143508
119.680000	0.143508
119.744000	0.143508
119.808000	0.143508
119.872000	0.143508
119.936000	0.143508
120.000000	0.143508
120.064000	0.229824
120.128000	0.319254
120.192000	0.319254
120.256000	0.319254
120.320000	0.319254
120.384000	0.319254
120.448000	0.319254
120.512000	0.319254
120.576000	0.319254
120.640000	0.319254
120.704000	0.319254
120.768000	0.319254
120.832000	0.319254
120.896000	0.319254
120.960000	0.319254
121.024000	0.319254
121.088000	0.319254
121.152000	0.319254
121.216000	0.319254
121.280000	0.319254
121.344000	0.319254
121.408000	0.319254
121.472000	0.319254
121.536000	0.319254
121.600000	0.319254
121.664000	0.319254
121.728000	0.319254
121.792000	0.319254
121.856000	0.319254
121.920000	0.319254
121.984000	0.214688
122.048000	0.214688
122.112000	0.214688
122.176000	0.214688
122.240000	0.214688
122.304000	0.214688
122.368000	0.214688
122.432000	0.214688
122.496000	0.214688
122.560000	0.214688
122.624000	0.214688
122.688000	0.214688
122.752000	0.214688
122.816000	0.214688
122.880000	0.214688
122.944000	0.214688
123.008000	0.214688
123.072000	0.214688
123.136000	0.214688
123.200000	0.214688
123.264000	0.214688
123.328000	0.214688
123.392000	0.214688
123.456000	0.214688
123.520000	0.214688
123.584000	0.214688
123.648000	0.214688
123.712000	0.214688
123.776000	0.214688
123.840000	0.214688
123.904000	0.214688
123.968000	0.214688
124.032000	0.214688
124.096000	0.214688
124.160000	0.214688
124.224000	0.214688
124.288000	0.214688
124.352000	0.214688
124.416000	0.214688
124.480000	0.214688
124.544000	0.214688
124.608000	0.214688
124.672000	0.214688
124.736000	0.214688
124.800000	0.214688
124.864000	0.214688
124.928000	0.214688
124.992000	0.214688
125.056000	0.214688
125.120000	0.214688
125.184000	0.214688
125.248000	0.214688
125.312000	0.214688
125.376000	0.214688
125.440000	0.214688
125.504000	0.214688
125.568000	0.214688
125.632000	0.214688
125.696000	0.214688
125.760000	0.214688
125.824000	0.214688
125.888000	0.214688
125.952000	0.214688
126.016000	0.214688
126.080000	0.214688
126.144000	0.214688
126.208000	0.214688
126.272000	0.214688
126.336000	0.214688
126.400000	0.214688
126.464000	0.214688
126.528000	0.214688
126.592000	0.214688
126.656000	0.214688
126.720000	0.214688
126.784000	0.214688
126.848000	0.214688
126.912000	0.214688
126.976000	0.214688
127.040000	0.214688
127.104000	0.214688
127.168000	0.214688
127.232000	0.214688
127.296000	0.214688
127.360000	0.214688
127.424000	0.214688
127.488000	0.214688
127.552000	0.214688
127.616000	0.214688
127.680000	0.214688
127.744000	0.214688
127.808000	0.214688
127.872000	0.214688
127.936000	0.214688
128.000000	0.214688
128.064000	0.214688
128.128000	0.214688
128.192000	0.214688
128.256000	0.214688
128.320000	0.214688
128.384000	0.246334
128.448000	0.246334
128.512000	0.246334
128.576000	0.246334
128.640000	0.246334
128.704000	0.246334
128.768000	0.246334
128.832000	0.246334
128.896000	0.246334
128.960000	0.246334
129.024000	0.246334
129.088000	0.246334
129.152000	0.379190
129.216000	0.379190
129.280000	0.379190
129.344000	0.240307
129.408000	0.240307
129.472000	0.240307
129.536000	0.240307
129.600000	0.240307
129.664000	0.240307
129.728000	0.240307
129.792000	0.240307
129.856000	0.240307
129.920000	0.240307
129.984000	0.240307
130.048000	0.240307
130.112000	0.240307
130.176000	0.240307
130.240000	0.240307
130.304000	0.240307
130.368000	0.240307
130.432000	0.240307
130.496000	0.240307
130.560000	0.240307
130.624000	0.240307
130.688000	0.240307
130.752000	0.240307
130.816000	0.240307
130.880000	0.240307
130.944000	0.240307
131.008000	0.240307
131.072000	0.240307
131.136000	0.240307
131.200000	0.240307
131.264000	0.240307
131.328000	0.240307
131.392000	0.240307
131.456000	0.240307
131.520000	0.240307
131.584000	0.240307
131.648000	0.240307
131.712000	0.240307
131.776000	0.240307
131.840000	0.240307
131.904000	0.240307
131.968000	0.240307
132.032000	0.240307
132.096000	0.240307
132.160000	0.240307
132.224000	0.240307
132.288000	0.240307
132.352000	0.240307
132.416000	0.240307
132.480000	0.240307
132.544000	0.240307
132.608000	0.240307
132.672000	0.240307
132.736000	0.240307
132.800000	0.240307
132.864000	0.240307
132.928000	0.240307
132.992000	0.240307
133.056000	0.240307
133.120000	0.240307
133.184000	0.240307
133.248000	0.240307
133.312000	0.240307
133.376000	0.240307
133.440000	0.240307
133.504000	0.240307
133.568000	0.240307
133.632000	0.240307
133.696000	0.240307
133.760000	0.240307
133.824000	0.240307
133.888000	0.240307
133.952000	0.240307
134.016000	0.240307
134.080000	0.240307
134.144000	0.240307
134.208000	0.240307
134.272000	0.240307
134.336000	0.240307
134.400000	0.240307
134.464000	0.240307
134.528000	0.240307
134.592000	0.240307
134.656000	0.240307
134.720000	0.240307
134.784000	0.240307
134.848000	0.240307
134.912000	0.240307
134.976000	0.240307
135.040000	0.240307
135.104000	0.240307
135.168000	0.240307
135.232000	0.240307
135.296000	0.240307
135.360000	0.240307
135.424000	0.240307
135.488000	0.240307
135.552000	0.240307
135.616000	0.240307
135.680000	0.240307
135.744000	0.336991
135.808000	0.336991
135.872000	0.336991
135.936000	0.336991
136.000000	0.336991
136.064000	0.336991
136.128000	0.336991
136.192000	0.336991
136.256000	0.341214
136.320000	0.341214
136.384000	0.341214
136.448000	0.341214
136.512000	0.341214
136.576000	0.341214
136.640000	0.341214
136.704000	0.341214
136.768000	0.341214
136.832000	0.341214
136.896000	0.341214
136.960000	0.341214
137.024000	0.341214
137.088000	0.341214
137.152000	0.341214
137.216000	0.341214
137.280000	0.341214
137.344000	0.341214
137.408000	0.341214
137.472000	0.341214
137.536000	0.341214
137.600000	0.341214
137.664000	0.341214
137.728000	0.341214
137.792000	0.341214
137.856000	0.341214
137.920000	0.341214
137.984000	0.341214
138.048000	0.341214
138.112000	0.341214
138.176000	0.341214
138.240000	0.341214
138.304000	0.341214
138.368000	0.341214
138.432000	0.341214
138.496000	0.341214
138.560000	0.341214
138.624000	0.341214
138.688000	0.341214
138.752000	0.341214
138.816000	0.341214
138.880000	0.341214
138.944000	0.341214
139.008000	0.341214
139.072000	0.341214
139.136000	0.341214
139.200000	0.341214
139.264000	0.341214
139.328000	0.341214
139.392000	0.341214
139.456000	0.341214
139.520000	0.341214
139.584000	0.341214
139.648000	0.341214
139.712000	0.341214
139.776000	0.341214
139.840000	0.341214
139.904000	0.341214
139.968000	0.341214
140.032000	0.341214
140.096000	0.341214
140.160000	0.341214
140.224000	0.341214
140.288000	0.341214
140.352000	0.341214
140.416000	0.341214
140.480000	0.341214
140.544000	0.341214
140.608000	0.341214
140.672000	0.341214
140.736000	0.341214
140.800000	0.341214
140.864000	0.341214
140.928000	0.341214
140.992000	0.341214
141.056000	0.341214
141.120000	0.341214
141.184000	0.341214
141.248000	0.341214
141.312000	0.341214
141.376000	0.341214
141.440000	0.341214
141.504000	0.341214
141.568000	0.376882
141.632000	0.376882
141.696000	0.376882
141.760000	0.376882
141.824000	0.376882
141.888000	0.376882
141.952000	0.376882
142.016000	0.376882
142.080000	0.376882
142.144000	0.376882
142.208000	0.376882
142.272000	0.376882
142.336000	0.376882
142.400000	0.376882
142.464000	0.376882
142.528000	0.376882
142.592000	0.376882
142.656000	0.376882
142.720000	0.376882
142.784000	0.376882
142.848000	0.376882
142.912000	0.376882
142.976000	0.376882
143.040000	0.376882
143.104000	0.376882
143.168000	0.376882
143.232000	0.376882
143.296000	0.376882
143.360000	0.376882
143.424000	0.376882
143.488000	0.376882
143.552000	0.376882
143.616000	0.376882
143.680000	0.376882
143.744000	0.376882
143.808000	0.376882
143.872000	0.376882
143.936000	0.376882
144.000000	0.376882
144.064000	0.376882
144.128000	0.376882
144.192000	0.376882
144.256000	0.376882
144.320000	0.376882
144.384000	0.376882
144.448000	0.376882
144.512000	0.376882
144.576000	0.376882
144.640000	0.376882
144.704000	0.376882
144.768000	0.376882
144.832000	0.376882
144.896000	0.376882
144.960000	0.376882
145.024000	0.376882
145.088000	0.376882
145.152000	0.376882
145.216000	0.376882
145.280000	0.376882
145.344000	0.376882
145.408000	0.376882
145.472000	0.376882
145.536000	0.376882
145.600000	0.376882
145.664000	0.376882
145.728000	0.376882
145.792000	0.376882
145.856000	0.376882
145.920000	0.376882
145.984000	0.504210
146.048000	0.504210
146.112000	0.504210
146.176000	0.504210
146.240000	0.504210
146.304000	0.504210
146.368000	0.504210
146.432000	0.504210
146.496000	0.504210
146.560000	0.504210
146.624000	0.504210
146.688000	0.504210
146.752000	0.504210
146.816000	0.504210
146.880000	0.504210
146.944000	0.504210
147.008000	0.504210
147.072000	0.504210
147.136000	0.504210
147.200000	0.504210
147.264000	0.504210
147.328000	0.504210
147.392000	0.504210
147.456000	0.504210
147.520000	0.504210
147.584000	0.504210
147.648000	0.504210
147.712000	0.504210
147.776000	0.504210
147.840000	0.504210
147.904000	0.504210
147.968000	0.504210
148.032000	0.504210
148.096000	0.504210
148.160000	0.504210
148.224000	0.571052
148.288000	0.571052
148.352000	0.571052
148.416000	0.571052
148.480000	0.571052
148.544000	0.571052
148.608000	0.571052
148.672000	0.561751
148.736000	0.561751
148.800000	0.561751
148.864000	0.561751
148.928000	0.561751
148.992000	0.561751
149.056000	0.394721
149.120000	0.343313
149.184000	0.343313
149.248000	0.343313
149.312000	0.343313
149.376000	0.343313
149.440000	0.343313
149.504000	0.343313
149.568000	0.343313
149.632000	0.214959
149.696000	0.214959
149.760000	0.214959
149.824000	0.214959
149.888000	0.214959
149.952000	0.214959
150.016000	0.214959
150.080000	0.214959
150.144000	0.214959
150.208000	0.214959
150.272000	0.214959
150.336000	0.214959
150.400000	0.214959
150.464000	0.214959
150.528000	0.214959
150.592000	0.214959
150.656000	0.214959
150.720000	0.214959
150.784000	0.214959
150.848000	0.214959
150.912000	0.214959
150.976000	0.214959
151.040000	0.214959
151.104000	0.214959
151.168000	0.214959
151.232000	0.214959
151.296000	0.214959
151.360000	0.214959
151.424000	0.214959
151.488000	0.214959
151.552000	0.214959
151.616000	0.214959
151.680000	0.214959
151.744000	0.214959
151.808000	0.214959
151.872000	0.214959
151.936000	0.214959
152.000000	0.214959
152.064000	0.214959
152.128000	0.214959
152.192000	0.214959
152.256000	0.214959
152.320000	0.214959
152.384000	0.214959
152.448000	0.214959
152.512000	0.214959
152.576000	0.214959
152.640000	0.214959
152.704000	0.214959
152.768000	0.214959
152.832000	0.214959
152.896000	0.214959
152.960000	0.214959
153.024000	0.214959
153.088000	0.214959
153.152000	0.214959
153.216000	0.214959
153.280000	0.214959
153.344000	0.214959
153.408000	0.214959
153.472000	0.214959
153.536000	0.214959
153.600000	0.214959
153.664000	0.214959
153.728000	0.214959
153.792000	0.214959
153.856000	0.214959
153.920000	0.214959
153.984000	0.214959
154.048000	0.214959
154.112000	0.214959
154.176000	0.214959
154.240000	0.214959
154.304000	0.214959
154.368000	0.214959
154.432000	0.214959
154.496000	0.214959
154.560000	0.214959
154.624000	0.214959
154.688000	0.214959
154.752000	0.214959
154.816000	0.214959
154.880000	0.214959
154.944000	0.214959
155.008000	0.214959
155.072000	0.214959
155.136000	0.214959
155.200000	0.214959
155.264000	0.214959
155.328000	0.214959
155.392000	0.214959
155.456000	0.214959
155.520000	0.214959
155.584000	0.214959
155.648000	0.214959
155.712000	0.214959
155.776000	0.214959
155.840000	0.214959
155.904000	0.214959
155.968000	0.214959
156.032000	0.304418
156.096000	0.304418
156.160000	0.304418
156.224000	0.304418
156.288000	0.304418
156.352000	0.304418
156.416000	0.304418
156.480000	0.304418
156.544000	0.304418
156.608000	0.304418
156.672000	0.304418
156.736000	0.304418
156.800000	0.304418
156.864000	0.304418
156.928000	0.304418
156.992000	0.304418
157.056000	0.304418
157.120000	0.304418
157.184000	0.304418
157.248000	0.304418
157.312000	0.304418
157.376000	0.304418
157.440000	0.304418
157.504000	0.304418
157.568000	0.304418
157.632000	0.304418
157.696000	0.304418
157.760000	0.304418
157.824000	0.304418
157.888000	0.304418
157.952000	0.304418
158.016000	0.324591
158.080000	0.324591
158.144000	0.324591
158.208000	0.324591
158.272000	0.324591
158.336000	0.324591
158.400000	0.324591
158.464000	0.324591
158.528000	0.324591
158.592000	0.324591
158.656000	0.324591
158.720000	0.324591
158.784000	0.324591
158.848000	0.324591
158.912000	0.324591
158.976000	0.324591
159.040000	0.324591
159.104000	0.324591
159.168000	0.324591
159.232000	0.324591
159.296000	0.324591
159.360000	0.324591
159.424000	0.324591
159.488000	0.324591
159.552000	0.324591
159.616000	0.324591
159.680000	0.324591
159.744000	0.324591
159.808000	0.324591
159.872000	0.324591
159.936000	0.324591
160.000000	0.324591
160.064000	0.324591
160.128000	0.324591
160.192000	0.324591
160.256000	0.324591
160.320000	0.324591
160.384000	0.324591
160.448000	0.324591
160.512000	0.324591
160.576000	0.324591
160.640000	0.324591
160.704000	0.324591
160.768000	0.324591
160.832000	0.324591
160.896000	0.324591
160.960000	0.324591
161.024000	0.324591
161.088000	0.324591
161.152000	0.324591
161.216000	0.324591
161.280000	0.324591
161.344000	0.324591
161.408000	0.324591
161.472000	0.324591
161.536000	0.324591
161.600000	0.324591
161.664000	0.324591
161.728000	0.324591
161.792000	0.324591
161.856000	0.324591
161.920000	0.324591
161.984000	0.324591
162.048000	0.324591
162.112000	0.355370
162.176000	0.355370
162.240000	0.355370
162.304000	0.355370
162.368000	0.355370
162.432000	0.355370
162.496000	0.355370
162.560000	0.355370
162.624000	0.355370
162.688000	0.355370
162.752000	0.355370
162.816000	0.355370
162.880000	0.355370
162.944000	0.355370
163.008000	0.355370
163.072000	0.355370
163.136000	0.355370
163.200000	0.355370
163.264000	0.355370
163.328000	0.355370
163.392000	0.355370
163.456000	0.355370
163.520000	0.355370
163.584000	0.355370
163.648000	0.355370
163.712000	0.355370
163.776000	0.355370
163.840000	0.355370
163.904000	0.355370
163.968000	0.355370
164.032000	0.355370
164.096000	0.355370
164.160000	0.355370
164.224000	0.355370
164.288000	0.355370
164.352000	0.355370
164.416000	0.355370
164.480000	0.355370
164.544000	0.355370
164.608000	0.355370
164.672000	0.355370
164.736000	0.355370
164.800000	0.355370
164.864000	0.355370
164.928000	0.394015
164.992000	0.394015
165.056000	0.394015
165.120000	0.394015
165.184000	0.394015
165.248000	0.378987
165.312000	0.378987
165.376000	0.378987
165.440000	0.378987
165.504000	0.378987
165.568000	0.378987
165.632000	0.378987
165.696000	0.378987
165.760000	0.378987
165.824000	0.378987
165.888000	0.378987
165.952000	0.378987
166.016000	0.378987
166.080000	0.378987
166.144000	0.378987
166.208000	0.378987
166.272000	0.378987
166.336000	0.251564
166.400000	0.251564
166.464000	0.251564
166.528000	0.251564
166.592000	0.251564
166.656000	0.251564
166.720000	0.251564
166.784000	0.251564
166.848000	0.251564
166.912000	0.251564
166.976000	0.251564
167.040000	0.251564
167.104000	0.251564
167.168000	0.251564
167.232000	0.251564
167.296000	0.251564
167.360000	0.251564
167.424000	0.251564
167.488000	0.251564
167.552000	0.251564
167.616000	0.251564
167.680000	0.251564
167.744000	0.251564
167.808000	0.251564
167.872000	0.251564
167.936000	0.251564
168.000000	0.251564
168.064000	0.251564
168.128000	0.251564
168.192000	0.251564
168.256000	0.251564
168.320000	0.251564
168.384000	0.251564
168.448000	0.251564
168.512000	0.251564
168.576000	0.251564
168.640000	0.251564
168.704000	0.251564
168.768000	0.251564
168.832000	0.251564
168.896000	0.251564
168.960000	0.251564
169.024000	0.251564
169.088000	0.251564
169.152000	0.251564
169.216000	0.251564
169.280000	0.251564
169.344000	0.251564
169.408000	0.251564
169.472000	0.251564
169.536000	0.251564
169.600000	0.251564
169.664000	0.251564
169.728000	0.251564
169.792000	0.251564
169.856000	0.251564
169.920000	0.251564
169.984000	0.251564
170.048000	0.251564
170.112000	0.251564
170.176000	0.251564
170.240000	0.251564
170.304000	0.251564
170.368000	0.251564
170.432000	0.251564
170.496000	0.251564
170.560000	0.251564
170.624000	0.251564
170.688000	0.251564
170.752000	0.251564
170.816000	0.251564
170.880000	0.251564
170.944000	0.251564
171.008000	0.251564
171.072000	0.251564
171.136000	0.251564
171.200000	0.251564
171.264000	0.251564
171.328000	0.251564
171.392000	0.251564
171.456000	0.251564
171.520000	0.251564
171.584000	0.251564
171.648000	0.251564
171.712000	0.251564
171.776000	0.251564
171.840000	0.251564
171.904000	0.251564
171.968000	0.251564
172.032000	0.251564
172.096000	0.251564
172.160000	0.251564
172.224000	0.251564
172.288000	0.251564
172.352000	0.251564
172.416000	0.251564
172.480000	0.251564
172.544000	0.251564
172.608000	0.251564
172.672000	0.251564
172.736000	0.277139
172.800000	0.277139
172.864000	0.277139
172.928000	0.277139
172.992000	0.277139
173.056000	0.277139
173.120000	0.277139
173.184000	0.277139
173.248000	0.277139
173.312000	0.277139
173.376000	0.277139
173.440000	0.277139
173.504000	0.277139
173.568000	0.277139
173.632000	0.277139
173.696000	0.277139
173.760000	0.277139
173.824000	0.277139
173.888000	0.277139
173.952000	0.277139
174.016000	0.277139
174.080000	0.277139
174.144000	0.277139
174.208000	0.277139
174.272000	0.277139
174.336000	0.277139
174.400000	0.277139
174.464000	0.277139
174.528000	0.277139
174.592000	0.277139
174.656000	0.277139
174.720000	0.277139
174.784000	0.277139
174.848000	0.277139
174.912000	0.277139
174.976000	0.277139
175.040000	0.277139
175.104000	0.277139
175.168000	0.277139
175.232000	0.277139
175.296000	0.277139
175.360000	0.277139
175.424000	0.277139
175.488000	0.277139
175.552000	0.277139
175.616000	0.277139
175.680000	0.277139
175.744000	0.277139
175.808000	0.277139
175.872000	0.277139
175.936000	0.277139
176.000000	0.277139
176.064000	0.277139
176.128000	0.277139
176.192000	0.277139
176.256000	0.277139
176.320000	0.277139
176.384000	0.192240
176.448000	0.192240
176.512000	0.192240
176.576000	0.192240
176.640000	0.192240
176.704000	0.192240
176.768000	0.192240
176.832000	0.192240
176.896000	0.192240
176.960000	0.192240
177.024000	0.192240
177.088000	0.192240
177.152000	0.192240
177.216000	0.192240
177.280000	0.192240
177.344000	0.192240
177.408000	0.192240
177.472000	0.192240
177.536000	0.192240
177.600000	0.192240
177.664000	0.192240
177.728000	0.192240
177.792000	0.192240
177.856000	0.192240
177.920000	0.192240
177.984000	0.192240
178.048000	0.192240
178.112000	0.192240
178.176000	0.192240
178.240000	0.192240
178.304000	0.192240
178.368000	0.192240
178.432000	0.192240
178.496000	0.192240
178.560000	0.192240
178.624000	0.192240
178.688000	0.192240
178.752000	0.192240
178.816000	0.192240
178.880000	0.192240
178.944000	0.192240
179.008000	0.192240
179.072000	0.192240
179.136000	0.192240
179.200000	0.192240
179.264000	0.192240
179.328000	0.192240
179.392000	0.192240
179.456000	0.192240
179.520000	0.192240
179.584000	0.192240
179.648000	0.192240
179.712000	0.192240
179.776000	0.192240
179.840000	0.192240
179.904000	0.192240
179.968000	0.192240
180.032000	0.192240
180.096000	0.192240
180.160000	0.192240
180.224000	0.192240
180.288000	0.192240
180.352000	0.192240
180.416000	0.192240
180.480000	0.192240
180.544000	0.192240
180.608000	0.192240
180.672000	0.192240
180.736000	0.192240
180.800000	0.192240
180.864000	0.192240
180.928000	0.192240
180.992000	0.192240
181.056000	0.192240
181.120000	0.192240
181.184000	0.192240
181.248000	0.192240
181.312000	0.192240
181.376000	0.192240
181.440000	0.192240
181.504000	0.192240
181.568000	0.192240
181.632000	0.192240
181.696000	0.192240
181.760000	0.192240
181.824000	0.192240
181.888000	0.192240
181.952000	0.192240
182.016000	0.192240
182.080000	0.192240
182.144000	0.192240
182.208000	0.192240
182.272000	0.192240
182.336000	0.192240
182.400000	0.192240
182.464000	0.192240
182.528000	0.192240
182.592000	0.192240
182.656000	0.192240
182.720000	0.192240
182.784000	0.265246
182.848000	0.265246
182.912000	0.265246
182.976000	0.265246
183.040000	0.265246
183.104000	0.265246
183.168000	0.265246
183.232000	0.265246
183.296000	0.265246
183.360000	0.265246
183.424000	0.265246
183.488000	0.265246
183.552000	0.265246
183.616000	0.265246
183.680000	0.265246
183.744000	0.265246
183.808000	0.408006
183.872000	0.600392
183.936000	0.551828
184.000000	0.486254
184.064000	0.486254
184.128000	0.486254
184.192000	0.486254
184.256000	0.486254
184.320000	0.486254
184.384000	0.486254
184.448000	0.486254
184.512000	0.403959
184.576000	0.403959
184.640000	0.403959
184.704000	0.403959
184.768000	0.403959
184.832000	0.403959
184.896000	0.403959
184.960000	0.385262
185.024000	0.385262
185.088000	0.385262
185.152000	0.385262
185.216000	0.297357
185.280000	0.297357
185.344000	0.297357
185.408000	0.297357
185.472000	0.297357
185.536000	0.297357
185.600000	0.297357
185.664000	0.297357
185.728000	0.297357
185.792000	0.297357
185.856000	0.297357
185.920000	0.297357
185.984000	0.297357
186.048000	0.297357
186.112000	0.297357
186.176000	0.297357
186.240000	0.297357
186.304000	0.297357
186.368000	0.297357
186.432000	0.297357
186.496000	0.297357
186.560000	0.297357
186.624000	0.297357
186.688000	0.297357
186.752000	0.297357
186.816000	0.297357
186.880000	0.297357
186.944000	0.297357
187.008000	0.297357
187.072000	0.297357
187.136000	0.297357
187.200000	0.297357
187.264000	0.297357
187.328000	0.297357
187.392000	0.297357
187.456000	0.297357
187.520000	0.297357
187.584000	0.297357
187.648000	0.297357
187.712000	0.297357
187.776000	0.297357
187.840000	0.297357
187.904000	0.281750
187.968000	0.281750
188.032000	0.281750
188.096000	0.281750
188.160000	0.281750
188.224000	0.281750
188.288000	0.281750
188.352000	0.281750
188.416000	0.281750
188.480000	0.221131
188.544000	0.221131
188.608000	0.221131
188.672000	0.221131
188.736000	0.221131
188.800000	0.221131
188.864000	0.221131
188.928000	0.221131
188.992000	0.087962
189.056000	0.087962
189.120000	0.087962
189.184000	0.087962
189.248000	0.087962
189.312000	0.087962
189.376000	0.087962
189.440000	0.087962
189.504000	0.087962
189.568000	0.087962
189.632000	0.087962
189.696000	0.087962
189.760000	0.087962
189.824000	0.087962
189.888000	0.087962
189.952000	0.087962
190.016000	0.087962
190.080000	0.087962
190.144000	0.087962
190.208000	0.087962
190.272000	0.087962
190.336000	0.087962
190.400000	0.087962
190.464000	0.087962
190.528000	0.087962
190.592000	0.087962
190.656000	0.087962
190.720000	0.087962
190.784000	0.087962
190.848000	0.087962
190.912000	0.087962
190.976000	0.087962
191.040000	0.087962
191.104000	0.087962
191.168000	0.087962
191.232000	0.087962
191.296000	0.087962
191.360000	0.087962
191.424000	0.087962
191.488000	0.087962
191.552000	0.087962
191.616000	0.087962
191.680000	0.087962
191.744000	0.087962
191.808000	0.087962
191.872000	0.087962
191.936000	0.087962
192.000000	0.087962
192.064000	0.087962
192.128000	0.087962
192.192000	0.087962
192.256000	0.087962
192.320000	0.087962
192.384000	0.087962
192.448000	0.087962
192.512000	0.087962
192.576000	0.087962
192.640000	0.087962
192.704000	0.087962
192.768000	0.087962
192.832000	0.087962
192.896000	0.087962
192.960000	0.087962
193.024000	0.087962
193.088000	0.087962
193.152000	0.087962
193.216000	0.087962
193.280000	0.087962
193.344000	0.087962
193.408000	0.087962
193.472000	0.087962
193.536000	0.087962
193.600000	0.087962
193.664000	0.087962
193.728000	0.087962
193.792000	0.087962
193.856000	0.087962
193.920000	0.087962
193.984000	0.087962
194.048000	0.087962
194.112000	0.087962
194.176000	0.087962
194.240000	0.087962
194.304000	0.087962
194.368000	0.087962
194.432000	0.087962
194.496000	0.087962
194.560000	0.087962
194.624000	0.087962
194.688000	0.087962
194.752000	0.087962
194.816000	0.087962
194.880000	0.087962
194.944000	0.087962
195.008000	0.087962
195.072000	0.087962
195.136000	0.087962
195.200000	0.087962
195.264000	0.087962
195.328000	0.087962
195.392000	0.092670
195.456000	0.092670
195.520000	0.092670
195.584000	0.092670
195.648000	0.092670
195.712000	0.092670
195.776000	0.092670
195.840000	0.107288
195.904000	0.107288
195.968000	0.107288
196.032000	0.107288
196.096000	0.107288
196.160000	0.107288
196.224000	0.112113
196.288000	0.112113
196.352000	0.112113
196.416000	0.150520
196.480000	0.207333
196.544000	0.207333
196.608000	0.207333
196.672000	0.207333
196.736000	0.207333
196.800000	0.270006
196.864000	0.281742
196.928000	0.281742
196.992000	0.281742
197.056000	0.281742
197.120000	0.281742
197.184000	0.281742
197.248000	0.281742
197.312000	0.281742
197.376000	0.281742
197.440000	0.281742
197.504000	0.281742
197.568000	0.281742
197.632000	0.281742
197.696000	0.281742
197.760000	0.302473
197.824000	0.302473
197.888000	0.302473
197.952000	0.302473
198.016000	0.302473
198.080000	0.302473
198.144000	0.302473
198.208000	0.302473
198.272000	0.302473
198.336000	0.302473
198.400000	0.302473
198.464000	0.302473
198.528000	0.302473
198.592000	0.302473
198.656000	0.302473
198.720000	0.302473
198.784000	0.302473
198.848000	0.302473
198.912000	0.302473
198.976000	0.302473
199.040000	0.302473
199.104000	0.280508
199.168000	0.280508
199.232000	0.280508
199.296000	0.244656
199.360000	0.244656
199.424000	0.244656
199.488000	0.244656
199.552000	0.244656
199.616000	0.244656
199.680000	0.244656
199.744000	0.244656
199.808000	0.244656
199.872000	0.244656
199.936000	0.244656
200.000000	0.244656
200.064000	0.244656
200.128000	0.244656
200.192000	0.244656
200.256000	0.244656
200.320000	0.244656
200.384000	0.244656
200.448000	0.244656
200.512000	0.244656
200.576000	0.244656
200.640000	0.244656
200.704000	0.244656
200.768000	0.244656
200.832000	0.244656
200.896000	0.244656
200.960000	0.244656
201.024000	0.244656
201.088000	0.244656
201.152000	0.244656
201.216000	0.244656
201.280000	0.244656
201.344000	0.244656
201.408000	0.244656
201.472000	0.244656
201.536000	0.244656
201.600000	0.244656
201.664000	0.244656
201.728000	0.244656
201.792000	0.244656
201.856000	0.244656
201.920000	0.244656
201.984000	0.244656
202.048000	0.244656
202.112000	0.244656
202.176000	0.244656
202.240000	0.244656
202.304000	0.244656
202.368000	0.244656
202.432000	0.244656
202.496000	0.244656
202.560000	0.244656
202.624000	0.244656
202.688000	0.244656
202.752000	0.244656
202.816000	0.244656
202.880000	0.244656
202.944000	0.244656
203.008000	0.244656
203.072000	0.244656
203.136000	0.244656
203.200000	0.244656
203.264000	0.244656
203.328000	0.244656
203.392000	0.244656
203.456000	0.244656
203.520000	0.244656
203.584000	0.244656
203.648000	0.244656
203.712000	0.244656
203.776000	0.244656
203.840000	0.244656
203.904000	0.244656
203.968000	0.244656
204.032000	0.244656
204.096000	0.244656
204.160000	0.244656
204.224000	0.244656
204.288000	0.244656
204.352000	0.244656
204.416000	0.244656
204.480000	0.244656
204.544000	0.244656
204.608000	0.244656
204.672000	0.244656
204.736000	0.244656
204.800000	0.244656
204.864000	0.244656
204.928000	0.244656
204.992000	0.244656
205.056000	0.244656
205.120000	0.244656
205.184000	0.244656
205.248000	0.244656
205.312000	0.244656
205.376000	0.244656
205.440000	0.244656
205.504000	0.244656
205.568000	0.244656
205.632000	0.244656
205.696000	0.276776
205.760000	0.276776
205.824000	0.276776
205.888000	0.276776
205.952000	0.276776
206.016000	0.276776
206.080000	0.276776
206.144000	0.276776
206.208000	0.276776
206.272000	0.276776
206.336000	0.276776
206.400000	0.276776
206.464000	0.276776
206.528000	0.276776
206.592000	0.276776
206.656000	0.276776
206.720000	0.276776
206.784000	0.276776
206.848000	0.276776
206.912000	0.276776
206.976000	0.276776
207.040000	0.276776
207.104000	0.276776
207.168000	0.276776
207.232000	0.276776
207.296000	0.276776
207.360000	0.276776
207.424000	0.276776
207.488000	0.276776
207.552000	0.243613
207.616000	0.219172
207.680000	0.219172
207.744000	0.219172
207.808000	0.219172
207.872000	0.219172
207.936000	0.219172
208.000000	0.219172
208.064000	0.219172
208.128000	0.219172
208.192000	0.219172
208.256000	0.219172
208.320000	0.219172
208.384000	0.219172
208.448000	0.219172
208.512000	0.219172
208.576000	0.219172
208.640000	0.219172
208.704000	0.219172
208.768000	0.219172
208.832000	0.219172
208.896000	0.219172
208.960000	0.219172
209.024000	0.162679
209.088000	0.162679
209.152000	0.162679
209.216000	0.162679
209.280000	0.162679
209.344000	0.162679
209.408000	0.162679
209.472000	0.162679
209.536000	0.162679
209.600000	0.162679
209.664000	0.162679
209.728000	0.162679
209.792000	0.162679
209.856000	0.162679
209.920000	0.162679
209.984000	0.162679
210.048000	0.162679
210.112000	0.162679
210.176000	0.162679
210.240000	0.162679
210.304000	0.162679
210.368000	0.162679
210.432000	0.162679
210.496000	0.162679
210.560000	0.162679
210.624000	0.162679
210.688000	0.162679
210.752000	0.162679
210.816000	0.162679
210.880000	0.162679
210.944000	0.162679
211.008000	0.162679
211.072000	0.162679
211.136000	0.162679
211.200000	0.162679
211.264000	0.162679
211.328000	0.162679
211.392000	0.162679
211.456000	0.162679
211.520000	0.162679
211.584000	0.162679
211.648000	0.162679
211.712000	0.162679
211.776000	0.162679
211.840000	0.162679
211.904000	0.162679
211.968000	0.162679
212.032000	0.162679
212.096000	0.130801
212.160000	0.130801
212.224000	0.130801
212.288000	0.130801
212.352000	0.130801
212.416000	0.130801
212.480000	0.130801
212.544000	0.130801
212.608000	0.130801
212.672000	0.130801
212.736000	0.130801
212.800000	0.130801
212.864000	0.130801
212.928000	0.130801
212.992000	0.130801
213.056000	0.130801
213.120000	0.130801
213.184000	0.130801
213.248000	0.130801
213.312000	0.130801
213.376000	0.130801
213.440000	0.130801
213.504000	0.130801
213.568000	0.130801
213.632000	0.130801
213.696000	0.130801
213.760000	0.130801
213.824000	0.130801
213.888000	0.130801
213.952000	0.130801
214.016000	0.130801
214.080000	0.130801
214.144000	0.130801
214.208000	0.130801
214.272000	0.130801
214.336000	0.130801
214.400000	0.130801
214.464000	0.130801
214.528000	0.130801
214.592000	0.130801
214.656000	0.130801
214.720000	0.130801
214.784000	0.130801
214.848000	0.130801
214.912000	0.130801
214.976000	0.130801
215.040000	0.130801
215.104000	0.130801
215.168000	0.130801
215.232000	0.130801
215.296000	0.130801
215.360000	0.130801
215.424000	0.130801
215.488000	0.130801
215.552000	0.130801
215.616000	0.130801
215.680000	0.130801
215.744000	0.130801
215.808000	0.130801
215.872000	0.130801
215.936000	0.130801
216.000000	0.130801
216.064000	0.130801
216.128000	0.130801
216.192000	0.130801
216.256000	0.130801
216.320000	0.130801
216.384000	0.130801
216.448000	0.130801
216.512000	0.130801
216.576000	0.130801
216.640000	0.130801
216.704000	0.130801
216.768000	0.130801
216.832000	0.130801
216.896000	0.130801
216.960000	0.130801
217.024000	0.130801
217.088000	0.130801
217.152000	0.130801
217.216000	0.130801
217.280000	0.130801
217.344000	0.130801
217.408000	0.130801
217.472000	0.130801
217.536000	0.130801
217.600000	0.130801
217.664000	0.130801
217.728000	0.130801
217.792000	0.130801
217.856000	0.130801
217.920000	0.130801
217.984000	0.130801
218.048000	0.130801
218.112000	0.130801
218.176000	0.130801
218.240000	0.130801
218.304000	0.130801
218.368000	0.130801
218.432000	0.130801
218.496000	0.175570
218.560000	0.175570
218.624000	0.175570
218.688000	0.175570
218.752000	0.175570
218.816000	0.175570
218.880000	0.175570
218.944000	0.175570
219.008000	0.175570
219.072000	0.175570
219.136000	0.175570
219.200000	0.175570
219.264000	0.175570
219.328000	0.175570
219.392000	0.175570
219.456000	0.175570
219.520000	0.175570
219.584000	0.175570
219.648000	0.175570
219.712000	0.175570
219.776000	0.175570
219.840000	0.175570
219.904000	0.175570
219.968000	0.175570
220.032000	0.175570
220.096000	0.175570
220.160000	0.175570
220.224000	0.175570
220.288000	0.175570
220.352000	0.175570
220.416000	0.175570
220.480000	0.175570
220.544000	0.175570
220.608000	0.175570
220.672000	0.175570
220.736000	0.175570
220.800000	0.175570
220.864000	0.175570
220.928000	0.175570
220.992000	0.175570
221.056000	0.175570
221.120000	0.175570
221.184000	0.175570
221.248000	0.175570
221.312000	0.175570
221.376000	0.175570
221.440000	0.175570
221.504000	0.175570
221.568000	0.175570
221.632000	0.175570
221.696000	0.175570
221.760000	0.175570
221.824000	0.175570
221.888000	0.175570
221.952000	0.175570
222.016000	0.175570
222.080000	0.175570
222.144000	0.175570
222.208000	0.175570
222.272000	0.175570
222.336000	0.175570
222.400000	0.175570
222.464000	0.175570
222.528000	0.175570
222.592000	0.175570
222.656000	0.216406
222.720000	0.216406
222.784000	0.216406
222.848000	0.216406
222.912000	0.216406
222.976000	0.216406
223.040000	0.216406
223.104000	0.216406
223.168000	0.189766
223.232000	0.189766
223.296000	0.189766
223.360000	0.189766
223.424000	0.189766
223.488000	0.189766
223.552000	0.189766
223.616000	0.189766
223.680000	0.189766
223.744000	0.189766
223.808000	0.189766
223.872000	0.189766
223.936000	0.189766
224.000000	0.189766
224.064000	0.189766
224.128000	0.189766
224.192000	0.189766
224.256000	0.189766
224.320000	0.189766
224.384000	0.189766
224.448000	0.189766
224.512000	0.189766
224.576000	0.189766
224.640000	0.189766
224.704000	0.189766
224.768000	0.189766
224.832000	0.189766
224.896000	0.189766
224.960000	0.189766
225.024000	0.189766
225.088000	0.189766
225.152000	0.189766
225.216000	0.189766
225.280000	0.189766
225.344000	0.189766
225.408000	0.189766
225.472000	0.189766
225.536000	0.189766
225.600000	0.189766
225.664000	0.189766
225.728000	0.189766
225.792000	0.189766
225.856000	0.189766
225.920000	0.189766
225.984000	0.189766
226.048000	0.189766
226.112000	0.189766
226.176000	0.189766
226.240000	0.189766
226.304000	0.189766
226.368000	0.189766
226.432000	0.189766
226.496000	0.189766
226.560000	0.189766
226.624000	0.189766
226.688000	0.189766
226.752000	0.189766
226.816000	0.189766
226.880000	0.189766
226.944000	0.189766
227.008000	0.189766
227.072000	0.189766
227.136000	0.189766
227.200000	0.189766
227.264000	0.189766
227.328000	0.189766
227.392000	0.189766
227.456000	0.189766
227.520000	0.189766
227.584000	0.189766
227.648000	0.189766
227.712000	0.189766
227.776000	0.189766
227.840000	0.189766
227.904000	0.189766
227.968000	0.189766
228.032000	0.189766
228.096000	0.189766
228.160000	0.189766
228.224000	0.189766
228.288000	0.189766
228.352000	0.189766
228.416000	0.189766
228.480000	0.189766
228.544000	0.189766
228.608000	0.189766
228.672000	0.189766
228.736000	0.189766
228.800000	0.189766
228.864000	0.189766
228.928000	0.189766
228.992000	0.189766
229.056000	0.189766
229.120000	0.189766
229.184000	0.189766
229.248000	0.189766
229.312000	0.189766
229.376000	0.189766
229.440000	0.189766
229.504000	0.189766
229.568000	0.212751
229.632000	0.212751
229.696000	0.212751
229.760000	0.212751
229.824000	0.212751
229.888000	0.212751
229.952000	0.212751
230.016000	0.212751
230.080000	0.212751
230.144000	0.212751
230.208000	0.212751
230.272000	0.212751
230.336000	0.212751
230.400000	0.212751
230.464000	0.212751
230.528000	0.212751
230.592000	0.235443
230.656000	0.235443
230.720000	0.245471
230.784000	0.245471
230.848000	0.245471
230.912000	0.245471
230.976000	0.245471
231.040000	0.245471
231.104000	0.245471
231.168000	0.245471
231.232000	0.245471
231.296000	0.245471
231.360000	0.245471
231.424000	0.214982
231.488000	0.214982
231.552000	0.214982
231.616000	0.214982
231.680000	0.214982
231.744000	0.214982
231.808000	0.214982
231.872000	0.214982
231.936000	0.214982
232.000000	0.214982
232.064000	0.214982
232.128000	0.214982
232.192000	0.214982
232.256000	0.214982
232.320000	0.214982
232.384000	0.214982
232.448000	0.214982
232.512000	0.175069
232.576000	0.175069
232.640000	0.175069
232.704000	0.175069
232.768000	0.175069
232.832000	0.175069
232.896000	0.175069
232.960000	0.175069
233.024000	0.175069
233.088000	0.175069
233.152000	0.175069
233.216000	0.175069
233.280000	0.175069
233.344000	0.175069
233.408000	0.175069
233.472000	0.175069
233.536000	0.175069
233.600000	0.175069
233.664000	0.175069
233.728000	0.175069
233.792000	0.175069
233.856000	0.175069
233.920000	0.175069
233.984000	0.175069
234.048000	0.175069
234.112000	0.175069
234.176000	0.175069
234.240000	0.175069
234.304000	0.175069
234.368000	0.175069
234.432000	0.175069
234.496000	0.175069
234.560000	0.175069
234.624000	0.175069
234.688000	0.175069
234.752000	0.175069
234.816000	0.175069
234.880000	0.175069
234.944000	0.175069
235.008000	0.175069
235.072000	0.175069
235.136000	0.175069
235.200000	0.175069
235.264000	0.175069
235.328000	0.175069
235.392000	0.175069
235.456000	0.175069
235.520000	0.175069
235.584000	0.175069
235.648000	0.175069
235.712000	0.175069
235.776000	0.175069
235.840000	0.175069
235.904000	0.175069
235.968000	0.175069
236.032000	0.175069
236.096000	0.175069
236.160000	0.175069
236.224000	0.175069
236.288000	0.175069
236.352000	0.175069
236.416000	0.175069
236.480000	0.175069
236.544000	0.175069
236.608000	0.175069
236.672000	0.175069
236.736000	0.175069
236.800000	0.175069
236.864000	0.175069
236.928000	0.175069
236.992000	0.175069
237.056000	0.175069
237.120000	0.175069
237.184000	0.175069
237.248000	0.175069
237.312000	0.175069
237.376000	0.175069
237.440000	0.175069
237.504000	0.175069
237.568000	0.175069
237.632000	0.175069
237.696000	0.175069
237.760000	0.175069
237.824000	0.175069
237.888000	0.175069
237.952000	0.175069
238.016000	0.175069
238.080000	0.175069
238.144000	0.175069
238.208000	0.175069
238.272000	0.175069
238.336000	0.175069
238.400000	0.175069
238.464000	0.175069
238.528000	0.175069
238.592000	0.175069
238.656000	0.175069
238.720000	0.175069
238.784000	0.175069
238.848000	0.175069
238.912000	0.199431
238.976000	0.199431
239.040000	0.199431
239.104000	0.199431
239.168000	0.199431
239.232000	0.199431
239.296000	0.199431
239.360000	0.199431
239.424000	0.199431
239.488000	0.199431
239.552000	0.199431
239.616000	0.199431
239.680000	0.199431
239.744000	0.199431
239.808000	0.212748
239.872000	0.212748
239.936000	0.212748
240.000000	0.212748
240.064000	0.212748
240.128000	0.212748
240.192000	0.212748
240.256000	0.212748
240.320000	0.212748
240.384000	0.212748
240.448000	0.212748
240.512000	0.212748
240.576000	0.212748
240.640000	0.212748
240.704000	0.212748
240.768000	0.212748
240.832000	0.212748
240.896000	0.212748
240.960000	0.212748
241.024000	0.212748
241.088000	0.212748
241.152000	0.212748
241.216000	0.212748
241.280000	0.212748
241.344000	0.212748
241.408000	0.212748
241.472000	0.212748
241.536000	0.212748
241.600000	0.212748
241.664000	0.212748
241.728000	0.212748
241.792000	0.212748
241.856000	0.212748
241.920000	0.140220
241.984000	0.140220
242.048000	0.140220
242.112000	0.140220
242.176000	0.140220
242.240000	0.140220
242.304000	0.140220
242.368000	0.140220
242.432000	0.140220
242.496000	0.140220
242.560000	0.140220
242.624000	0.140220
242.688000	0.140220
242.752000	0.140220
242.816000	0.140220
242.880000	0.140220
242.944000	0.140220
243.008000	0.140220
243.072000	0.140220
243.136000	0.140220
243.200000	0.140220
243.264000	0.140220
243.328000	0.140220
243.392000	0.140220
243.456000	0.140220
243.520000	0.140220
243.584000	0.129223
243.648000	0.129223
243.712000	0.129223
243.776000	0.129223
243.840000	0.129223
243.904000	0.129223
243.968000	0.129223
244.032000	0.129223
244.096000	0.129223
244.160000	0.129223
244.224000	0.129223
244.288000	0.129223
244.352000	0.129223
244.416000	0.129223
244.480000	0.129223
244.544000	0.129223
244.608000	0.129223
244.672000	0.129223
244.736000	0.129223
244.800000	0.129223
244.864000	0.129223
244.928000	0.129223
244.992000	0.129223
245.056000	0.129223
245.120000	0.129223
245.184000	0.129223
245.248000	0.129223
245.312000	0.129223
245.376000	0.129223
245.440000	0.129223
245.504000	0.129223
245.568000	0.129223
245.632000	0.129223
245.696000	0.129223
245.760000	0.129223
245.824000	0.129223
245.888000	0.129223
245.952000	0.129223
246.016000	0.129223
246.080000	0.129223
246.144000	0.129223
246.208000	0.129223
246.272000	0.129223
246.336000	0.129223
246.400000	0.129223
246.464000	0.129223
246.528000	0.129223
246.592000	0.129223
246.656000	0.129223
246.720000	0.129223
246.784000	0.129223
246.848000	0.129223
246.912000	0.129223
246.976000	0.129223
247.040000	0.129223
247.104000	0.129223
247.168000	0.129223
247.232000	0.129223
247.296000	0.129223
247.360000	0.129223
247.424000	0.129223
247.488000	0.129223
247.552000	0.129223
247.616000	0.129223
247.680000	0.129223
247.744000	0.129223
247.808000	0.129223
247.872000	0.129223
247.936000	0.129223
248.000000	0.129223
248.064000	0.129223
248.128000	0.129223
248.192000	0.129223
248.256000	0.129223
248.320000	0.129223
248.384000	0.129223
248.448000	0.129223
248.512000	0.129223
248.576000	0.129223
248.640000	0.129223
248.704000	0.129223
248.768000	0.129223
248.832000	0.129223
248.896000	0.129223
248.960000	0.129223
249.024000	0.129223
249.088000	0.129223
249.152000	0.129223
249.216000	0.129223
249.280000	0.129223
249.344000	0.129223
249.408000	0.129223
249.472000	0.129223
249.536000	0.129223
249.600000	0.129223
249.664000	0.129223
249.728000	0.129223
249.792000	0.129223
249.856000	0.129223
249.920000	0.129223
249.984000	0.138041
250.048000	0.138041
250.112000	0.138041
250.176000	0.138041
250.240000	0.138041
250.304000	0.138041
250.368000	0.138041
250.432000	0.138041
250.496000	0.227172
250.560000	0.227172
250.624000	0.227172
250.688000	0.227172
250.752000	0.227172
250.816000	0.227172
250.880000	0.227172
250.944000	0.227172
251.008000	0.227172
251.072000	0.227172
251.136000	0.227172
251.200000	0.227172
251.264000	0.227172
251.328000	0.227172
251.392000	0.227172
251.456000	0.227172
251.520000	0.227172
251.584000	0.227172
251.648000	0.227172
251.712000	0.227172
251.776000	0.227172
251.840000	0.227172
251.904000	0.227172
251.968000	0.227172
252.032000	0.227172
252.096000	0.227172
252.160000	0.227172
252.224000	0.227172
252.288000	0.227172
252.352000	0.227172
252.416000	0.227172
252.480000	0.227172
252.544000	0.227172
252.608000	0.227172
252.672000	0.227172
252.736000	0.227172
252.800000	0.227172
252.864000	0.227172
252.928000	0.227172
252.992000	0.227172
253.056000	0.227172
253.120000	0.227172
253.184000	0.227172
253.248000	0.227172
253.312000	0.227172
253.376000	0.227172
253.440000	0.227172
253.504000	0.227172
253.568000	0.227172
253.632000	0.227172
253.696000	0.227172
253.760000	0.227172
253.824000	0.227172
253.888000	0.227172
253.952000	0.227172
254.016000	0.237324
254.080000	0.237324
254.144000	0.237324
254.208000	0.237324
254.272000	0.237324
254.336000	0.237324
254.400000	0.237324
254.464000	0.237324
254.528000	0.237324
254.592000	0.237324
254.656000	0.237324
254.720000	0.237324
254.784000	0.237324
254.848000	0.237324
254.912000	0.237324
254.976000	0.237324
255.040000	0.237324
255.104000	0.237324
255.168000	0.237324
255.232000	0.237324
255.296000	0.237324
255.360000	0.237324
255.424000	0.237324
255.488000	0.237324
255.552000	0.237324
255.616000	0.237324
255.680000	0.237324
255.744000	0.237324
255.808000	0.237324
255.872000	0.237324
255.936000	0.237324
256.000000	0.237324
256.064000	0.237324
256.128000	0.237324
256.192000	0.237324
256.256000	0.237324
256.320000	0.237324
256.384000	0.237324
256.448000	0.237324
256.512000	0.237324
256.576000	0.237324
256.640000	0.237324
256.704000	0.237324
256.768000	0.237324
256.832000	0.237324
256.896000	0.237324
256.960000	0.237324
257.024000	0.237324
257.088000	0.237324
257.152000	0.237324
257.216000	0.237324
257.280000	0.237324
257.344000	0.237324
257.408000	0.237324
257.472000	0.237324
257.536000	0.237324
257.600000	0.237324
257.664000	0.237324
257.728000	0.237324
257.792000	0.237324
257.856000	0.237324
257.920000	0.237324
257.984000	0.237324
258.048000	0.237324
258.112000	0.237324
258.176000	0.237324
258.240000	0.237324
258.304000	0.237324
258.368000	0.237324
258.432000	0.237324
258.496000	0.237324
258.560000	0.237324
258.624000	0.237324
258.688000	0.237324
258.752000	0.237324
258.816000	0.237324
258.880000	0.237324
258.944000	0.237324
259.008000	0.237324
259.072000	0.237324
259.136000	0.237324
259.200000	0.256640
259.264000	0.256640
259.328000	0.254575
259.392000	0.254575
259.456000	0.254575
259.520000	0.254575
259.584000	0.254575
259.648000	0.254575
259.712000	0.254575
259.776000	0.254575
259.840000	0.254575
259.904000	0.254575
259.968000	0.254575
260.032000	0.254575
260.096000	0.254575
260.160000	0.254575
260.224000	0.254575
260.288000	0.254575
260.352000	0.254575
260.416000	0.254575
260.480000	0.254575
260.544000	0.254575
260.608000	0.254575
260.672000	0.254575
260.736000	0.254575
260.800000	0.254575
260.864000	0.254575
260.928000	0.254575
260.992000	0.254575
261.056000	0.254575
261.120000	0.254575
261.184000	0.254575
261.248000	0.254575
261.312000	0.254575
261.376000	0.254575
261.440000	0.254575
261.504000	0.254575
261.568000	0.254575
261.632000	0.254575
261.696000	0.254575
261.760000	0.254575
261.824000	0.254575
261.888000	0.254575
261.952000	0.254575
262.016000	0.254575
262.080000	0.254575
262.144000	0.254575
262.208000	0.254575
262.272000	0.254575
262.336000	0.254575
262.400000	0.254575
262.464000	0.254575
262.528000	0.254575
262.592000	0.254575
262.656000	0.254575
262.720000	0.254575
262.784000	0.254575
262.848000	0.254575
262.912000	0.254575
262.976000	0.254575
263.040000	0.254575
263.104000	0.254575
263.168000	0.254575
263.232000	0.254575
263.296000	0.254575
263.360000	0.254575
263.424000	0.254575
263.488000	0.254575
263.552000	0.254575
263.616000	0.254575
263.680000	0.254575
263.744000	0.254575
263.808000	0.254575
263.872000	0.254575
263.936000	0.254575
264.000000	0.254575
264.064000	0.254575
264.128000	0.254575
264.192000	0.254575
264.256000	0.254575
264.320000	0.254575
264.384000	0.254575
264.448000	0.254575
264.512000	0.254575
264.576000	0.254575
264.640000	0.254575
264.704000	0.254575
264.768000	0.254575
264.832000	0.254575
264.896000	0.254575
264.960000	0.254575
265.024000	0.254575
265.088000	0.254575
265.152000	0.254575
265.216000	0.254575
265.280000	0.254575
265.344000	0.254575
265.408000	0.254575
265.472000	0.254575
265.536000	0.254575
265.600000	0.254575
265.664000	0.254575
265.728000	0.325013
265.792000	0.325013
265.856000	0.325013
265.920000	0.325013
265.984000	0.325013
266.048000	0.325013
266.112000	0.325013
266.176000	0.325013
266.240000	0.325013
266.304000	0.325013
266.368000	0.325013
266.432000	0.325013
266.496000	0.325013
266.560000	0.228510
266.624000	0.228510
266.688000	0.228510
266.752000	0.228510
266.816000	0.228510
266.880000	0.228510
266.944000	0.228510
267.008000	0.218914
267.072000	0.218914
267.136000	0.218914
267.200000	0.218914
267.264000	0.218914
267.328000	0.218914
267.392000	0.218914
267.456000	0.218914
267.520000	0.218914
267.584000	0.218914
267.648000	0.218914
267.712000	0.218914
267.776000	0.218914
267.840000	0.218914
267.904000	0.218914
267.968000	0.218914
268.032000	0.218914
268.096000	0.218914
268.160000	0.218914
268.224000	0.218914
268.288000	0.218914
268.352000	0.145973
268.416000	0.145973
268.480000	0.145973
268.544000	0.145973
268.608000	0.145973
268.672000	0.145973
268.736000	0.145973
268.800000	0.145973
268.864000	0.145973
268.928000	0.145973
268.992000	0.145973
269.056000	0.145973
269.120000	0.145973
269.184000	0.145973
269.248000	0.145973
269.312000	0.145973
269.376000	0.145973
269.440000	0.145973
269.504000	0.145973
269.568000	0.145973
269.632000	0.145973
269.696000	0.145973
269.760000	0.145973
269.824000	0.145973
269.888000	0.145973
269.952000	0.145973
270.016000	0.145973
270.080000	0.145973
270.144000	0.145973
270.208000	0.145973
270.272000	0.145973
270.336000	0.145973
270.400000	0.145973
270.464000	0.145973
270.528000	0.145973
270.592000	0.145973
270.656000	0.145973
270.720000	0.145973
270.784000	0.145973
270.848000	0.145973
270.912000	0.145973
270.976000	0.145973
271.040000	0.145973
271.104000	0.145973
271.168000	0.145973
271.232000	0.145973
271.296000	0.145973
271.360000	0.145973
271.424000	0.145973
271.488000	0.145973
271.552000	0.145973
271.616000	0.145973
271.680000	0.145973
271.744000	0.145973
271.808000	0.145973
271.872000	0.145973
271.936000	0.145973
272.000000	0.145973
272.064000	0.145973
272.128000	0.145973
272.192000	0.145973
272.256000	0.145973
272.320000	0.145973
272.384000	0.145973
272.448000	0.145973
272.512000	0.145973
272.576000	0.145973
272.640000	0.145973
272.704000	0.145973
272.768000	0.145973
272.832000	0.145973
272.896000	0.145973
272.960000	0.145973
273.024000	0.145973
273.088000	0.145973
273.152000	0.145973
273.216000	0.145973
273.280000	0.145973
273.344000	0.145973
273.408000	0.145973
273.472000	0.145973
273.536000	0.145973
273.600000	0.145973
273.664000	0.145973
273.728000	0.145973
273.792000	0.145973
273.856000	0.145973
273.920000	0.145973
273.984000	0.145973
274.048000	0.145973
274.112000	0.145973
274.176000	0.145973
274.240000	0.145973
274.304000	0.145973
274.368000	0.145973
274.432000	0.145973
274.496000	0.145973
274.560000	0.145973
274.624000	0.145973
274.688000	0.145973
274.752000	0.207585
274.816000	0.282088
274.880000	0.282088
274.944000	0.282088
275.008000	0.282088
275.072000	0.282088
275.136000	0.282088
275.200000	0.282088
275.264000	0.282088
275.328000	0.282088
275.392000	0.332633
275.456000	0.332633
275.520000	0.332633
275.584000	0.334190
275.648000	0.386138
275.712000	0.386138
275.776000	0.386138
275.840000	0.386138
275.904000	0.386138
275.968000	0.386138
276.032000	0.386138
276.096000	0.386138
276.160000	0.386138
276.224000	0.386138
276.288000	0.386138
276.352000	0.386138
276.416000	0.386138
276.480000	0.386138
276.544000	0.386138
276.608000	0.356975
276.672000	0.356975
276.736000	0.356975
276.800000	0.356975
276.864000	0.356975
276.928000	0.356975
276.992000	0.220406
277.056000	0.220406
277.120000	0.220406
277.184000	0.220406
277.248000	0.220406
277.312000	0.220406
277.376000	0.220406
277.440000	0.220406
277.504000	0.220406
277.568000	0.220406
277.632000	0.220406
277.696000	0.220406
277.760000	0.220406
277.824000	0.220406
277.888000	0.220406
277.952000	0.220406
278.016000	0.220406
278.080000	0.220406
278.144000	0.220406
278.208000	0.220406
278.272000	0.220406
278.336000	0.220406
278.400000	0.220406
278.464000	0.220406
278.528000	0.220406
278.592000	0.220406
278.656000	0.220406
278.720000	0.220406
278.784000	0.220406
278.848000	0.220406
278.912000	0.220406
278.976000	0.220406
279.040000	0.220406
279.104000	0.220406
279.168000	0.220406
279.232000	0.220406
279.296000	0.220406
279.360000	0.220406
279.424000	0.220406
279.488000	0.220406
279.552000	0.220406
279.616000	0.220406
279.680000	0.220406
279.744000	0.220406
279.808000	0.220406
279.872000	0.220406
279.936000	0.220406
280.000000	0.220406
280.064000	0.220406
280.128000	0.220406
280.192000	0.220406
280.256000	0.220406
280.320000	0.209548
280.384000	0.197349
280.448000	0.197349
280.512000	0.197349
280.576000	0.197349
280.640000	0.197349
280.704000	0.197349
280.768000	0.197349
280.832000	0.197349
280.896000	0.178253
280.960000	0.178253
281.024000	0.178253
281.088000	0.178253
281.152000	0.178253
281.216000	0.178253
281.280000	0.178253
281.344000	0.178253
281.408000	0.178253
281.472000	0.178253
281.536000	0.178253
281.600000	0.178253
281.664000	0.178253
281.728000	0.178253
281.792000	0.168104
281.856000	0.168104
281.920000	0.168104
281.984000	0.168104
282.048000	0.168104
282.112000	0.168104
282.176000	0.168104
282.240000	0.168104
282.304000	0.168104
282.368000	0.168104
282.432000	0.168104
282.496000	0.168104
282.560000	0.168104
282.624000	0.168104
282.688000	0.168104
282.752000	0.168104
282.816000	0.168104
282.880000	0.168104
282.944000	0.168104
283.008000	0.168104
283.072000	0.168104
283.136000	0.168104
283.200000	0.168104
283.264000	0.168104
283.328000	0.168104
283.392000	0.168104
283.456000	0.168104
283.520000	0.168104
283.584000	0.168104
283.648000	0.168104
283.712000	0.168104
283.776000	0.168104
283.840000	0.168104
283.904000	0.168104
283.968000	0.168104
284.032000	0.168104
284.096000	0.168104
284.160000	0.168104
284.224000	0.168104
284.288000	0.168104
284.352000	0.168104
284.416000	0.168104
284.480000	0.168104
284.544000	0.168104
284.608000	0.168104
284.672000	0.168104
284.736000	0.168104
284.800000	0.168104
284.864000	0.168104
284.928000	0.168104
284.992000	0.168104
285.056000	0.168104
285.120000	0.168104
285.184000	0.168104
285.248000	0.168104
285.312000	0.168104
285.376000	0.168104
285.440000	0.168104
285.504000	0.168104
285.568000	0.168104
285.632000	0.168104
285.696000	0.168104
285.760000	0.168104
285.824000	0.168104
285.888000	0.168104
285.952000	0.168104
286.016000	0.168104
286.080000	0.168104
286.144000	0.168104
286.208000	0.168104
286.272000	0.168104
286.336000	0.168104
286.400000	0.168104
286.464000	0.168104
286.528000	0.158612
286.592000	0.158612
286.656000	0.158612
286.720000	0.158612
286.784000	0.158612
286.848000	0.158612
286.912000	0.158612
286.976000	0.158612
287.040000	0.158612
287.104000	0.158612
287.168000	0.158612
287.232000	0.158612
287.296000	0.158612
287.360000	0.158612
287.424000	0.158612
287.488000	0.158612
287.552000	0.158612
287.616000	0.158612
287.680000	0.158612
287.744000	0.158612
287.808000	0.158612
287.872000	0.158612
287.936000	0.158612
288.000000	0.158612
288.064000	0.158612
288.128000	0.158612
288.192000	0.158612
288.256000	0.158612
288.320000	0.158612
288.384000	0.158612
288.448000	0.158612
288.512000	0.158612
288.576000	0.158612
288.640000	0.158612
288.704000	0.158612
288.768000	0.158612
288.832000	0.158612
288.896000	0.158612
288.960000	0.158612
289.024000	0.158612
289.088000	0.158612
289.152000	0.158612
289.216000	0.158612
289.280000	0.158612
289.344000	0.158612
289.408000	0.158612
289.472000	0.158612
289.536000	0.158612
289.600000	0.158612
289.664000	0.158612
289.728000	0.158612
289.792000	0.158612
289.856000	0.158612
289.920000	0.158612
289.984000	0.158612
290.048000	0.158612
290.112000	0.158612
290.176000	0.158612
290.240000	0.158612
290.304000	0.158612
290.368000	0.158612
290.432000	0.158612
290.496000	0.158612
290.560000	0.158612
290.624000	0.158612
290.688000	0.158612
290.752000	0.158612
290.816000	0.158612
290.880000	0.158612
290.944000	0.158612
291.008000	0.158612
291.072000	0.158612
291.136000	0.158612
291.200000	0.158612
291.264000	0.158612
291.328000	0.158612
291.392000	0.158612
291.456000	0.158612
291.520000	0.158612
291.584000	0.158612
291.648000	0.158612
291.712000	0.158612
291.776000	0.158612
291.840000	0.158612
291.904000	0.158612
291.968000	0.158612
292.032000	0.158612
292.096000	0.158612
292.160000	0.158612
292.224000	0.158612
292.288000	0.158612
292.352000	0.158612
292.416000	0.158612
292.480000	0.158612
292.544000	0.158612
292.608000	0.158612
292.672000	0.158612
292.736000	0.158612
292.800000	0.158612
292.864000	0.158612
292.928000	0.213407
292.992000	0.213407
293.056000	0.213407
293.120000	0.213407
293.184000	0.213407
293.248000	0.213407
293.312000	0.213407
293.376000	0.213407
293.440000	0.213407
293.504000	0.213407
293.568000	0.213407
293.632000	0.243004
293.696000	0.243004
293.760000	0.243004
293.824000	0.243004
293.888000	0.243004
293.952000	0.243004
294.016000	0.243004
294.080000	0.243004
294.144000	0.243004
294.208000	0.243004
294.272000	0.243004
294.336000	0.243004
294.400000	0.243004
294.464000	0.243004
294.528000	0.243004
294.592000	0.243004
294.656000	0.243004
294.720000	0.243004
294.784000	0.243004
294.848000	0.243004
294.912000	0.243004
294.976000	0.243004
295.040000	0.243004
295.104000	0.243004
295.168000	0.243004
295.232000	0.243004
295.296000	0.243004
295.360000	0.243004
295.424000	0.243004
295.488000	0.243004
295.552000	0.243004
295.616000	0.243004
295.680000	0.243004
295.744000	0.243004
295.808000	0.243004
295.872000	0.243004
295.936000	0.243004
296.000000	0.243004
296.064000	0.243004
296.128000	0.243004
296.192000	0.243004
296.256000	0.243004
296.320000	0.243004
296.384000	0.243004
296.448000	0.243004
296.512000	0.243004
296.576000	0.243004
296.640000	0.243004
296.704000	0.243004
296.768000	0.243004
296.832000	0.243004
296.896000	0.243004
296.960000	0.243004
297.024000	0.243004
297.088000	0.243004
297.152000	0.243004
297.216000	0.257794
297.280000	0.257794
297.344000	0.257794
297.408000	0.257794
297.472000	0.257794
297.536000	0.257794
297.600000	0.257794
297.664000	0.257794
297.728000	0.257794
297.792000	0.257794
297.856000	0.257794
297.920000	0.257794
297.984000	0.257794
298.048000	0.257794
298.112000	0.257794
298.176000	0.257794
298.240000	0.257794
298.304000	0.257794
298.368000	0.257794
298.432000	0.257794
298.496000	0.257794
298.560000	0.257794
298.624000	0.257794
298.688000	0.257794
298.752000	0.257794
298.816000	0.257794
298.880000	0.257794
298.944000	0.257794
299.008000	0.186080
299.072000	0.167569
299.136000	0.167569
299.200000	0.167569
299.264000	0.167569
299.328000	0.167569
299.392000	0.167569
299.456000	0.167569
299.520000	0.167569
299.584000	0.167569
299.648000	0.167569
299.712000	0.167569
299.776000	0.167569
299.840000	0.167569
299.904000	0.167569
299.968000	0.167569
300.032000	0.167569
300.096000	0.167569
300.160000	0.167569
300.224000	0.167569
300.288000	0.167569
300.352000	0.167569
300.416000	0.167569
300.480000	0.167569
300.544000	0.167569
300.608000	0.167569
300.672000	0.167569
300.736000	0.167569
300.800000	0.167569
300.864000	0.167569
300.928000	0.167569
300.992000	0.167569
301.056000	0.167569
301.120000	0.167569
301.184000	0.167569
301.248000	0.167569
301.312000	0.167569
301.376000	0.167569
301.440000	0.167569
301.504000	0.167569
301.568000	0.167569
301.632000	0.167569
301.696000	0.167569
301.760000	0.167569
301.824000	0.167569
301.888000	0.167569
301.952000	0.167569
302.016000	0.167569
302.080000	0.167569
302.144000	0.167569
302.208000	0.167569
302.272000	0.167569
302.336000	0.167569
302.400000	0.167569
302.464000	0.167569
302.528000	0.167569
302.592000	0.167569
302.656000	0.167569
302.720000	0.167569
302.784000	0.167569
302.848000	0.167569
302.912000	0.167569
302.976000	0.167569
303.040000	0.167569
303.104000	0.167569
303.168000	0.167569
303.232000	0.167569
303.296000	0.167569
303.360000	0.167569
303.424000	0.167569
303.488000	0.167569
303.552000	0.167569
303.616000	0.167569
303.680000	0.167569
303.744000	0.167569
303.808000	0.167569
303.872000	0.167569
303.936000	0.167569
304.000000	0.167569
304.064000	0.167569
304.128000	0.167569
304.192000	0.167569
304.256000	0.167569
304.320000	0.167569
304.384000	0.167569
304.448000	0.167569
304.512000	0.167569
304.576000	0.167569
304.640000	0.167569
304.704000	0.167569
304.768000	0.167569
304.832000	0.167569
304.896000	0.167569
304.960000	0.167569
305.024000	0.167569
305.088000	0.167569
305.152000	0.167569
305.216000	0.167569
305.280000	0.167569
305.344000	0.167569
305.408000	0.167569
305.472000	0.179750
305.536000	0.179750
305.600000	0.179750
305.664000	0.179750
305.728000	0.179750
305.792000	0.179750
305.856000	0.179750
305.920000	0.179750
305.984000	0.179750
306.048000	0.179750
306.112000	0.179750
306.176000	0.179750
306.240000	0.179750
306.304000	0.179750
306.368000	0.179750
306.432000	0.179750
306.496000	0.179750
306.560000	0.179750
306.624000	0.179750
306.688000	0.179750
306.752000	0.179750
306.816000	0.179750
306.880000	0.179750
306.944000	0.179750
307.008000	0.179750
307.072000	0.179750
307.136000	0.054883
307.200000	0.000041
307.264000	0.000041
307.328000	0.000041
307.392000	0.000041
307.456000	0.000041
307.520000	0.000034
307.584000	0.000034
307.648000	0.000034
307.712000	0.000034
307.776000	0.000034
307.840000	0.000017
307.904000	0.000017
307.968000	0.000000
308.032000	0.000000
308.096000	0.000000
308.160000	0.000000
308.224000	0.000000
308.288000	0.000000
308.352000	0.000000
308.416000	0.000000
308.480000	0.000000
308.544000	0.000000
308.608000	0.000000
308.672000	0.000000
308.736000	0.000000
308.800000	0.000000
308.864000	0.000000
308.928000	0.000000
308.992000	0.000000
309.056000	0.000000
309.120000	0.000000
309.184000	0.000000
309.248000	0.000000
309.312000	0.000000
309.376000	0.000000
309.440000	0.000000
309.504000	0.000000
309.568000	0.000000
309.632000	0.000000
309.696000	0.000000
309.760000	0.000000
309.824000	0.000000
309.888000	0.000000
309.952000	0.000000
310.016000	0.000000
310.080000	0.000000
310.144000	0.000000
310.208000	0.000000
310.272000	0.000000
310.336000	0.000000
310.400000	0.000000
310.464000	0.000000
310.528000	0.000000
310.592000	0.000000
310.656000	0.000000
310.720000	0.000000
310.784000	0.000000
310.848000	0.000000
310.912000	0.000000
310.976000	0.000000
311.040000	0.000000
311.104000	0.000000
