2.500000	0.417851
3.000000	0.369978
3.500000	0.097060
4.000000	0.097060
4.500000	0.437152
5.000000	0.437152
5.500000	0.000000
6.000000	0.000000
6.500000	0.099673
7.000000	0.073762
7.500000	0.000000
8.000000	0.000000
8.500000	0.000000
9.000000	0.000000
9.500000	0.000000
10.000000	0.000000
10.500000	0.098059
11.000000	0.199162
11.500000	0.100608
12.000000	0.000000
12.500000	0.000000
13.000000	0.000000
13.500000	0.000000
14.000000	0.000000
14.500000	0.000000
15.000000	0.000000
15.500000	0.000000
16.000000	0.048171
16.500000	0.000000
17.000000	0.124298
17.500000	0.000000
18.000000	0.843848
18.500000	0.717221
19.000000	0.717221
19.500000	0.332273
20.000000	0.889536
20.500000	0.580790
21.000000	0.323447
21.500000	0.484593
22.000000	0.000000
22.500000	0.000000
23.000000	0.000000
23.500000	0.000000
24.000000	0.000000
24.500000	0.000000
25.000000	0.000000
25.500000	0.000000
26.000000	0.000000
26.500000	0.000000
27.000000	0.000000
27.500000	0.000000
28.000000	0.000000
28.500000	0.000000
29.000000	0.000000
29.500000	0.000000
30.000000	0.000000
30.500000	0.000000
31.000000	0.000000
31.500000	0.000000
32.000000	0.000000
32.500000	0.000000
33.000000	0.000000
33.500000	0.000000
34.000000	0.000000
34.500000	0.000000
35.000000	0.000000
35.500000	0.000000
36.000000	0.000000
36.500000	0.000000
37.000000	0.000000
37.500000	0.000000
38.000000	0.000000
38.500000	0.000000
39.000000	0.000000
39.500000	0.000000
40.000000	0.000000
40.500000	0.000000
41.000000	0.048210
41.500000	0.048210
42.000000	0.000000
42.500000	0.000000
43.000000	0.326659
43.500000	0.326659
44.000000	0.301653
44.500000	0.000000
45.000000	0.101535
45.500000	0.047942
46.000000	0.176738
46.500000	0.176738
47.000000	0.000000
47.500000	0.722710
48.000000	0.047904
48.500000	0.047904
49.000000	0.121204
49.500000	0.000000
50.000000	0.000000
50.500000	0.000000
51.000000	0.000000
51.500000	0.000000
52.000000	0.000000
52.500000	0.000000
53.000000	0.073514
53.500000	0.073514
54.000000	0.000000
54.500000	0.000000
55.000000	0.000000
55.500000	0.173871
56.000000	0.287473
56.500000	0.420644
57.000000	0.446173
57.500000	0.175784
58.000000	0.310656
58.500000	0.228018
59.000000	0.387173
59.500000	0.387173
60.000000	0.072120
60.500000	0.000000
61.000000	0.000000
61.500000	0.000000
62.000000	0.000000
62.500000	0.100789
63.000000	0.000000
63.500000	0.099070
64.000000	0.000000
64.500000	0.000000
65.000000	0.000000
65.500000	0.195227
66.000000	0.332977
66.500000	0.000000
67.000000	0.100071
67.500000	0.169805
68.000000	0.169805
68.500000	0.000000
69.000000	0.000000
69.500000	0.000000
70.000000	0.000000
70.500000	0.282207
71.000000	0.130630
71.500000	0.223861
72.000000	0.552779
72.500000	0.971678
73.000000	1.000000
73.500000	1.000000
74.000000	1.000000
74.500000	1.000000
75.000000	1.000000
75.500000	1.000000
76.000000	0.940420
76.500000	1.000000
77.000000	0.426797
77.500000	0.202565
78.000000	0.240957
78.500000	0.225423
79.000000	0.124823
79.500000	0.098905
80.000000	0.047899
80.500000	0.047767
81.000000	0.308014
81.500000	0.689082
82.000000	1.000000
82.500000	0.961037
83.000000	0.485614
83.500000	0.313461
84.000000	0.293317
84.500000	0.333003
85.000000	0.428168
85.500000	1.000000
86.000000	1.000000
86.500000	0.546383
87.000000	0.242978
87.500000	0.209055
88.000000	0.209055
88.500000	0.000000
89.000000	0.442437
89.500000	0.227501
90.000000	0.178326
90.500000	0.000000
91.000000	0.000000
91.500000	0.000000
92.000000	0.000000
92.500000	0.000000
93.000000	0.000000
93.500000	0.050222
94.000000	0.023997
94.500000	0.139369
95.000000	0.051281
95.500000	0.174308
96.000000	0.174308
96.500000	0.267398
97.000000	0.267398
97.500000	0.267398
98.000000	0.371168
98.500000	0.173130
99.000000	0.000000
99.500000	0.023904
100.000000	0.000000
100.500000	0.000000
101.000000	0.000000
101.500000	0.000000
102.000000	0.000000
102.500000	0.000000
103.000000	0.000000
103.500000	0.000000
104.000000	0.099283
104.500000	0.100795
105.000000	0.000000
105.500000	0.000000
106.000000	0.000000
106.500000	0.000000
107.000000	0.000000
107.500000	0.000000
108.000000	0.000000
108.500000	0.000000
109.000000	0.000000
109.500000	0.000000
110.000000	0.000000
110.500000	0.099106
111.000000	0.099106
111.500000	0.000000
112.000000	0.000000
112.500000	0.000000
113.000000	0.000000
113.500000	0.000000
114.000000	0.000000
114.500000	0.000000
115.000000	0.000000
115.500000	0.000000
116.000000	0.000000
116.500000	0.000000
117.000000	0.000000
117.500000	0.000000
118.000000	0.000000
118.500000	0.000000
119.000000	0.000000
119.500000	0.000000
120.000000	0.000000
120.500000	0.000000
121.000000	0.000000
121.500000	0.000000
122.000000	0.000000
122.500000	0.000000
123.000000	0.000000
123.500000	0.000000
124.000000	0.000000
124.500000	0.000000
125.000000	0.000000
125.500000	0.000000
126.000000	0.000000
126.500000	0.000000
127.000000	0.000000
127.500000	0.000000
128.000000	0.000000
128.500000	0.000000
129.000000	0.000000
129.500000	0.000000
130.000000	0.000000
130.500000	0.000000
131.000000	0.000000
131.500000	0.000000
132.000000	0.072588
132.500000	0.000000
133.000000	0.000000
133.500000	0.000000
134.000000	0.000000
134.500000	0.000000
135.000000	0.000000
135.500000	0.000000
136.000000	0.000000
136.500000	0.000000
137.000000	0.000000
137.500000	0.000000
138.000000	0.000000
138.500000	0.000000
139.000000	0.000000
139.500000	0.124253
140.000000	0.124253
140.500000	0.023857
141.000000	0.000000
141.500000	0.073499
142.000000	0.000000
142.500000	0.000000
143.000000	0.000000
143.500000	0.000000
144.000000	0.000000
144.500000	0.000000
145.000000	0.000000
145.500000	0.000000
146.000000	0.000000
146.500000	0.000000
147.000000	0.072955
147.500000	0.048609
148.000000	0.000000
148.500000	0.199330
149.000000	0.388109
149.500000	0.124648
150.000000	0.124648
150.500000	0.124648
151.000000	0.101357
151.500000	0.000000
152.000000	0.000000
152.500000	0.000000
153.000000	0.000000
153.500000	0.000000
154.000000	0.000000
154.500000	0.000000
155.000000	0.000000
155.500000	0.000000
156.000000	0.000000
156.500000	0.000000
157.000000	0.000000
157.500000	0.000000
158.000000	0.000000
158.500000	0.000000
159.000000	0.000000
159.500000	0.000000
160.000000	0.000000
160.500000	0.000000
161.000000	0.000000
161.500000	0.000000
162.000000	0.000000
162.500000	0.000000
163.000000	0.000000
163.500000	0.000000
164.000000	0.000000
164.500000	0.000000
165.000000	0.000000
165.500000	0.000000
166.000000	0.098097
166.500000	0.048660
167.000000	0.048660
167.500000	0.048660
168.000000	0.000000
168.500000	0.000000
169.000000	0.000000
169.500000	0.000000
170.000000	0.000000
170.500000	0.000000
171.000000	0.000000
171.500000	0.000000
172.000000	0.000000
172.500000	0.000000
173.000000	0.000000
173.500000	0.000000
174.000000	0.000000
174.500000	0.000000
175.000000	0.000000
175.500000	0.000000
176.000000	0.180288
176.500000	0.180288
177.000000	0.000000
177.500000	0.182553
178.000000	0.182553
178.500000	0.125927
179.000000	0.047972
179.500000	0.047972
180.000000	0.000000
180.500000	0.000000
181.000000	0.000000
181.500000	0.000000
182.000000	0.000000
182.500000	0.000000
183.000000	0.000000
183.500000	0.000000
184.000000	0.000000
184.500000	0.000000
185.000000	0.000000
185.500000	0.000000
186.000000	0.000000
186.500000	0.000000
187.000000	0.000000
187.500000	0.000000
188.000000	0.000000
188.500000	0.000000
189.000000	0.000000
189.500000	0.000000
190.000000	0.000000
190.500000	0.000000
191.000000	0.000000
191.500000	0.000000
192.000000	0.165048
192.500000	0.000000
193.000000	0.000000
193.500000	0.000000
194.000000	0.000000
194.500000	0.000000
195.000000	0.000000
195.500000	0.000000
196.000000	0.000000
196.500000	0.000000
197.000000	0.000000
197.500000	0.000000
198.000000	0.000000
198.500000	0.122834
199.000000	0.259748
199.500000	0.146116
200.000000	0.146116
200.500000	0.292056
201.000000	0.292056
201.500000	0.292056
202.000000	0.740972
202.500000	0.198135
203.000000	0.099570
203.500000	0.000000
204.000000	0.125788
204.500000	0.211501
205.000000	0.211501
205.500000	0.100170
206.000000	0.100170
206.500000	0.100170
207.000000	0.000000
207.500000	0.000000
208.000000	0.000000
208.500000	0.000000
209.000000	0.000000
209.500000	0.000000
210.000000	0.000000
210.500000	0.000000
211.000000	0.000000
211.500000	0.000000
212.000000	0.000000
212.500000	0.000000
213.000000	0.000000
213.500000	0.000000
214.000000	0.000000
214.500000	0.000000
215.000000	0.000000
215.500000	0.000000
216.000000	0.000000
216.500000	0.000000
217.000000	0.000000
217.500000	0.000000
218.000000	0.000000
218.500000	0.000000
219.000000	0.000000
219.500000	0.000000
220.000000	0.123730
220.500000	0.582308
221.000000	0.582308
221.500000	0.582308
222.000000	0.880963
222.500000	0.203799
223.000000	0.000000
223.500000	0.000000
224.000000	0.000000
224.500000	0.000000
225.000000	0.000000
225.500000	0.000000
226.000000	0.000000
226.500000	0.000000
227.000000	0.000000
227.500000	0.000000
228.000000	0.000000
228.500000	0.000000
229.000000	0.000000
229.500000	0.000000
230.000000	0.000000
230.500000	0.000000
231.000000	0.000000
231.500000	0.000000
232.000000	0.000000
232.500000	0.000000
233.000000	0.000000
233.500000	0.000000
234.000000	0.000000
234.500000	0.000000
235.000000	0.000000
235.500000	0.000000
236.000000	0.000000
236.500000	0.000000
237.000000	0.000000
237.500000	0.023941
238.000000	0.023941
238.500000	0.023953
239.000000	0.048281
239.500000	0.000000
240.000000	0.024226
240.500000	0.180386
241.000000	0.577601
241.500000	0.501677
242.000000	0.517753
242.500000	1.000000
243.000000	1.000000
243.500000	1.000000
244.000000	0.646996
244.500000	0.646996
245.000000	0.744084
245.500000	0.486530
246.000000	0.000000
246.500000	0.120262
247.000000	0.173237
247.500000	0.000000
248.000000	0.000000
248.500000	0.000000
249.000000	0.000000
249.500000	0.000000
250.000000	0.048159
250.500000	0.048159
251.000000	0.472629
251.500000	0.305213
252.000000	0.230997
252.500000	0.180184
253.000000	0.000000
253.500000	0.000000
254.000000	0.000000
254.500000	0.000000
255.000000	0.000000
255.500000	0.000000
256.000000	0.000000
256.500000	0.000000
257.000000	0.000000
257.500000	0.000000
258.000000	0.000000
258.500000	0.000000
259.000000	0.000000
259.500000	0.000000
260.000000	0.000000
260.500000	0.000000
261.000000	0.000000
261.500000	0.000000
262.000000	0.000000
262.500000	0.000000
263.000000	0.000000
263.500000	0.000000
264.000000	0.000000
264.500000	0.000000
265.000000	0.000000
265.500000	0.000000
266.000000	0.000000
266.500000	0.000000
267.000000	0.000000
267.500000	0.000000
268.000000	0.000000
268.500000	0.000000
269.000000	0.000000
269.500000	0.000000
270.000000	0.000000
270.500000	0.000000
271.000000	0.000000
271.500000	0.000000
272.000000	0.000000
272.500000	0.000000
273.000000	0.000000
273.500000	0.000000
274.000000	0.000000
274.500000	0.000000
275.000000	0.000000
275.500000	0.000000
276.000000	0.000000
276.500000	0.000000
277.000000	0.000000
277.500000	0.000000
278.000000	0.000000
278.500000	0.000000
279.000000	0.000000
279.500000	0.000000
280.000000	0.000000
280.500000	0.000000
281.000000	0.000000
281.500000	0.000000
282.000000	0.000000
282.500000	0.000000
283.000000	0.000000
283.500000	0.000000
284.000000	0.000000
284.500000	0.000000
285.000000	0.000000
285.500000	0.000000
286.000000	0.000000
286.500000	0.000000
287.000000	0.000000
287.500000	0.000000
288.000000	0.000000
288.500000	0.000000
289.000000	0.000000
289.500000	0.000000
290.000000	0.000000
290.500000	0.000000
291.000000	0.000000
291.500000	0.000000
292.000000	0.000000
292.500000	0.000000
293.000000	0.098181
293.500000	0.449319
294.000000	0.649302
294.500000	0.649302
295.000000	0.389535
295.500000	0.277738
296.000000	0.426118
296.500000	0.338961
297.000000	0.201972
297.500000	0.074630
298.000000	0.000000
298.500000	0.000000
299.000000	0.000000
299.500000	0.000000
300.000000	0.048408
300.500000	0.000000
301.000000	0.000000
301.500000	0.195676
302.000000	0.235780
302.500000	0.000000
303.000000	0.277393
303.500000	0.277393
304.000000	0.943757
304.500000	1.000000
305.000000	0.228716
