0.064000	0.000000
0.128000	0.000000
0.192000	0.000000
0.256000	0.000000
0.320000	0.000000
0.384000	0.000000
0.448000	0.000000
0.512000	0.000000
0.576000	0.000000
0.640000	0.000000
0.704000	0.000000
0.768000	0.000000
0.832000	0.000000
0.896000	0.000000
0.960000	0.000000
1.024000	0.000000
1.088000	0.000000
1.152000	0.000000
1.216000	0.000000
1.280000	0.000000
1.344000	0.000000
1.408000	0.000000
1.472000	0.000000
1.536000	0.000000
1.600000	0.000000
1.664000	0.000000
1.728000	0.000000
1.792000	0.000000
1.856000	0.000000
1.920000	0.000000
1.984000	0.000000
2.048000	0.000000
2.112000	0.000000
2.176000	0.000000
2.240000	0.000000
2.304000	0.000000
2.368000	0.000000
2.432000	0.000000
2.496000	0.000000
2.560000	0.000000
2.624000	0.000000
2.688000	0.000000
2.752000	0.000000
2.816000	0.000000
2.880000	0.000000
2.944000	0.000000
3.008000	0.000000
3.072000	0.000000
3.136000	0.000000
3.200000	0.000000
3.264000	0.263722
3.328000	0.263722
3.392000	0.263722
3.456000	0.263722
3.520000	0.263722
3.584000	0.263722
3.648000	0.263722
3.712000	0.263722
3.776000	0.263722
3.840000	0.263722
3.904000	0.263722
3.968000	0.263722
4.032000	0.263722
4.096000	0.263722
4.160000	0.263722
4.224000	0.263722
4.288000	0.263722
4.352000	0.263722
4.416000	0.263722
4.480000	0.263722
4.544000	0.263722
4.608000	0.263722
4.672000	0.263722
4.736000	0.263722
4.800000	0.263722
4.864000	0.263722
4.928000	0.263722
4.992000	0.263722
5.056000	0.263722
5.120000	0.263722
5.184000	0.263722
5.248000	0.263722
5.312000	0.263722
5.376000	0.193976
5.440000	0.193976
5.504000	0.193976
5.568000	0.193976
5.632000	0.193976
5.696000	0.193976
5.760000	0.193976
5.824000	0.193976
5.888000	0.193976
5.952000	0.193976
6.016000	0.193976
6.080000	0.193976
6.144000	0.193976
6.208000	0.193976
6.272000	0.193976
6.336000	0.193976
6.400000	0.193976
6.464000	0.193976
6.528000	0.193976
6.592000	0.193976
6.656000	0.193976
6.720000	0.193976
6.784000	0.193976
6.848000	0.193976
6.912000	0.193976
6.976000	0.193976
7.040000	0.193976
7.104000	0.193976
7.168000	0.193976
7.232000	0.193976
7.296000	0.193976
7.360000	0.193976
7.424000	0.193976
7.488000	0.193976
7.552000	0.193976
7.616000	0.193976
7.680000	0.193976
7.744000	0.193976
7.808000	0.193976
7.872000	0.193976
7.936000	0.193976
8.000000	0.193976
8.064000	0.193976
8.128000	0.193976
8.192000	0.193976
8.256000	0.193976
8.320000	0.193976
8.384000	0.193976
8.448000	0.193976
8.512000	0.193976
8.576000	0.193976
8.640000	0.193976
8.704000	0.193976
8.768000	0.193976
8.832000	0.193976
8.896000	0.193976
8.960000	0.193976
9.024000	0.193976
9.088000	0.193976
9.152000	0.193976
9.216000	0.193976
9.280000	0.193976
9.344000	0.193976
9.408000	0.193976
9.472000	0.193976
9.536000	0.077139
9.600000	0.077139
9.664000	0.077139
9.728000	0.077139
9.792000	0.077139
9.856000	0.077139
9.920000	0.077139
9.984000	0.077139
10.048000	0.077139
10.112000	0.077139
10.176000	0.077139
10.240000	0.077139
10.304000	0.077139
10.368000	0.077139
10.432000	0.077139
10.496000	0.077139
10.560000	0.077139
10.624000	0.077139
10.688000	0.077139
10.752000	0.077139
10.816000	0.077139
10.880000	0.077139
10.944000	0.077139
11.008000	0.077139
11.072000	0.077139
11.136000	0.077139
11.200000	0.077139
11.264000	0.077139
11.328000	0.077139
11.392000	0.077139
11.456000	0.077139
11.520000	0.077139
11.584000	0.077139
11.648000	0.077139
11.712000	0.077139
11.776000	0.077139
11.840000	0.077139
11.904000	0.077139
11.968000	0.077139
12.032000	0.077139
12.096000	0.077139
12.160000	0.077139
12.224000	0.077139
12.288000	0.077139
12.352000	0.077139
12.416000	0.077139
12.480000	0.077139
12.544000	0.077139
12.608000	0.077139
12.672000	0.077139
12.736000	0.077139
12.800000	0.077139
12.864000	0.077139
12.928000	0.077139
12.992000	0.077139
13.056000	0.077139
13.120000	0.077139
13.184000	0.077139
13.248000	0.077139
13.312000	0.077139
13.376000	0.077139
13.440000	0.077139
13.504000	0.077139
13.568000	0.077139
13.632000	0.077139
13.696000	0.077139
13.760000	0.077139
13.824000	0.077139
13.888000	0.077139
13.952000	0.077139
14.016000	0.077139
14.080000	0.077139
14.144000	0.077139
14.208000	0.077139
14.272000	0.077139
14.336000	0.077139
14.400000	0.077139
14.464000	0.077139
14.528000	0.077139
14.592000	0.077139
14.656000	0.077139
14.720000	0.077139
14.784000	0.077139
14.848000	0.077139
14.912000	0.077139
14.976000	0.077139
15.040000	0.077139
15.104000	0.077139
15.168000	0.077139
15.232000	0.077139
15.296000	0.077139
15.360000	0.077139
15.424000	0.077139
15.488000	0.077139
15.552000	0.077139
15.616000	0.077139
15.680000	0.077139
15.744000	0.077139
15.808000	0.077139
15.872000	0.077139
15.936000	0.159867
16.000000	0.165282
16.064000	0.165282
16.128000	0.165282
16.192000	0.165282
16.256000	0.165282
16.320000	0.165282
16.384000	0.165282
16.448000	0.165282
16.512000	0.165282
16.576000	0.165282
16.640000	0.165282
16.704000	0.165282
16.768000	0.165282
16.832000	0.165282
16.896000	0.165282
16.960000	0.165282
17.024000	0.165282
17.088000	0.165282
17.152000	0.165282
17.216000	0.165282
17.280000	0.165282
17.344000	0.165282
17.408000	0.165282
17.472000	0.165282
17.536000	0.165282
17.600000	0.165282
17.664000	0.165282
17.728000	0.165282
17.792000	0.165282
17.856000	0.165282
17.920000	0.165282
17.984000	0.165282
18.048000	0.165282
18.112000	0.165282
18.176000	0.165282
18.240000	0.165282
18.304000	0.165282
18.368000	0.165282
18.432000	0.165282
18.496000	0.165282
18.560000	0.165282
18.624000	0.165282
18.688000	0.165282
18.752000	0.165282
18.816000	0.165282
18.880000	0.165282
18.944000	0.165282
19.008000	0.165282
19.072000	0.165282
19.136000	0.165282
19.200000	0.165282
19.264000	0.165282
19.328000	0.165282
19.392000	0.165282
19.456000	0.165282
19.520000	0.165282
19.584000	0.165282
19.648000	0.165282
19.712000	0.165282
19.776000	0.165282
19.840000	0.165282
19.904000	0.165282
19.968000	0.165282
20.032000	0.165282
20.096000	0.165282
20.160000	0.165282
20.224000	0.165282
20.288000	0.165282
20.352000	0.165282
20.416000	0.165282
20.480000	0.165282
20.544000	0.165282
20.608000	0.165282
20.672000	0.165282
20.736000	0.165282
20.800000	0.183085
20.864000	0.229441
20.928000	0.229441
20.992000	0.229441
21.056000	0.229441
21.120000	0.229441
21.184000	0.229441
21.248000	0.229441
21.312000	0.229441
21.376000	0.119709
21.440000	0.119709
21.504000	0.119709
21.568000	0.119709
21.632000	0.119709
21.696000	0.119709
21.760000	0.119709
21.824000	0.119709
21.888000	0.119709
21.952000	0.119709
22.016000	0.119709
22.080000	0.119709
22.144000	0.119709
22.208000	0.119709
22.272000	0.119709
22.336000	0.119709
22.400000	0.119709
22.464000	0.119709
22.528000	0.119709
22.592000	0.119709
22.656000	0.119709
22.720000	0.119709
22.784000	0.119709
22.848000	0.119709
22.912000	0.119709
22.976000	0.119709
23.040000	0.119709
23.104000	0.119709
23.168000	0.119709
23.232000	0.119709
23.296000	0.119709
23.360000	0.119709
23.424000	0.119709
23.488000	0.119709
23.552000	0.119709
23.616000	0.119709
23.680000	0.119709
23.744000	0.119709
23.808000	0.119709
23.872000	0.119709
23.936000	0.119709
24.000000	0.119709
24.064000	0.119709
24.128000	0.119709
24.192000	0.119709
24.256000	0.119709
24.320000	0.119709
24.384000	0.119709
24.448000	0.119709
24.512000	0.119709
24.576000	0.119709
24.640000	0.119709
24.704000	0.119709
24.768000	0.119709
24.832000	0.119709
24.896000	0.119709
24.960000	0.119709
25.024000	0.119709
25.088000	0.119709
25.152000	0.119709
25.216000	0.119709
25.280000	0.119709
25.344000	0.119709
25.408000	0.119709
25.472000	0.119709
25.536000	0.119709
25.600000	0.119709
25.664000	0.119709
25.728000	0.119709
25.792000	0.119709
25.856000	0.119709
25.920000	0.119709
25.984000	0.119709
26.048000	0.119709
26.112000	0.119709
26.176000	0.119709
26.240000	0.119709
26.304000	0.119709
26.368000	0.119709
26.432000	0.119709
26.496000	0.119709
26.560000	0.119709
26.624000	0.119709
26.688000	0.119709
26.752000	0.119709
26.816000	0.119709
26.880000	0.119709
26.944000	0.119709
27.008000	0.119709
27.072000	0.119709
27.136000	0.119709
27.200000	0.119709
27.264000	0.119709
27.328000	0.119709
27.392000	0.119709
27.456000	0.119709
27.520000	0.119709
27.584000	0.119709
27.648000	0.119709
27.712000	0.119709
27.776000	0.120329
27.840000	0.120329
27.904000	0.120329
27.968000	0.120329
28.032000	0.120329
28.096000	0.120329
28.160000	0.120329
28.224000	0.120329
28.288000	0.120329
28.352000	0.120329
28.416000	0.120329
28.480000	0.120329
28.544000	0.120329
28.608000	0.120329
28.672000	0.120329
28.736000	0.120329
28.800000	0.120329
28.864000	0.120329
28.928000	0.120329
28.992000	0.120329
29.056000	0.120329
29.120000	0.120329
29.184000	0.120329
29.248000	0.120329
29.312000	0.120329
29.376000	0.120329
29.440000	0.120329
29.504000	0.120329
29.568000	0.120329
29.632000	0.120329
29.696000	0.120329
29.760000	0.120329
29.824000	0.120329
29.888000	0.120329
29.952000	0.120329
30.016000	0.120329
30.080000	0.120329
30.144000	0.120329
30.208000	0.120329
30.272000	0.120329
30.336000	0.120329
30.400000	0.120329
30.464000	0.120329
30.528000	0.120329
30.592000	0.120329
30.656000	0.120329
30.720000	0.120329
30.784000	0.120329
30.848000	0.120329
30.912000	0.120329
30.976000	0.120329
31.040000	0.120329
31.104000	0.120329
31.168000	0.206162
31.232000	0.206162
31.296000	0.206162
31.360000	0.206162
31.424000	0.206162
31.488000	0.206162
31.552000	0.206162
31.616000	0.206162
31.680000	0.206162
31.744000	0.206162
31.808000	0.170440
31.872000	0.170440
31.936000	0.170440
32.000000	0.170440
32.064000	0.170440
32.128000	0.170440
32.192000	0.170440
32.256000	0.170440
32.320000	0.170440
32.384000	0.170440
32.448000	0.170440
32.512000	0.170440
32.576000	0.170440
32.640000	0.170440
32.704000	0.170440
32.768000	0.170440
32.832000	0.170440
32.896000	0.170440
32.960000	0.170440
33.024000	0.170440
33.088000	0.170440
33.152000	0.170440
33.216000	0.170440
33.280000	0.170440
33.344000	0.170440
33.408000	0.170440
33.472000	0.170440
33.536000	0.170440
33.600000	0.170440
33.664000	0.170440
33.728000	0.170440
33.792000	0.170440
33.856000	0.170440
33.920000	0.170440
33.984000	0.148491
34.048000	0.148491
34.112000	0.148491
34.176000	0.148491
34.240000	0.148491
34.304000	0.148491
34.368000	0.148491
34.432000	0.148491
34.496000	0.148491
34.560000	0.148491
34.624000	0.148491
34.688000	0.148491
34.752000	0.148491
34.816000	0.148491
34.880000	0.148491
34.944000	0.148491
35.008000	0.148491
35.072000	0.148491
35.136000	0.148491
35.200000	0.148491
35.264000	0.148491
35.328000	0.148491
35.392000	0.148491
35.456000	0.148491
35.520000	0.148491
35.584000	0.148491
35.648000	0.148491
35.712000	0.148491
35.776000	0.148491
35.840000	0.148491
35.904000	0.148491
35.968000	0.148491
36.032000	0.148491
36.096000	0.148491
36.160000	0.148491
36.224000	0.148491
36.288000	0.148491
36.352000	0.148491
36.416000	0.148491
36.480000	0.148491
36.544000	0.148491
36.608000	0.148491
36.672000	0.148491
36.736000	0.148491
36.800000	0.148491
36.864000	0.148491
36.928000	0.148491
36.992000	0.148491
37.056000	0.143949
37.120000	0.143949
37.184000	0.143949
37.248000	0.143949
37.312000	0.143949
37.376000	0.143949
37.440000	0.143949
37.504000	0.143949
37.568000	0.143949
37.632000	0.143949
37.696000	0.143949
37.760000	0.143949
37.824000	0.143949
37.888000	0.143949
37.952000	0.143949
38.016000	0.143949
38.080000	0.143949
38.144000	0.143949
38.208000	0.143949
38.272000	0.143949
38.336000	0.143949
38.400000	0.143949
38.464000	0.143949
38.528000	0.143949
38.592000	0.143949
38.656000	0.143949
38.720000	0.143949
38.784000	0.143949
38.848000	0.143949
38.912000	0.143949
38.976000	0.143949
39.040000	0.143949
39.104000	0.143949
39.168000	0.143949
39.232000	0.143949
39.296000	0.143949
39.360000	0.143949
39.424000	0.143949
39.488000	0.143949
39.552000	0.143949
39.616000	0.143949
39.680000	0.143949
39.744000	0.143949
39.808000	0.143949
39.872000	0.143949
39.936000	0.143949
40.000000	0.143949
40.064000	0.143949
40.128000	0.143949
40.192000	0.143949
40.256000	0.143949
40.320000	0.143949
40.384000	0.143949
40.448000	0.143949
40.512000	0.143949
40.576000	0.143949
40.640000	0.143949
40.704000	0.143949
40.768000	0.143949
40.832000	0.143949
40.896000	0.143949
40.960000	0.143949
41.024000	0.143949
41.088000	0.143949
41.152000	0.143949
41.216000	0.143949
41.280000	0.143949
41.344000	0.143949
41.408000	0.143949
41.472000	0.143949
41.536000	0.143949
41.600000	0.143949
41.664000	0.143949
41.728000	0.143949
41.792000	0.143949
41.856000	0.143949
41.920000	0.143949
41.984000	0.143949
42.048000	0.143949
42.112000	0.143949
42.176000	0.143949
42.240000	0.143949
42.304000	0.143949
42.368000	0.143949
42.432000	0.143949
42.496000	0.143949
42.560000	0.143949
42.624000	0.143949
42.688000	0.143949
42.752000	0.143949
42.816000	0.143949
42.880000	0.143949
42.944000	0.143949
43.008000	0.143949
43.072000	0.143949
43.136000	0.143949
43.200000	0.143949
43.264000	0.143949
43.328000	0.143949
43.392000	0.143949
43.456000	0.235774
43.520000	0.235774
43.584000	0.235774
43.648000	0.235774
43.712000	0.235774
43.776000	0.235774
43.840000	0.235774
43.904000	0.235774
43.968000	0.235774
44.032000	0.235774
44.096000	0.235774
44.160000	0.235774
44.224000	0.235774
44.288000	0.235774
44.352000	0.235774
44.416000	0.235774
44.480000	0.235774
44.544000	0.235774
44.608000	0.235774
44.672000	0.235774
44.736000	0.235774
44.800000	0.235774
44.864000	0.235774
44.928000	0.235774
44.992000	0.235774
45.056000	0.235774
45.120000	0.243349
45.184000	0.243349
45.248000	0.243349
45.312000	0.243349
45.376000	0.243349
45.440000	0.243349
45.504000	0.243349
45.568000	0.243349
45.632000	0.243349
45.696000	0.243349
45.760000	0.243349
45.824000	0.243349
45.888000	0.243349
45.952000	0.243349
46.016000	0.243349
46.080000	0.243349
46.144000	0.243349
46.208000	0.243349
46.272000	0.243349
46.336000	0.243349
46.400000	0.243349
46.464000	0.243349
46.528000	0.243349
46.592000	0.243349
46.656000	0.243349
46.720000	0.243349
46.784000	0.243349
46.848000	0.243349
46.912000	0.243349
46.976000	0.243349
47.040000	0.243349
47.104000	0.243349
47.168000	0.243349
47.232000	0.243349
47.296000	0.243349
47.360000	0.243349
47.424000	0.243349
47.488000	0.243349
47.552000	0.243349
47.616000	0.243349
47.680000	0.243349
47.744000	0.243349
47.808000	0.243349
47.872000	0.243349
47.936000	0.243349
48.000000	0.243349
48.064000	0.243349
48.128000	0.243349
48.192000	0.243349
48.256000	0.217437
48.320000	0.217437
48.384000	0.217437
48.448000	0.217437
48.512000	0.217437
48.576000	0.217437
48.640000	0.217437
48.704000	0.217437
48.768000	0.217437
48.832000	0.217437
48.896000	0.217437
48.960000	0.217437
49.024000	0.217437
49.088000	0.217437
49.152000	0.217437
49.216000	0.217437
49.280000	0.217437
49.344000	0.217437
49.408000	0.217437
49.472000	0.217437
49.536000	0.217437
49.600000	0.217437
49.664000	0.217437
49.728000	0.217437
49.792000	0.217437
49.856000	0.217437
49.920000	0.217437
49.984000	0.217437
50.048000	0.217437
50.112000	0.217437
50.176000	0.217437
50.240000	0.217437
50.304000	0.217437
50.368000	0.217437
50.432000	0.217437
50.496000	0.217437
50.560000	0.217437
50.624000	0.217437
50.688000	0.217437
50.752000	0.217437
50.816000	0.217437
50.880000	0.217437
50.944000	0.217437
51.008000	0.217437
51.072000	0.217437
51.136000	0.217437
51.200000	0.217437
51.264000	0.217437
51.328000	0.217437
51.392000	0.217437
51.456000	0.217437
51.520000	0.217437
51.584000	0.217437
51.648000	0.217437
51.712000	0.217437
51.776000	0.217437
51.840000	0.217437
51.904000	0.217437
51.968000	0.217437
52.032000	0.217437
52.096000	0.217437
52.160000	0.217437
52.224000	0.217437
52.288000	0.217437
52.352000	0.217437
52.416000	0.217437
52.480000	0.217437
52.544000	0.217437
52.608000	0.217437
52.672000	0.217437
52.736000	0.217437
52.800000	0.217437
52.864000	0.217437
52.928000	0.217437
52.992000	0.217437
53.056000	0.217437
53.120000	0.217437
53.184000	0.217437
53.248000	0.217437
53.312000	0.217437
53.376000	0.217437
53.440000	0.217437
53.504000	0.217437
53.568000	0.217437
53.632000	0.217437
53.696000	0.217437
53.760000	0.217437
53.824000	0.217437
53.888000	0.217437
53.952000	0.217437
54.016000	0.217437
54.080000	0.217437
54.144000	0.217437
54.208000	0.217437
54.272000	0.217437
54.336000	0.217437
54.400000	0.217437
54.464000	0.217437
54.528000	0.217437
54.592000	0.217437
54.656000	0.250943
54.720000	0.250943
54.784000	0.250943
54.848000	0.250943
54.912000	0.250943
54.976000	0.250943
55.040000	0.250943
55.104000	0.250943
55.168000	0.250943
55.232000	0.250943
55.296000	0.250943
55.360000	0.250943
55.424000	0.250943
55.488000	0.250943
55.552000	0.250943
55.616000	0.250943
55.680000	0.250943
55.744000	0.250943
55.808000	0.250943
55.872000	0.250943
55.936000	0.250943
56.000000	0.250943
56.064000	0.250943
56.128000	0.250943
56.192000	0.250943
56.256000	0.250943
56.320000	0.250943
56.384000	0.250943
56.448000	0.250943
56.512000	0.250943
56.576000	0.250943
56.640000	0.250943
56.704000	0.250943
56.768000	0.250943
56.832000	0.250943
56.896000	0.250943
56.960000	0.250943
57.024000	0.250943
57.088000	0.250943
57.152000	0.250943
57.216000	0.250943
57.280000	0.250943
57.344000	0.250943
57.408000	0.250943
57.472000	0.250943
57.536000	0.250943
57.600000	0.250943
57.664000	0.250943
57.728000	0.250943
57.792000	0.250943
57.856000	0.250943
57.920000	0.250943
57.984000	0.250943
58.048000	0.250943
58.112000	0.250943
58.176000	0.250943
58.240000	0.250943
58.304000	0.250943
58.368000	0.250943
58.432000	0.250943
58.496000	0.250943
58.560000	0.250943
58.624000	0.250943
58.688000	0.250943
58.752000	0.250943
58.816000	0.250943
58.880000	0.250943
58.944000	0.250943
59.008000	0.250943
59.072000	0.250943
59.136000	0.250943
59.200000	0.250943
59.264000	0.250943
59.328000	0.250943
59.392000	0.382288
59.456000	0.382288
59.520000	0.382288
59.584000	0.382288
59.648000	0.382288
59.712000	0.382288
59.776000	0.382288
59.840000	0.382288
59.904000	0.382288
59.968000	0.382288
60.032000	0.382288
60.096000	0.382288
60.160000	0.382288
60.224000	0.382288
60.288000	0.382288
60.352000	0.382288
60.416000	0.382288
60.480000	0.382288
60.544000	0.382288
60.608000	0.382288
60.672000	0.382288
60.736000	0.392414
60.800000	0.392414
60.864000	0.392414
60.928000	0.392414
60.992000	0.392414
61.056000	0.392414
61.120000	0.392414
61.184000	0.392414
61.248000	0.392414
61.312000	0.392414
61.376000	0.392414
61.440000	0.392414
61.504000	0.392414
61.568000	0.392414
61.632000	0.392414
61.696000	0.392414
61.760000	0.392414
61.824000	0.305402
61.888000	0.305402
61.952000	0.305402
62.016000	0.305402
62.080000	0.305402
62.144000	0.305402
62.208000	0.305402
62.272000	0.305402
62.336000	0.305402
62.400000	0.305402
62.464000	0.305402
62.528000	0.305402
62.592000	0.305402
62.656000	0.305402
62.720000	0.305402
62.784000	0.305402
62.848000	0.305402
62.912000	0.305402
62.976000	0.305402
63.040000	0.305402
63.104000	0.305402
63.168000	0.305402
63.232000	0.305402
63.296000	0.305402
63.360000	0.305402
63.424000	0.305402
63.488000	0.305402
63.552000	0.305402
63.616000	0.305402
63.680000	0.305402
63.744000	0.305402
63.808000	0.305402
63.872000	0.305402
63.936000	0.305402
64.000000	0.305402
64.064000	0.305402
64.128000	0.305402
64.192000	0.305402
64.256000	0.305402
64.320000	0.305402
64.384000	0.305402
64.448000	0.305402
64.512000	0.305402
64.576000	0.305402
64.640000	0.305402
64.704000	0.305402
64.768000	0.305402
64.832000	0.305402
64.896000	0.305402
64.960000	0.305402
65.024000	0.305402
65.088000	0.305402
65.152000	0.305402
65.216000	0.305402
65.280000	0.305402
65.344000	0.305402
65.408000	0.305402
65.472000	0.305402
65.536000	0.305402
65.600000	0.305402
65.664000	0.305402
65.728000	0.305402
65.792000	0.305402
65.856000	0.305402
65.920000	0.305402
65.984000	0.305402
66.048000	0.305402
66.112000	0.305402
66.176000	0.305402
66.240000	0.305402
66.304000	0.305402
66.368000	0.305402
66.432000	0.305402
66.496000	0.305402
66.560000	0.305402
66.624000	0.305402
66.688000	0.305402
66.752000	0.305402
66.816000	0.305402
66.880000	0.305402
66.944000	0.305402
67.008000	0.305402
67.072000	0.305402
67.136000	0.305402
67.200000	0.305402
67.264000	0.305402
67.328000	0.305402
67.392000	0.305402
67.456000	0.305402
67.520000	0.305402
67.584000	0.305402
67.648000	0.305402
67.712000	0.305402
67.776000	0.305402
67.840000	0.305402
67.904000	0.305402
67.968000	0.305402
68.032000	0.305402
68.096000	0.305402
68.160000	0.305402
68.224000	0.357253
68.288000	0.357253
68.352000	0.357253
68.416000	0.357253
68.480000	0.357253
68.544000	0.246503
68.608000	0.246503
68.672000	0.246503
68.736000	0.246503
68.800000	0.246503
68.864000	0.246503
68.928000	0.246503
68.992000	0.246503
69.056000	0.246503
69.120000	0.246503
69.184000	0.246503
69.248000	0.246503
69.312000	0.246503
69.376000	0.246503
69.440000	0.246503
69.504000	0.246503
69.568000	0.246503
69.632000	0.246503
69.696000	0.246503
69.760000	0.246503
69.824000	0.246503
69.888000	0.246503
69.952000	0.246503
70.016000	0.246503
70.080000	0.246503
70.144000	0.246503
70.208000	0.246503
70.272000	0.246503
70.336000	0.246503
70.400000	0.246503
70.464000	0.246503
70.528000	0.246503
70.592000	0.246503
70.656000	0.246503
70.720000	0.246503
70.784000	0.246503
70.848000	0.246503
70.912000	0.246503
70.976000	0.246503
71.040000	0.246503
71.104000	0.246503
71.168000	0.246503
71.232000	0.246503
71.296000	0.246503
71.360000	0.246503
71.424000	0.246503
71.488000	0.246503
71.552000	0.246503
71.616000	0.246503
71.680000	0.246503
71.744000	0.246503
71.808000	0.246503
71.872000	0.246503
71.936000	0.246503
72.000000	0.246503
72.064000	0.246503
72.128000	0.246503
72.192000	0.246503
72.256000	0.246503
72.320000	0.246503
72.384000	0.246503
72.448000	0.246503
72.512000	0.246503
72.576000	0.246503
72.640000	0.246503
72.704000	0.246503
72.768000	0.246503
72.832000	0.246503
72.896000	0.246503
72.960000	0.246503
73.024000	0.246503
73.088000	0.246503
73.152000	0.246503
73.216000	0.246503
73.280000	0.246503
73.344000	0.246503
73.408000	0.246503
73.472000	0.246503
73.536000	0.246503
73.600000	0.246503
73.664000	0.246503
73.728000	0.246503
73.792000	0.246503
73.856000	0.246503
73.920000	0.246503
73.984000	0.246503
74.048000	0.246503
74.112000	0.246503
74.176000	0.246503
74.240000	0.246503
74.304000	0.246503
74.368000	0.246503
74.432000	0.246503
74.496000	0.246503
74.560000	0.246503
74.624000	0.246503
74.688000	0.246503
74.752000	0.246503
74.816000	0.246503
74.880000	0.246503
74.944000	0.247925
75.008000	0.247925
75.072000	0.247925
75.136000	0.247925
75.200000	0.247925
75.264000	0.247925
75.328000	0.247925
75.392000	0.247925
75.456000	0.247925
75.520000	0.247925
75.584000	0.247925
75.648000	0.247925
75.712000	0.247925
75.776000	0.247925
75.840000	0.247925
75.904000	0.247925
75.968000	0.247925
76.032000	0.247925
76.096000	0.247925
76.160000	0.247925
76.224000	0.247925
76.288000	0.247925
76.352000	0.247925
76.416000	0.247925
76.480000	0.247925
76.544000	0.247925
76.608000	0.247925
76.672000	0.247925
76.736000	0.247925
76.800000	0.247925
76.864000	0.247925
76.928000	0.247925
76.992000	0.247925
77.056000	0.247925
77.120000	0.247925
77.184000	0.247925
77.248000	0.247925
77.312000	0.247925
77.376000	0.247925
77.440000	0.247925
77.504000	0.247925
77.568000	0.247925
77.632000	0.247925
77.696000	0.247925
77.760000	0.247925
77.824000	0.247925
77.888000	0.247925
77.952000	0.247925
78.016000	0.247925
78.080000	0.247925
78.144000	0.415001
78.208000	0.415001
78.272000	0.415001
78.336000	0.415001
78.400000	0.415001
78.464000	0.415001
78.528000	0.415001
78.592000	0.415001
78.656000	0.415001
78.720000	0.415001
78.784000	0.415001
78.848000	0.415001
78.912000	0.415001
78.976000	0.415001
79.040000	0.415001
79.104000	0.415001
79.168000	0.415001
79.232000	0.415001
79.296000	0.415001
79.360000	0.415001
79.424000	0.415001
79.488000	0.415001
79.552000	0.415001
79.616000	0.415001
79.680000	0.415001
79.744000	0.415001
79.808000	0.415001
79.872000	0.415001
79.936000	0.415001
80.000000	0.415001
80.064000	0.415001
80.128000	0.415001
80.192000	0.415001
80.256000	0.415001
80.320000	0.415001
80.384000	0.415001
80.448000	0.415001
80.512000	0.320251
80.576000	0.320251
80.640000	0.320251
80.704000	0.320251
80.768000	0.320251
80.832000	0.320251
80.896000	0.320251
80.960000	0.320251
81.024000	0.320251
81.088000	0.320251
81.152000	0.320251
81.216000	0.320251
81.280000	0.320251
81.344000	0.320251
81.408000	0.320251
81.472000	0.320251
81.536000	0.320251
81.600000	0.320251
81.664000	0.320251
81.728000	0.320251
81.792000	0.320251
81.856000	0.320251
81.920000	0.320251
81.984000	0.320251
82.048000	0.320251
82.112000	0.320251
82.176000	0.320251
82.240000	0.320251
82.304000	0.320251
82.368000	0.320251
82.432000	0.320251
82.496000	0.320251
82.560000	0.320251
82.624000	0.320251
82.688000	0.320251
82.752000	0.320251
82.816000	0.320251
82.880000	0.320251
82.944000	0.320251
83.008000	0.320251
83.072000	0.320251
83.136000	0.320251
83.200000	0.320251
83.264000	0.320251
83.328000	0.320251
83.392000	0.320251
83.456000	0.320251
83.520000	0.320251
83.584000	0.320251
83.648000	0.320251
83.712000	0.320251
83.776000	0.320251
83.840000	0.320251
83.904000	0.320251
83.968000	0.320251
84.032000	0.320251
84.096000	0.320251
84.160000	0.320251
84.224000	0.320251
84.288000	0.320251
84.352000	0.320251
84.416000	0.320251
84.480000	0.320251
84.544000	0.320251
84.608000	0.320251
84.672000	0.320251
84.736000	0.320251
84.800000	0.320251
84.864000	0.320251
84.928000	0.320251
84.992000	0.320251
85.056000	0.320251
85.120000	0.320251
85.184000	0.320251
85.248000	0.320251
85.312000	0.320251
85.376000	0.320251
85.440000	0.320251
85.504000	0.320251
85.568000	0.320251
85.632000	0.320251
85.696000	0.320251
85.760000	0.320251
85.824000	0.320251
85.888000	0.320251
85.952000	0.320251
86.016000	0.320251
86.080000	0.320251
86.144000	0.320251
86.208000	0.320251
86.272000	0.320251
86.336000	0.320251
86.400000	0.320251
86.464000	0.320251
86.528000	0.320251
86.592000	0.320251
86.656000	0.320251
86.720000	0.320251
86.784000	0.320251
86.848000	0.320251
86.912000	0.328391
86.976000	0.328391
87.040000	0.278943
87.104000	0.278943
87.168000	0.278943
87.232000	0.278943
87.296000	0.278943
87.360000	0.278943
87.424000	0.278943
87.488000	0.233117
87.552000	0.204842
87.616000	0.204842
87.680000	0.204842
87.744000	0.204842
87.808000	0.204842
87.872000	0.204842
87.936000	0.204842
88.000000	0.204842
88.064000	0.204842
88.128000	0.204842
88.192000	0.204842
88.256000	0.204842
88.320000	0.204842
88.384000	0.204842
88.448000	0.204842
88.512000	0.204842
88.576000	0.204842
88.640000	0.204842
88.704000	0.204842
88.768000	0.204842
88.832000	0.204842
88.896000	0.204842
88.960000	0.204842
89.024000	0.204842
89.088000	0.204842
89.152000	0.204842
89.216000	0.204842
89.280000	0.204842
89.344000	0.204842
89.408000	0.204842
89.472000	0.204842
89.536000	0.204842
89.600000	0.204842
89.664000	0.204842
89.728000	0.204842
89.792000	0.204842
89.856000	0.204842
89.920000	0.204842
89.984000	0.204842
90.048000	0.204842
90.112000	0.204842
90.176000	0.204842
90.240000	0.204842
90.304000	0.204842
90.368000	0.204842
90.432000	0.204842
90.496000	0.204842
90.560000	0.204842
90.624000	0.204842
90.688000	0.204842
90.752000	0.204842
90.816000	0.204842
90.880000	0.204842
90.944000	0.204842
91.008000	0.204842
91.072000	0.204842
91.136000	0.204842
91.200000	0.204842
91.264000	0.204842
91.328000	0.204842
91.392000	0.204842
91.456000	0.204842
91.520000	0.204842
91.584000	0.204842
91.648000	0.204842
91.712000	0.204842
91.776000	0.204842
91.840000	0.204842
91.904000	0.204842
91.968000	0.204842
92.032000	0.204842
92.096000	0.204842
92.160000	0.204842
92.224000	0.204842
92.288000	0.204842
92.352000	0.204842
92.416000	0.204842
92.480000	0.204842
92.544000	0.204842
92.608000	0.204842
92.672000	0.204842
92.736000	0.204842
92.800000	0.204842
92.864000	0.204842
92.928000	0.204842
92.992000	0.204842
93.056000	0.204842
93.120000	0.204842
93.184000	0.204842
93.248000	0.204842
93.312000	0.204842
93.376000	0.204842
93.440000	0.204842
93.504000	0.204842
93.568000	0.204842
93.632000	0.204842
93.696000	0.204842
93.760000	0.204842
93.824000	0.204842
93.888000	0.204842
93.952000	0.226891
94.016000	0.226891
94.080000	0.272551
94.144000	0.272551
94.208000	0.272551
94.272000	0.272551
94.336000	0.272551
94.400000	0.272551
94.464000	0.272551
94.528000	0.272551
94.592000	0.272551
94.656000	0.272551
94.720000	0.272551
94.784000	0.272551
94.848000	0.272551
94.912000	0.272551
94.976000	0.272551
95.040000	0.272551
95.104000	0.272551
95.168000	0.272551
95.232000	0.272551
95.296000	0.272551
95.360000	0.272551
95.424000	0.272551
95.488000	0.272551
95.552000	0.272551
95.616000	0.272551
95.680000	0.272551
95.744000	0.272551
95.808000	0.272551
95.872000	0.272551
95.936000	0.272551
96.000000	0.272551
96.064000	0.272551
96.128000	0.272551
96.192000	0.272551
96.256000	0.272551
96.320000	0.272551
96.384000	0.272551
96.448000	0.272551
96.512000	0.272551
96.576000	0.272551
96.640000	0.272551
96.704000	0.266535
96.768000	0.266535
96.832000	0.266535
96.896000	0.266535
96.960000	0.266535
97.024000	0.266535
97.088000	0.266535
97.152000	0.266535
97.216000	0.266535
97.280000	0.266535
97.344000	0.213738
97.408000	0.213738
97.472000	0.213738
97.536000	0.213738
97.600000	0.213738
97.664000	0.213738
97.728000	0.211921
97.792000	0.211921
97.856000	0.211921
97.920000	0.211921
97.984000	0.211921
98.048000	0.211921
98.112000	0.211921
98.176000	0.211921
98.240000	0.211921
98.304000	0.211921
98.368000	0.211921
98.432000	0.211921
98.496000	0.211921
98.560000	0.211921
98.624000	0.211921
98.688000	0.211921
98.752000	0.211921
98.816000	0.211921
98.880000	0.211921
98.944000	0.211921
99.008000	0.211921
99.072000	0.211921
99.136000	0.211921
99.200000	0.211921
99.264000	0.211921
99.328000	0.211921
99.392000	0.211921
99.456000	0.210872
99.520000	0.210872
99.584000	0.210872
99.648000	0.210872
99.712000	0.210872
99.776000	0.210872
99.840000	0.210872
99.904000	0.210872
99.968000	0.210872
100.032000	0.210872
100.096000	0.210872
100.160000	0.210872
100.224000	0.210872
100.288000	0.210872
100.352000	0.210872
100.416000	0.210872
100.480000	0.210872
100.544000	0.210872
100.608000	0.210872
100.672000	0.210872
100.736000	0.210872
100.800000	0.210872
100.864000	0.210872
100.928000	0.210872
100.992000	0.210872
101.056000	0.210872
101.120000	0.210872
101.184000	0.210872
101.248000	0.210872
101.312000	0.210872
101.376000	0.210872
101.440000	0.210872
101.504000	0.210872
101.568000	0.210872
101.632000	0.210872
101.696000	0.210872
101.760000	0.210872
101.824000	0.210872
101.888000	0.210872
101.952000	0.210872
102.016000	0.210872
102.080000	0.210872
102.144000	0.210872
102.208000	0.210872
102.272000	0.210872
102.336000	0.210872
102.400000	0.210872
102.464000	0.210872
102.528000	0.210872
102.592000	0.210872
102.656000	0.210872
102.720000	0.210872
102.784000	0.210872
102.848000	0.210872
102.912000	0.210872
102.976000	0.210872
103.040000	0.210872
103.104000	0.210872
103.168000	0.210872
103.232000	0.210872
103.296000	0.210872
103.360000	0.210872
103.424000	0.198844
103.488000	0.198844
103.552000	0.198844
103.616000	0.198844
103.680000	0.198844
103.744000	0.198844
103.808000	0.198844
103.872000	0.198844
103.936000	0.198844
104.000000	0.198844
104.064000	0.198844
104.128000	0.198844
104.192000	0.198844
104.256000	0.198844
104.320000	0.198844
104.384000	0.198844
104.448000	0.198844
104.512000	0.198844
104.576000	0.198844
104.640000	0.198844
104.704000	0.198844
104.768000	0.198844
104.832000	0.198844
104.896000	0.198844
104.960000	0.198844
105.024000	0.198844
105.088000	0.198844
105.152000	0.198844
105.216000	0.198844
105.280000	0.198844
105.344000	0.198844
105.408000	0.198844
105.472000	0.198844
105.536000	0.198844
105.600000	0.198844
105.664000	0.198844
105.728000	0.198844
105.792000	0.198844
105.856000	0.198844
105.920000	0.198844
105.984000	0.198844
106.048000	0.198844
106.112000	0.198844
106.176000	0.198844
106.240000	0.198844
106.304000	0.198844
106.368000	0.198844
106.432000	0.198844
106.496000	0.198844
106.560000	0.198844
106.624000	0.188902
106.688000	0.188902
106.752000	0.188902
106.816000	0.188902
106.880000	0.188902
106.944000	0.188902
107.008000	0.188902
107.072000	0.188902
107.136000	0.188902
107.200000	0.188902
107.264000	0.188902
107.328000	0.188902
107.392000	0.188902
107.456000	0.188902
107.520000	0.188902
107.584000	0.113256
107.648000	0.113256
107.712000	0.113256
107.776000	0.113256
107.840000	0.113256
107.904000	0.113256
107.968000	0.113256
108.032000	0.113256
108.096000	0.113256
108.160000	0.113256
108.224000	0.113256
108.288000	0.113256
108.352000	0.113256
108.416000	0.113256
108.480000	0.113256
108.544000	0.113256
108.608000	0.113256
108.672000	0.113256
108.736000	0.113256
108.800000	0.113256
108.864000	0.113256
108.928000	0.113256
108.992000	0.113256
109.056000	0.113256
109.120000	0.113256
109.184000	0.113256
109.248000	0.113256
109.312000	0.113256
109.376000	0.113256
109.440000	0.113256
109.504000	0.113256
109.568000	0.113256
109.632000	0.113256
109.696000	0.113256
109.760000	0.113256
109.824000	0.113256
109.888000	0.113256
109.952000	0.113256
110.016000	0.113256
110.080000	0.113256
110.144000	0.113256
110.208000	0.113256
110.272000	0.113256
110.336000	0.113256
110.400000	0.113256
110.464000	0.113256
110.528000	0.113256
110.592000	0.113256
110.656000	0.113256
110.720000	0.113256
110.784000	0.113256
110.848000	0.113256
110.912000	0.113256
110.976000	0.113256
111.040000	0.113256
111.104000	0.113256
111.168000	0.113256
111.232000	0.113256
111.296000	0.113256
111.360000	0.113256
111.424000	0.113256
111.488000	0.113256
111.552000	0.113256
111.616000	0.113256
111.680000	0.113256
111.744000	0.113256
111.808000	0.113256
111.872000	0.113256
111.936000	0.113256
112.000000	0.113256
112.064000	0.113256
112.128000	0.113256
112.192000	0.113256
112.256000	0.113256
112.320000	0.113256
112.384000	0.113256
112.448000	0.113256
112.512000	0.113256
112.576000	0.113256
112.640000	0.113256
112.704000	0.113256
112.768000	0.113256
112.832000	0.113256
112.896000	0.113256
112.960000	0.113256
113.024000	0.113256
113.088000	0.113256
113.152000	0.113256
113.216000	0.113256
113.280000	0.113256
113.344000	0.113256
113.408000	0.113256
113.472000	0.113256
113.536000	0.113256
113.600000	0.113256
113.664000	0.113256
113.728000	0.113256
113.792000	0.113256
113.856000	0.113256
113.920000	0.113256
113.984000	0.212318
114.048000	0.223969
114.112000	0.223969
114.176000	0.223969
114.240000	0.223969
114.304000	0.223969
114.368000	0.223969
114.432000	0.223969
114.496000	0.223969
114.560000	0.223969
114.624000	0.223969
114.688000	0.223969
114.752000	0.223969
114.816000	0.223969
114.880000	0.223969
114.944000	0.223969
115.008000	0.223969
115.072000	0.223969
115.136000	0.223969
115.200000	0.223969
115.264000	0.223969
115.328000	0.223969
115.392000	0.223969
115.456000	0.223969
115.520000	0.241125
115.584000	0.241125
115.648000	0.241125
115.712000	0.241125
115.776000	0.241125
115.840000	0.241125
115.904000	0.241125
115.968000	0.241125
116.032000	0.241125
116.096000	0.241125
116.160000	0.241125
116.224000	0.241125
116.288000	0.241125
116.352000	0.241125
116.416000	0.241125
116.480000	0.241125
116.544000	0.241125
116.608000	0.241125
116.672000	0.282855
116.736000	0.282855
116.800000	0.282855
116.864000	0.282855
116.928000	0.282855
116.992000	0.282855
117.056000	0.282855
117.120000	0.282855
117.184000	0.282855
117.248000	0.282855
117.312000	0.282855
117.376000	0.282855
117.440000	0.282855
117.504000	0.282855
117.568000	0.282855
117.632000	0.282855
117.696000	0.282855
117.760000	0.282855
117.824000	0.282855
117.888000	0.282855
117.952000	0.282855
118.016000	0.282855
118.080000	0.282855
118.144000	0.282855
118.208000	0.282855
118.272000	0.282855
118.336000	0.282855
118.400000	0.282855
118.464000	0.282855
118.528000	0.282855
118.592000	0.282855
118.656000	0.282855
118.720000	0.282855
118.784000	0.282855
118.848000	0.282855
118.912000	0.282855
118.976000	0.282855
119.040000	0.282855
119.104000	0.317700
119.168000	0.317700
119.232000	0.317700
119.296000	0.317700
119.360000	0.317700
119.424000	0.317700
119.488000	0.317700
119.552000	0.317700
119.616000	0.317700
119.680000	0.317700
119.744000	0.317700
119.808000	0.317700
119.872000	0.317700
119.936000	0.317700
120.000000	0.317700
120.064000	0.317700
120.128000	0.317700
120.192000	0.319332
120.256000	0.319332
120.320000	0.319332
120.384000	0.319332
120.448000	0.319332
120.512000	0.319332
120.576000	0.319332
120.640000	0.319332
120.704000	0.319332
120.768000	0.319332
120.832000	0.319332
120.896000	0.319332
120.960000	0.319332
121.024000	0.319332
121.088000	0.319332
121.152000	0.319332
121.216000	0.319332
121.280000	0.319332
121.344000	0.319332
121.408000	0.319332
121.472000	0.319332
121.536000	0.319332
121.600000	0.319332
121.664000	0.319332
121.728000	0.319332
121.792000	0.319332
121.856000	0.319332
121.920000	0.319332
121.984000	0.319332
122.048000	0.319332
122.112000	0.319332
122.176000	0.319332
122.240000	0.319332
122.304000	0.319332
122.368000	0.319332
122.432000	0.319332
122.496000	0.319332
122.560000	0.319332
122.624000	0.319332
122.688000	0.319332
122.752000	0.319332
122.816000	0.319332
122.880000	0.319332
122.944000	0.319332
123.008000	0.319332
123.072000	0.319332
123.136000	0.319332
123.200000	0.319332
123.264000	0.319332
123.328000	0.319332
123.392000	0.319332
123.456000	0.319332
123.520000	0.319332
123.584000	0.319332
123.648000	0.319332
123.712000	0.319332
123.776000	0.319332
123.840000	0.319332
123.904000	0.319332
123.968000	0.319332
124.032000	0.319332
124.096000	0.319332
124.160000	0.319332
124.224000	0.319332
124.288000	0.319332
124.352000	0.319332
124.416000	0.319332
124.480000	0.319332
124.544000	0.319332
124.608000	0.319332
124.672000	0.319332
124.736000	0.319332
124.800000	0.319332
124.864000	0.319332
124.928000	0.319332
124.992000	0.319332
125.056000	0.319332
125.120000	0.319332
125.184000	0.319332
125.248000	0.319332
125.312000	0.319332
125.376000	0.319332
125.440000	0.319332
125.504000	0.319332
125.568000	0.319332
125.632000	0.314687
125.696000	0.314687
125.760000	0.314687
125.824000	0.277186
125.888000	0.277186
125.952000	0.277186
126.016000	0.277186
126.080000	0.277186
126.144000	0.277186
126.208000	0.277186
126.272000	0.277186
126.336000	0.277186
126.400000	0.277186
126.464000	0.277186
126.528000	0.277186
126.592000	0.277186
126.656000	0.277186
126.720000	0.277186
126.784000	0.277186
126.848000	0.277186
126.912000	0.277186
126.976000	0.277186
127.040000	0.277186
127.104000	0.277186
127.168000	0.277186
127.232000	0.277186
127.296000	0.277186
127.360000	0.277186
127.424000	0.277186
127.488000	0.277186
127.552000	0.277186
127.616000	0.277186
127.680000	0.277186
127.744000	0.277186
127.808000	0.277186
127.872000	0.277186
127.936000	0.277186
128.000000	0.277186
128.064000	0.277186
128.128000	0.277186
128.192000	0.277186
128.256000	0.277186
128.320000	0.277186
128.384000	0.277186
128.448000	0.277186
128.512000	0.277186
128.576000	0.277186
128.640000	0.277186
128.704000	0.277186
128.768000	0.277186
128.832000	0.277186
128.896000	0.277186
128.960000	0.277186
129.024000	0.277186
129.088000	0.277186
129.152000	0.277186
129.216000	0.277186
129.280000	0.277186
129.344000	0.277186
129.408000	0.277186
129.472000	0.277186
129.536000	0.277186
129.600000	0.277186
129.664000	0.277186
129.728000	0.277186
129.792000	0.277186
129.856000	0.277186
129.920000	0.277186
129.984000	0.277186
130.048000	0.277186
130.112000	0.277186
130.176000	0.277186
130.240000	0.277186
130.304000	0.277186
130.368000	0.277186
130.432000	0.277186
130.496000	0.277186
130.560000	0.277186
130.624000	0.277186
130.688000	0.277186
130.752000	0.277186
130.816000	0.277186
130.880000	0.277186
130.944000	0.277186
131.008000	0.277186
131.072000	0.277186
131.136000	0.277186
131.200000	0.277186
131.264000	0.276496
131.328000	0.276496
131.392000	0.276496
131.456000	0.276496
131.520000	0.276496
131.584000	0.276496
131.648000	0.276496
131.712000	0.276496
131.776000	0.276496
131.840000	0.276496
131.904000	0.276496
131.968000	0.276496
132.032000	0.276496
132.096000	0.276496
132.160000	0.276496
132.224000	0.276496
132.288000	0.276496
132.352000	0.276496
132.416000	0.276496
132.480000	0.276496
132.544000	0.276496
132.608000	0.276496
132.672000	0.276496
132.736000	0.276496
132.800000	0.276496
132.864000	0.276496
132.928000	0.276496
132.992000	0.276496
133.056000	0.276496
133.120000	0.276496
133.184000	0.276496
133.248000	0.276496
133.312000	0.276496
133.376000	0.276496
133.440000	0.276496
133.504000	0.276496
133.568000	0.276496
133.632000	0.276496
133.696000	0.276496
133.760000	0.276496
133.824000	0.276496
133.888000	0.276496
133.952000	0.276496
134.016000	0.276496
134.080000	0.276496
134.144000	0.276496
134.208000	0.276496
134.272000	0.276496
134.336000	0.276496
134.400000	0.276496
134.464000	0.276496
134.528000	0.276496
134.592000	0.276496
134.656000	0.276496
134.720000	0.276496
134.784000	0.276496
134.848000	0.276496
134.912000	0.276496
134.976000	0.276496
135.040000	0.276496
135.104000	0.276496
135.168000	0.276496
135.232000	0.276496
135.296000	0.276496
135.360000	0.276496
135.424000	0.276496
135.488000	0.276496
135.552000	0.276496
135.616000	0.276496
135.680000	0.276496
135.744000	0.276496
135.808000	0.276496
135.872000	0.276496
135.936000	0.276496
136.000000	0.276496
136.064000	0.276496
136.128000	0.276496
136.192000	0.276496
136.256000	0.276496
136.320000	0.276496
136.384000	0.276496
136.448000	0.276496
136.512000	0.276496
136.576000	0.276496
136.640000	0.276496
136.704000	0.276496
136.768000	0.276496
136.832000	0.276496
136.896000	0.276496
136.960000	0.276496
137.024000	0.276496
137.088000	0.276496
137.152000	0.276496
137.216000	0.276496
137.280000	0.276496
137.344000	0.276496
137.408000	0.276496
137.472000	0.276496
137.536000	0.276496
137.600000	0.276496
137.664000	0.320565
137.728000	0.320565
137.792000	0.320565
137.856000	0.320565
137.920000	0.320565
137.984000	0.320565
138.048000	0.320565
138.112000	0.320565
138.176000	0.320565
138.240000	0.320565
138.304000	0.320565
138.368000	0.320565
138.432000	0.320565
138.496000	0.320565
138.560000	0.320565
138.624000	0.441183
138.688000	0.441183
138.752000	0.455534
138.816000	0.455534
138.880000	0.455534
138.944000	0.455534
139.008000	0.455534
139.072000	0.455534
139.136000	0.455534
139.200000	0.455534
139.264000	0.455534
139.328000	0.455534
139.392000	0.455534
139.456000	0.455534
139.520000	0.455534
139.584000	0.455534
139.648000	0.455534
139.712000	0.455534
139.776000	0.455534
139.840000	0.455534
139.904000	0.455534
139.968000	0.237777
140.032000	0.237777
140.096000	0.237777
140.160000	0.237777
140.224000	0.237777
140.288000	0.237777
140.352000	0.237777
140.416000	0.237777
140.480000	0.237777
140.544000	0.237777
140.608000	0.237777
140.672000	0.237777
140.736000	0.237777
140.800000	0.237777
140.864000	0.237777
140.928000	0.237777
140.992000	0.237777
141.056000	0.237777
141.120000	0.237777
141.184000	0.237777
141.248000	0.237777
141.312000	0.237777
141.376000	0.237777
141.440000	0.237777
141.504000	0.237777
141.568000	0.237777
141.632000	0.237777
141.696000	0.237777
141.760000	0.237777
141.824000	0.237777
141.888000	0.237777
141.952000	0.237777
142.016000	0.237777
142.080000	0.237777
142.144000	0.237777
142.208000	0.237777
142.272000	0.237777
142.336000	0.237777
142.400000	0.237777
142.464000	0.237777
142.528000	0.237777
142.592000	0.237777
142.656000	0.237777
142.720000	0.237777
142.784000	0.237777
142.848000	0.237777
142.912000	0.237777
142.976000	0.237777
143.040000	0.237777
143.104000	0.237777
143.168000	0.237777
143.232000	0.237777
143.296000	0.237777
143.360000	0.237777
143.424000	0.237777
143.488000	0.237777
143.552000	0.237777
143.616000	0.237777
143.680000	0.237777
143.744000	0.237777
143.808000	0.237777
143.872000	0.237777
143.936000	0.237777
144.000000	0.237777
144.064000	0.237777
144.128000	0.237777
144.192000	0.237777
144.256000	0.237777
144.320000	0.237777
144.384000	0.237777
144.448000	0.237777
144.512000	0.237777
144.576000	0.237777
144.640000	0.237777
144.704000	0.237777
144.768000	0.237777
144.832000	0.237777
144.896000	0.237777
144.960000	0.237777
145.024000	0.237777
145.088000	0.237777
145.152000	0.237777
145.216000	0.237777
145.280000	0.237777
145.344000	0.237777
145.408000	0.237777
145.472000	0.237777
145.536000	0.237777
145.600000	0.237777
145.664000	0.237777
145.728000	0.237777
145.792000	0.237777
145.856000	0.237777
145.920000	0.237777
145.984000	0.237777
146.048000	0.237777
146.112000	0.237777
146.176000	0.237777
146.240000	0.237777
146.304000	0.237777
146.368000	0.253157
146.432000	0.253157
146.496000	0.253157
146.560000	0.253157
146.624000	0.253157
146.688000	0.253157
146.752000	0.253157
146.816000	0.253157
146.880000	0.253157
146.944000	0.253157
147.008000	0.253157
147.072000	0.253157
147.136000	0.253157
147.200000	0.253157
147.264000	0.253157
147.328000	0.253157
147.392000	0.253157
147.456000	0.253157
147.520000	0.253157
147.584000	0.253157
147.648000	0.253157
147.712000	0.253157
147.776000	0.253157
147.840000	0.253157
147.904000	0.253157
147.968000	0.253157
148.032000	0.253157
148.096000	0.253157
148.160000	0.253157
148.224000	0.253157
148.288000	0.253157
148.352000	0.253157
148.416000	0.253157
148.480000	0.253157
148.544000	0.253157
148.608000	0.253157
148.672000	0.253157
148.736000	0.253157
148.800000	0.253157
148.864000	0.253157
148.928000	0.253157
148.992000	0.344813
149.056000	0.296246
149.120000	0.294709
149.184000	0.294709
149.248000	0.294709
149.312000	0.294709
149.376000	0.294709
149.440000	0.294709
149.504000	0.294709
149.568000	0.294709
149.632000	0.294709
149.696000	0.294709
149.760000	0.294709
149.824000	0.294709
149.888000	0.294709
149.952000	0.294709
150.016000	0.294709
150.080000	0.294709
150.144000	0.294709
150.208000	0.294709
150.272000	0.294709
150.336000	0.294709
150.400000	0.294709
150.464000	0.294709
150.528000	0.294709
150.592000	0.294709
150.656000	0.294709
150.720000	0.294709
150.784000	0.294709
150.848000	0.294709
150.912000	0.294709
150.976000	0.294709
151.040000	0.294709
151.104000	0.294709
151.168000	0.294709
151.232000	0.294709
151.296000	0.294709
151.360000	0.294709
151.424000	0.294709
151.488000	0.294709
151.552000	0.294709
151.616000	0.294709
151.680000	0.294709
151.744000	0.294709
151.808000	0.294709
151.872000	0.294709
151.936000	0.294709
152.000000	0.294709
152.064000	0.294709
152.128000	0.294709
152.192000	0.294709
152.256000	0.294709
152.320000	0.294709
152.384000	0.294709
152.448000	0.294709
152.512000	0.294709
152.576000	0.294709
152.640000	0.294709
152.704000	0.294709
152.768000	0.294709
152.832000	0.294709
152.896000	0.294709
152.960000	0.294709
153.024000	0.294709
153.088000	0.294709
153.152000	0.294709
153.216000	0.294709
153.280000	0.294709
153.344000	0.294709
153.408000	0.294709
153.472000	0.294709
153.536000	0.294709
153.600000	0.294709
153.664000	0.294709
153.728000	0.294709
153.792000	0.294709
153.856000	0.294709
153.920000	0.294709
153.984000	0.294709
154.048000	0.294709
154.112000	0.294709
154.176000	0.294709
154.240000	0.294709
154.304000	0.294709
154.368000	0.294709
154.432000	0.294709
154.496000	0.294709
154.560000	0.294709
154.624000	0.261719
154.688000	0.199824
154.752000	0.199824
154.816000	0.199824
154.880000	0.199824
154.944000	0.199824
155.008000	0.199824
155.072000	0.199824
155.136000	0.199824
155.200000	0.199824
155.264000	0.199824
155.328000	0.199824
155.392000	0.199824
155.456000	0.199824
155.520000	0.199824
155.584000	0.199824
155.648000	0.199824
155.712000	0.199824
155.776000	0.199824
155.840000	0.199824
155.904000	0.199824
155.968000	0.199824
156.032000	0.199824
156.096000	0.199824
156.160000	0.199824
156.224000	0.199824
156.288000	0.199824
156.352000	0.199824
156.416000	0.199824
156.480000	0.199824
156.544000	0.199824
156.608000	0.093088
156.672000	0.093088
156.736000	0.093088
156.800000	0.093088
156.864000	0.093088
156.928000	0.093088
156.992000	0.093088
157.056000	0.093088
157.120000	0.093088
157.184000	0.093088
157.248000	0.093088
157.312000	0.093088
157.376000	0.093088
157.440000	0.093088
157.504000	0.093088
157.568000	0.093088
157.632000	0.093088
157.696000	0.093088
157.760000	0.093088
157.824000	0.093088
157.888000	0.093088
157.952000	0.093088
158.016000	0.093088
158.080000	0.093088
158.144000	0.093088
158.208000	0.093088
158.272000	0.093088
158.336000	0.093088
158.400000	0.093088
158.464000	0.093088
158.528000	0.093088
158.592000	0.093088
158.656000	0.093088
158.720000	0.093088
158.784000	0.093088
158.848000	0.093088
158.912000	0.093088
158.976000	0.093088
159.040000	0.093088
159.104000	0.093088
159.168000	0.093088
159.232000	0.093088
159.296000	0.093088
159.360000	0.093088
159.424000	0.093088
159.488000	0.093088
159.552000	0.093088
159.616000	0.093088
159.680000	0.093088
159.744000	0.093088
159.808000	0.093088
159.872000	0.093088
159.936000	0.093088
160.000000	0.093088
160.064000	0.093088
160.128000	0.093088
160.192000	0.093088
160.256000	0.093088
160.320000	0.093088
160.384000	0.093088
160.448000	0.093088
160.512000	0.093088
160.576000	0.093088
160.640000	0.093088
160.704000	0.093088
160.768000	0.093088
160.832000	0.093088
160.896000	0.093088
160.960000	0.093088
161.024000	0.093088
161.088000	0.093088
161.152000	0.093088
161.216000	0.093088
161.280000	0.093088
161.344000	0.093088
161.408000	0.093088
161.472000	0.093088
161.536000	0.093088
161.600000	0.093088
161.664000	0.093088
161.728000	0.093088
161.792000	0.093088
161.856000	0.093088
161.920000	0.093088
161.984000	0.093088
162.048000	0.093088
162.112000	0.093088
162.176000	0.093088
162.240000	0.093088
162.304000	0.093088
162.368000	0.093088
162.432000	0.093088
162.496000	0.093088
162.560000	0.093088
162.624000	0.093088
162.688000	0.093088
162.752000	0.093088
162.816000	0.093088
162.880000	0.093088
162.944000	0.093088
163.008000	0.159634
163.072000	0.159634
163.136000	0.159634
163.200000	0.159634
163.264000	0.159634
163.328000	0.159634
163.392000	0.170363
163.456000	0.170363
163.520000	0.170363
163.584000	0.170363
163.648000	0.170363
163.712000	0.170363
163.776000	0.170363
163.840000	0.170363
163.904000	0.170363
163.968000	0.170363
164.032000	0.170363
164.096000	0.170363
164.160000	0.170363
164.224000	0.170363
164.288000	0.170363
164.352000	0.170363
164.416000	0.170363
164.480000	0.170363
164.544000	0.170363
164.608000	0.170363
164.672000	0.170363
164.736000	0.170363
164.800000	0.170363
164.864000	0.170363
164.928000	0.170363
164.992000	0.170363
165.056000	0.170363
165.120000	0.170363
165.184000	0.170363
165.248000	0.170363
165.312000	0.170363
165.376000	0.170363
165.440000	0.170363
165.504000	0.170363
165.568000	0.170363
165.632000	0.170363
165.696000	0.170363
165.760000	0.170363
165.824000	0.170363
165.888000	0.170363
165.952000	0.170363
166.016000	0.170363
166.080000	0.170363
166.144000	0.170363
166.208000	0.170363
166.272000	0.170363
166.336000	0.170363
166.400000	0.170363
166.464000	0.170363
166.528000	0.170363
166.592000	0.264564
166.656000	0.264564
166.720000	0.264564
166.784000	0.264564
166.848000	0.264564
166.912000	0.264564
166.976000	0.264564
167.040000	0.163057
167.104000	0.163057
167.168000	0.163057
167.232000	0.163057
167.296000	0.163057
167.360000	0.163057
167.424000	0.163057
167.488000	0.163057
167.552000	0.163057
167.616000	0.163057
167.680000	0.163057
167.744000	0.163057
167.808000	0.163057
167.872000	0.163057
167.936000	0.163057
168.000000	0.163057
168.064000	0.163057
168.128000	0.163057
168.192000	0.163057
168.256000	0.163057
168.320000	0.163057
168.384000	0.163057
168.448000	0.163057
168.512000	0.163057
168.576000	0.163057
168.640000	0.163057
168.704000	0.163057
168.768000	0.163057
168.832000	0.163057
168.896000	0.163057
168.960000	0.163057
169.024000	0.163057
169.088000	0.163057
169.152000	0.163057
169.216000	0.163057
169.280000	0.163057
169.344000	0.163057
169.408000	0.163057
169.472000	0.163057
169.536000	0.163057
169.600000	0.163057
169.664000	0.163057
169.728000	0.163057
169.792000	0.163057
169.856000	0.163057
169.920000	0.163057
169.984000	0.163057
170.048000	0.163057
170.112000	0.163057
170.176000	0.163057
170.240000	0.163057
170.304000	0.163057
170.368000	0.163057
170.432000	0.163057
170.496000	0.163057
170.560000	0.163057
170.624000	0.163057
170.688000	0.163057
170.752000	0.163057
170.816000	0.163057
170.880000	0.163057
170.944000	0.163057
171.008000	0.163057
171.072000	0.163057
171.136000	0.163057
171.200000	0.163057
171.264000	0.163057
171.328000	0.163057
171.392000	0.163057
171.456000	0.163057
171.520000	0.163057
171.584000	0.163057
171.648000	0.163057
171.712000	0.163057
171.776000	0.163057
171.840000	0.163057
171.904000	0.163057
171.968000	0.163057
172.032000	0.163057
172.096000	0.163057
172.160000	0.163057
172.224000	0.163057
172.288000	0.163057
172.352000	0.163057
172.416000	0.163057
172.480000	0.163057
172.544000	0.163057
172.608000	0.163057
172.672000	0.163057
172.736000	0.163057
172.800000	0.163057
172.864000	0.163057
172.928000	0.163057
172.992000	0.163057
173.056000	0.163057
173.120000	0.163057
173.184000	0.163057
173.248000	0.163057
173.312000	0.163057
173.376000	0.163057
173.440000	0.196018
173.504000	0.196018
173.568000	0.196018
173.632000	0.196018
173.696000	0.196018
173.760000	0.196018
173.824000	0.196018
173.888000	0.196018
173.952000	0.196018
174.016000	0.196018
174.080000	0.196018
174.144000	0.196018
174.208000	0.196018
174.272000	0.196018
174.336000	0.196018
174.400000	0.196018
174.464000	0.196018
174.528000	0.196018
174.592000	0.196018
174.656000	0.196018
174.720000	0.196018
174.784000	0.196018
174.848000	0.196018
174.912000	0.196018
174.976000	0.196018
175.040000	0.196018
175.104000	0.196018
175.168000	0.196018
175.232000	0.196018
175.296000	0.196018
175.360000	0.216896
175.424000	0.216896
175.488000	0.216896
175.552000	0.394817
175.616000	0.394817
175.680000	0.394817
175.744000	0.394817
175.808000	0.394817
175.872000	0.394817
175.936000	0.394817
176.000000	0.394817
176.064000	0.394817
176.128000	0.394817
176.192000	0.394817
176.256000	0.394817
176.320000	0.394817
176.384000	0.394817
176.448000	0.394817
176.512000	0.394817
176.576000	0.394817
176.640000	0.394817
176.704000	0.394817
176.768000	0.394817
176.832000	0.394817
176.896000	0.394817
176.960000	0.394817
177.024000	0.394817
177.088000	0.394817
177.152000	0.394817
177.216000	0.394817
177.280000	0.394817
177.344000	0.394817
177.408000	0.394817
177.472000	0.394817
177.536000	0.394817
177.600000	0.394817
177.664000	0.394817
177.728000	0.394817
177.792000	0.394817
177.856000	0.322629
177.920000	0.322629
177.984000	0.322629
178.048000	0.322629
178.112000	0.322629
178.176000	0.322629
178.240000	0.322629
178.304000	0.322629
178.368000	0.322629
178.432000	0.322629
178.496000	0.322629
178.560000	0.322629
178.624000	0.322629
178.688000	0.322629
178.752000	0.322629
178.816000	0.322629
178.880000	0.322629
178.944000	0.322629
179.008000	0.322629
179.072000	0.322629
179.136000	0.322629
179.200000	0.322629
179.264000	0.322629
179.328000	0.322629
179.392000	0.322629
179.456000	0.322629
179.520000	0.322629
179.584000	0.322629
179.648000	0.322629
179.712000	0.322629
179.776000	0.322629
179.840000	0.322629
179.904000	0.322629
179.968000	0.322629
180.032000	0.322629
180.096000	0.322629
180.160000	0.311498
180.224000	0.311498
180.288000	0.311498
180.352000	0.311498
180.416000	0.311498
180.480000	0.311498
180.544000	0.311498
180.608000	0.311498
180.672000	0.311498
180.736000	0.311498
180.800000	0.311498
180.864000	0.311498
180.928000	0.311498
180.992000	0.311498
181.056000	0.311498
181.120000	0.311498
181.184000	0.311498
181.248000	0.311498
181.312000	0.311498
181.376000	0.311498
181.440000	0.311498
181.504000	0.311498
181.568000	0.311498
181.632000	0.311498
181.696000	0.311498
181.760000	0.311498
181.824000	0.311498
181.888000	0.311498
181.952000	0.311498
182.016000	0.311498
182.080000	0.311498
182.144000	0.311498
182.208000	0.311498
182.272000	0.311498
182.336000	0.311498
182.400000	0.311498
182.464000	0.311498
182.528000	0.311498
182.592000	0.311498
182.656000	0.311498
182.720000	0.311498
182.784000	0.311498
182.848000	0.311498
182.912000	0.311498
182.976000	0.311498
183.040000	0.311498
183.104000	0.311498
183.168000	0.311498
183.232000	0.311498
183.296000	0.311498
183.360000	0.311498
183.424000	0.311498
183.488000	0.311498
183.552000	0.311498
183.616000	0.311498
183.680000	0.311498
183.744000	0.311498
183.808000	0.311498
183.872000	0.311498
183.936000	0.311498
184.000000	0.311498
184.064000	0.311498
184.128000	0.311498
184.192000	0.311498
184.256000	0.311498
184.320000	0.311498
184.384000	0.311498
184.448000	0.311498
184.512000	0.311498
184.576000	0.311498
184.640000	0.311498
184.704000	0.311498
184.768000	0.311498
184.832000	0.311498
184.896000	0.311498
184.960000	0.311498
185.024000	0.311498
185.088000	0.311498
185.152000	0.311498
185.216000	0.311498
185.280000	0.311498
185.344000	0.311498
185.408000	0.311498
185.472000	0.311498
185.536000	0.311498
185.600000	0.256070
185.664000	0.256070
185.728000	0.256070
185.792000	0.256070
185.856000	0.256070
185.920000	0.256070
185.984000	0.256070
186.048000	0.256070
186.112000	0.256070
186.176000	0.256070
186.240000	0.256070
186.304000	0.256070
186.368000	0.256070
186.432000	0.256070
186.496000	0.256070
186.560000	0.256070
186.624000	0.256070
186.688000	0.256070
186.752000	0.256070
186.816000	0.256070
186.880000	0.256070
186.944000	0.256070
187.008000	0.256070
187.072000	0.256070
187.136000	0.256070
187.200000	0.256070
187.264000	0.256070
187.328000	0.256070
187.392000	0.256070
187.456000	0.256070
187.520000	0.256070
187.584000	0.256070
187.648000	0.256070
187.712000	0.256070
187.776000	0.256070
187.840000	0.256070
187.904000	0.256070
187.968000	0.256070
188.032000	0.256070
188.096000	0.256070
188.160000	0.256070
188.224000	0.256070
188.288000	0.256070
188.352000	0.256070
188.416000	0.256070
188.480000	0.256070
188.544000	0.244454
188.608000	0.244454
188.672000	0.244454
188.736000	0.244454
188.800000	0.244454
188.864000	0.244454
188.928000	0.244454
188.992000	0.244454
189.056000	0.244454
189.120000	0.244454
189.184000	0.244454
189.248000	0.244454
189.312000	0.244454
189.376000	0.244454
189.440000	0.244454
189.504000	0.244454
189.568000	0.244454
189.632000	0.244454
189.696000	0.244454
189.760000	0.244454
189.824000	0.244454
189.888000	0.244454
189.952000	0.244454
190.016000	0.244454
190.080000	0.244454
190.144000	0.244454
190.208000	0.244454
190.272000	0.242321
190.336000	0.242321
190.400000	0.242321
190.464000	0.242321
190.528000	0.242321
190.592000	0.242321
190.656000	0.242321
190.720000	0.242321
190.784000	0.242321
190.848000	0.242321
190.912000	0.242321
190.976000	0.242321
191.040000	0.242321
191.104000	0.192547
191.168000	0.192547
191.232000	0.192547
191.296000	0.192547
191.360000	0.192547
191.424000	0.192547
191.488000	0.192547
191.552000	0.192547
191.616000	0.192547
191.680000	0.192547
191.744000	0.192547
191.808000	0.192547
191.872000	0.192547
191.936000	0.192547
192.000000	0.192547
192.064000	0.192547
192.128000	0.192547
192.192000	0.192547
192.256000	0.192547
192.320000	0.192547
192.384000	0.192547
192.448000	0.192547
192.512000	0.192547
192.576000	0.192547
192.640000	0.192547
192.704000	0.192547
192.768000	0.192547
192.832000	0.192547
192.896000	0.192547
192.960000	0.192547
193.024000	0.192547
193.088000	0.192547
193.152000	0.192547
193.216000	0.192547
193.280000	0.192547
193.344000	0.192547
193.408000	0.192547
193.472000	0.192547
193.536000	0.192547
193.600000	0.192547
193.664000	0.192547
193.728000	0.192547
193.792000	0.192547
193.856000	0.192547
193.920000	0.192547
193.984000	0.192547
194.048000	0.192547
194.112000	0.192547
194.176000	0.192547
194.240000	0.192547
194.304000	0.192547
194.368000	0.192547
194.432000	0.192547
194.496000	0.192547
194.560000	0.192547
194.624000	0.192547
194.688000	0.192547
194.752000	0.192547
194.816000	0.192547
194.880000	0.192547
194.944000	0.192547
195.008000	0.192547
195.072000	0.192547
195.136000	0.192547
195.200000	0.192547
195.264000	0.192547
195.328000	0.192547
195.392000	0.192547
195.456000	0.192547
195.520000	0.192547
195.584000	0.192547
195.648000	0.192547
195.712000	0.192547
195.776000	0.192547
195.840000	0.192547
195.904000	0.192547
195.968000	0.192547
196.032000	0.192547
196.096000	0.192547
196.160000	0.192547
196.224000	0.192547
196.288000	0.192547
196.352000	0.192547
196.416000	0.192547
196.480000	0.192547
196.544000	0.192547
196.608000	0.192547
196.672000	0.192547
196.736000	0.192547
196.800000	0.192547
196.864000	0.192547
196.928000	0.192547
196.992000	0.192547
197.056000	0.192547
197.120000	0.192547
197.184000	0.192547
197.248000	0.192547
197.312000	0.192547
197.376000	0.192547
197.440000	0.192547
197.504000	0.250247
197.568000	0.250247
197.632000	0.250247
197.696000	0.265956
197.760000	0.265956
197.824000	0.265956
197.888000	0.265956
197.952000	0.265956
198.016000	0.265956
198.080000	0.265956
198.144000	0.265956
198.208000	0.265956
198.272000	0.265956
198.336000	0.265956
198.400000	0.265956
198.464000	0.265956
198.528000	0.265956
198.592000	0.265956
198.656000	0.265956
198.720000	0.265956
198.784000	0.265956
198.848000	0.265956
198.912000	0.265956
198.976000	0.265956
199.040000	0.265956
199.104000	0.265956
199.168000	0.265956
199.232000	0.265956
199.296000	0.265956
199.360000	0.265956
199.424000	0.265956
199.488000	0.239502
199.552000	0.239502
199.616000	0.239502
199.680000	0.239502
199.744000	0.239502
199.808000	0.239502
199.872000	0.239502
199.936000	0.239502
200.000000	0.239502
200.064000	0.239502
200.128000	0.239502
200.192000	0.239502
200.256000	0.239502
200.320000	0.239502
200.384000	0.239502
200.448000	0.239502
200.512000	0.239502
200.576000	0.239502
200.640000	0.239502
200.704000	0.239502
200.768000	0.239502
200.832000	0.239502
200.896000	0.239502
200.960000	0.239502
201.024000	0.239502
201.088000	0.239502
201.152000	0.239502
201.216000	0.239502
201.280000	0.239502
201.344000	0.239502
201.408000	0.239502
201.472000	0.239502
201.536000	0.239502
201.600000	0.239502
201.664000	0.239502
201.728000	0.239502
201.792000	0.239502
201.856000	0.239502
201.920000	0.239502
201.984000	0.239502
202.048000	0.239502
202.112000	0.239502
202.176000	0.239502
202.240000	0.239502
202.304000	0.239502
202.368000	0.239502
202.432000	0.239502
202.496000	0.239502
202.560000	0.239502
202.624000	0.239502
202.688000	0.239502
202.752000	0.239502
202.816000	0.239502
202.880000	0.232248
202.944000	0.232248
203.008000	0.232248
203.072000	0.232248
203.136000	0.232248
203.200000	0.186133
203.264000	0.186133
203.328000	0.186133
203.392000	0.186133
203.456000	0.186133
203.520000	0.186133
203.584000	0.186133
203.648000	0.186133
203.712000	0.186133
203.776000	0.186133
203.840000	0.186133
203.904000	0.186133
203.968000	0.186133
204.032000	0.186133
204.096000	0.186133
204.160000	0.186133
204.224000	0.186133
204.288000	0.186133
204.352000	0.186133
204.416000	0.186133
204.480000	0.186133
204.544000	0.186133
204.608000	0.186133
204.672000	0.186133
204.736000	0.186133
204.800000	0.186133
204.864000	0.186133
204.928000	0.186133
204.992000	0.186133
205.056000	0.186133
205.120000	0.186133
205.184000	0.186133
205.248000	0.186133
205.312000	0.186133
205.376000	0.186133
205.440000	0.186133
205.504000	0.186133
205.568000	0.186133
205.632000	0.186133
205.696000	0.186133
205.760000	0.186133
205.824000	0.186133
205.888000	0.186133
205.952000	0.186133
206.016000	0.186133
206.080000	0.186133
206.144000	0.186133
206.208000	0.186133
206.272000	0.186133
206.336000	0.186133
206.400000	0.186133
206.464000	0.186133
206.528000	0.186133
206.592000	0.186133
206.656000	0.186133
206.720000	0.186133
206.784000	0.186133
206.848000	0.183355
206.912000	0.183355
206.976000	0.183355
207.040000	0.183355
207.104000	0.183355
207.168000	0.183355
207.232000	0.183355
207.296000	0.183355
207.360000	0.183355
207.424000	0.183355
207.488000	0.183355
207.552000	0.183355
207.616000	0.183355
207.680000	0.183355
207.744000	0.183355
207.808000	0.183355
207.872000	0.183355
207.936000	0.183355
208.000000	0.183355
208.064000	0.183355
208.128000	0.183355
208.192000	0.183355
208.256000	0.183355
208.320000	0.183355
208.384000	0.183355
208.448000	0.183355
208.512000	0.183355
208.576000	0.183355
208.640000	0.183355
208.704000	0.183355
208.768000	0.183355
208.832000	0.183355
208.896000	0.183355
208.960000	0.183355
209.024000	0.183355
209.088000	0.183355
209.152000	0.183355
209.216000	0.183355
209.280000	0.183355
209.344000	0.183355
209.408000	0.183355
209.472000	0.183355
209.536000	0.183355
209.600000	0.183355
209.664000	0.183355
209.728000	0.183355
209.792000	0.183355
209.856000	0.183355
209.920000	0.183355
209.984000	0.183355
210.048000	0.183355
210.112000	0.183355
210.176000	0.183355
210.240000	0.183355
210.304000	0.183355
210.368000	0.183355
210.432000	0.183355
210.496000	0.183355
210.560000	0.183355
210.624000	0.183355
210.688000	0.183355
210.752000	0.183355
210.816000	0.183355
210.880000	0.183355
210.944000	0.183355
211.008000	0.183355
211.072000	0.183355
211.136000	0.183355
211.200000	0.183355
211.264000	0.183355
211.328000	0.183355
211.392000	0.183355
211.456000	0.183355
211.520000	0.183355
211.584000	0.183355
211.648000	0.183355
211.712000	0.183355
211.776000	0.183355
211.840000	0.183355
211.904000	0.183355
211.968000	0.183355
212.032000	0.183355
212.096000	0.183355
212.160000	0.183355
212.224000	0.183355
212.288000	0.183355
212.352000	0.183355
212.416000	0.183355
212.480000	0.183355
212.544000	0.183355
212.608000	0.183355
212.672000	0.183355
212.736000	0.183355
212.800000	0.183355
212.864000	0.183355
212.928000	0.183355
212.992000	0.183355
213.056000	0.183355
213.120000	0.183355
213.184000	0.183355
213.248000	0.203447
213.312000	0.203447
213.376000	0.203447
213.440000	0.203447
213.504000	0.203447
213.568000	0.203447
213.632000	0.203447
213.696000	0.203447
213.760000	0.203447
213.824000	0.203447
213.888000	0.203447
213.952000	0.203447
214.016000	0.203447
214.080000	0.203447
214.144000	0.203447
214.208000	0.203447
214.272000	0.203447
214.336000	0.203447
214.400000	0.203447
214.464000	0.203447
214.528000	0.203447
214.592000	0.135568
214.656000	0.135568
214.720000	0.135568
214.784000	0.135568
214.848000	0.135568
214.912000	0.135568
214.976000	0.135568
215.040000	0.135568
215.104000	0.135568
215.168000	0.135568
215.232000	0.135568
215.296000	0.135568
215.360000	0.135568
215.424000	0.135568
215.488000	0.135568
215.552000	0.135568
215.616000	0.135568
215.680000	0.135568
215.744000	0.135568
215.808000	0.135568
215.872000	0.135568
215.936000	0.135568
216.000000	0.135568
216.064000	0.135568
216.128000	0.135568
216.192000	0.135568
216.256000	0.135568
216.320000	0.135568
216.384000	0.135568
216.448000	0.135568
216.512000	0.135568
216.576000	0.135568
216.640000	0.135568
216.704000	0.135568
216.768000	0.135568
216.832000	0.135568
216.896000	0.135568
216.960000	0.135568
217.024000	0.135568
217.088000	0.135568
217.152000	0.135568
217.216000	0.135568
217.280000	0.135568
217.344000	0.135568
217.408000	0.135568
217.472000	0.135568
217.536000	0.135568
217.600000	0.135568
217.664000	0.135568
217.728000	0.135568
217.792000	0.135568
217.856000	0.135568
217.920000	0.135568
217.984000	0.135568
218.048000	0.135568
218.112000	0.135568
218.176000	0.135568
218.240000	0.135568
218.304000	0.135568
218.368000	0.135568
218.432000	0.135568
218.496000	0.135568
218.560000	0.135568
218.624000	0.135568
218.688000	0.135568
218.752000	0.135568
218.816000	0.135568
218.880000	0.135568
218.944000	0.135568
219.008000	0.135568
219.072000	0.135568
219.136000	0.135568
219.200000	0.135568
219.264000	0.135568
219.328000	0.135568
219.392000	0.135568
219.456000	0.135568
219.520000	0.135568
219.584000	0.135568
219.648000	0.135568
219.712000	0.135568
219.776000	0.135568
219.840000	0.135568
219.904000	0.135568
219.968000	0.135568
220.032000	0.135568
220.096000	0.135568
220.160000	0.135568
220.224000	0.135568
220.288000	0.135568
220.352000	0.135568
220.416000	0.135568
220.480000	0.135568
220.544000	0.135568
220.608000	0.135568
220.672000	0.135568
220.736000	0.135568
220.800000	0.135568
220.864000	0.135568
220.928000	0.135568
220.992000	0.182642
221.056000	0.182642
221.120000	0.182642
221.184000	0.182642
221.248000	0.182642
221.312000	0.182642
221.376000	0.182642
221.440000	0.182642
221.504000	0.182642
221.568000	0.182642
221.632000	0.182642
221.696000	0.182642
221.760000	0.182642
221.824000	0.182642
221.888000	0.182642
221.952000	0.182642
222.016000	0.182642
222.080000	0.182642
222.144000	0.182642
222.208000	0.182642
222.272000	0.191902
222.336000	0.191902
222.400000	0.295216
222.464000	0.295216
222.528000	0.295216
222.592000	0.295216
222.656000	0.295216
222.720000	0.295216
222.784000	0.295216
222.848000	0.295216
222.912000	0.295216
222.976000	0.295216
223.040000	0.295216
223.104000	0.295216
223.168000	0.295216
223.232000	0.295216
223.296000	0.295216
223.360000	0.295216
223.424000	0.295216
223.488000	0.295216
223.552000	0.315156
223.616000	0.315156
223.680000	0.315156
223.744000	0.315156
223.808000	0.315156
223.872000	0.315156
223.936000	0.315156
224.000000	0.315156
224.064000	0.315156
224.128000	0.315156
224.192000	0.315156
224.256000	0.315156
224.320000	0.315156
224.384000	0.315156
224.448000	0.315156
224.512000	0.315156
224.576000	0.315156
224.640000	0.315156
224.704000	0.315156
224.768000	0.315156
224.832000	0.315156
224.896000	0.315156
224.960000	0.315156
225.024000	0.315156
225.088000	0.315156
225.152000	0.315156
225.216000	0.315156
225.280000	0.315156
225.344000	0.315156
225.408000	0.315156
225.472000	0.315156
225.536000	0.315156
225.600000	0.315156
225.664000	0.315156
225.728000	0.315156
225.792000	0.315156
225.856000	0.315156
225.920000	0.315156
225.984000	0.315156
226.048000	0.315156
226.112000	0.315156
226.176000	0.315156
226.240000	0.315156
226.304000	0.315156
226.368000	0.315156
226.432000	0.315156
226.496000	0.315156
226.560000	0.315156
226.624000	0.315156
226.688000	0.315156
226.752000	0.315156
226.816000	0.315156
226.880000	0.315156
226.944000	0.315156
227.008000	0.315156
227.072000	0.315156
227.136000	0.315156
227.200000	0.315156
227.264000	0.315156
227.328000	0.315156
227.392000	0.315156
227.456000	0.315156
227.520000	0.315156
227.584000	0.315156
227.648000	0.315156
227.712000	0.315156
227.776000	0.315156
227.840000	0.315156
227.904000	0.315156
227.968000	0.315156
228.032000	0.315156
228.096000	0.315156
228.160000	0.315156
228.224000	0.315156
228.288000	0.315156
228.352000	0.315156
228.416000	0.315156
228.480000	0.315156
228.544000	0.315156
228.608000	0.315156
228.672000	0.315156
228.736000	0.315156
228.800000	0.315156
228.864000	0.315156
228.928000	0.315156
228.992000	0.315156
229.056000	0.315156
229.120000	0.412962
229.184000	0.412962
229.248000	0.412962
229.312000	0.412962
229.376000	0.412962
229.440000	0.412962
229.504000	0.412962
229.568000	0.412962
229.632000	0.412962
229.696000	0.412962
229.760000	0.412962
229.824000	0.412962
229.888000	0.412962
229.952000	0.412962
230.016000	0.412962
230.080000	0.412962
230.144000	0.412962
230.208000	0.412962
230.272000	0.412962
230.336000	0.412962
230.400000	0.412962
230.464000	0.412962
230.528000	0.412962
230.592000	0.412962
230.656000	0.412962
230.720000	0.412962
230.784000	0.412962
230.848000	0.412962
230.912000	0.412962
230.976000	0.412962
231.040000	0.412962
231.104000	0.412962
231.168000	0.412962
231.232000	0.412962
231.296000	0.412962
231.360000	0.412962
231.424000	0.412962
231.488000	0.412962
231.552000	0.412962
231.616000	0.412962
231.680000	0.412962
231.744000	0.412962
231.808000	0.412962
231.872000	0.412962
231.936000	0.412962
232.000000	0.412962
232.064000	0.412962
232.128000	0.412962
232.192000	0.576663
232.256000	0.576663
232.320000	0.576663
232.384000	0.576663
232.448000	0.576663
232.512000	0.576663
232.576000	0.576663
232.640000	0.576663
232.704000	0.576663
232.768000	0.576663
232.832000	0.576663
232.896000	0.576663
232.960000	0.576663
233.024000	0.707118
233.088000	0.707118
233.152000	0.642707
233.216000	0.642707
233.280000	0.642707
233.344000	0.535054
233.408000	0.535054
233.472000	0.378414
233.536000	0.378414
233.600000	0.378414
233.664000	0.378414
233.728000	0.378414
233.792000	0.378414
233.856000	0.378414
233.920000	0.378414
233.984000	0.378414
234.048000	0.378414
234.112000	0.378414
234.176000	0.378414
234.240000	0.378414
234.304000	0.378414
234.368000	0.378414
234.432000	0.378414
234.496000	0.378414
234.560000	0.378414
234.624000	0.378414
234.688000	0.378414
234.752000	0.378414
234.816000	0.378414
234.880000	0.378414
234.944000	0.378414
235.008000	0.378414
235.072000	0.378414
235.136000	0.378414
235.200000	0.378414
235.264000	0.378414
235.328000	0.378414
235.392000	0.378414
235.456000	0.378414
235.520000	0.378414
235.584000	0.378414
235.648000	0.378414
235.712000	0.378414
235.776000	0.378414
235.840000	0.378414
235.904000	0.378414
235.968000	0.378414
236.032000	0.378414
236.096000	0.378414
236.160000	0.378414
236.224000	0.378414
236.288000	0.378414
236.352000	0.378414
236.416000	0.378414
236.480000	0.378414
236.544000	0.378414
236.608000	0.378414
236.672000	0.378414
236.736000	0.378414
236.800000	0.378414
236.864000	0.378414
236.928000	0.378414
236.992000	0.378414
237.056000	0.378414
237.120000	0.378414
237.184000	0.378414
237.248000	0.378414
237.312000	0.378414
237.376000	0.378414
237.440000	0.378414
237.504000	0.378414
237.568000	0.378414
237.632000	0.378414
237.696000	0.378414
237.760000	0.378414
237.824000	0.378414
237.888000	0.378414
237.952000	0.378414
238.016000	0.378414
238.080000	0.378414
238.144000	0.378414
238.208000	0.378414
238.272000	0.378414
238.336000	0.378414
238.400000	0.378414
238.464000	0.378414
238.528000	0.378414
238.592000	0.378414
238.656000	0.378414
238.720000	0.378414
238.784000	0.378414
238.848000	0.378414
238.912000	0.378414
238.976000	0.378414
239.040000	0.378414
239.104000	0.378414
239.168000	0.378414
239.232000	0.378414
239.296000	0.378414
239.360000	0.378414
239.424000	0.378414
239.488000	0.378414
239.552000	0.378414
239.616000	0.378414
239.680000	0.378414
239.744000	0.378414
239.808000	0.378414
239.872000	0.404572
239.936000	0.404572
240.000000	0.404572
240.064000	0.404572
240.128000	0.404572
240.192000	0.404572
240.256000	0.404572
240.320000	0.404572
240.384000	0.404572
240.448000	0.404572
240.512000	0.404572
240.576000	0.404572
240.640000	0.404572
240.704000	0.404572
240.768000	0.404572
240.832000	0.404572
240.896000	0.404572
240.960000	0.404572
241.024000	0.404572
241.088000	0.404572
241.152000	0.404572
241.216000	0.404572
241.280000	0.404572
241.344000	0.404572
241.408000	0.404572
241.472000	0.404572
241.536000	0.404572
241.600000	0.330050
241.664000	0.330050
241.728000	0.330050
241.792000	0.330050
241.856000	0.330050
241.920000	0.330050
241.984000	0.330050
242.048000	0.330050
242.112000	0.330050
242.176000	0.330050
242.240000	0.330050
242.304000	0.330050
242.368000	0.330050
242.432000	0.330050
242.496000	0.330050
242.560000	0.330050
242.624000	0.330050
242.688000	0.330050
242.752000	0.330050
242.816000	0.330050
242.880000	0.330050
242.944000	0.330050
243.008000	0.330050
243.072000	0.330050
243.136000	0.330050
243.200000	0.330050
243.264000	0.330050
243.328000	0.330050
243.392000	0.330050
243.456000	0.330050
243.520000	0.330050
243.584000	0.330050
243.648000	0.330050
243.712000	0.330050
243.776000	0.330050
243.840000	0.330050
243.904000	0.330050
243.968000	0.330050
244.032000	0.330050
244.096000	0.330050
244.160000	0.330050
244.224000	0.330050
244.288000	0.330050
244.352000	0.330050
244.416000	0.330050
244.480000	0.330050
244.544000	0.330050
244.608000	0.330050
244.672000	0.330050
244.736000	0.330050
244.800000	0.330050
244.864000	0.330050
244.928000	0.330050
244.992000	0.330050
245.056000	0.330050
245.120000	0.330050
245.184000	0.330050
245.248000	0.330050
245.312000	0.330050
245.376000	0.330050
245.440000	0.330050
245.504000	0.330050
245.568000	0.330050
245.632000	0.330050
245.696000	0.330050
245.760000	0.330050
245.824000	0.330050
245.888000	0.282988
245.952000	0.282988
246.016000	0.282988
246.080000	0.282988
246.144000	0.282988
246.208000	0.282988
246.272000	0.282988
246.336000	0.282988
246.400000	0.282988
246.464000	0.282988
246.528000	0.282988
246.592000	0.282988
246.656000	0.250418
246.720000	0.250418
246.784000	0.250418
246.848000	0.250418
246.912000	0.250418
246.976000	0.250418
247.040000	0.250418
247.104000	0.250418
247.168000	0.250418
247.232000	0.250418
247.296000	0.250418
247.360000	0.250418
247.424000	0.250418
247.488000	0.250418
247.552000	0.250418
247.616000	0.250418
247.680000	0.250418
247.744000	0.250418
247.808000	0.250418
247.872000	0.250418
247.936000	0.250418
248.000000	0.250418
248.064000	0.250418
248.128000	0.250418
248.192000	0.250418
248.256000	0.250418
248.320000	0.250418
248.384000	0.250418
248.448000	0.250418
248.512000	0.250418
248.576000	0.250418
248.640000	0.250418
248.704000	0.250418
248.768000	0.250418
248.832000	0.250418
248.896000	0.250418
248.960000	0.250418
249.024000	0.250418
249.088000	0.250418
249.152000	0.250418
249.216000	0.250418
249.280000	0.250418
249.344000	0.250418
249.408000	0.250418
249.472000	0.250418
249.536000	0.250418
249.600000	0.250418
249.664000	0.250418
249.728000	0.250418
249.792000	0.250418
249.856000	0.250418
249.920000	0.250418
249.984000	0.250418
250.048000	0.250418
250.112000	0.250418
250.176000	0.250418
250.240000	0.250418
250.304000	0.250418
250.368000	0.250418
250.432000	0.250418
250.496000	0.250418
250.560000	0.250418
250.624000	0.250418
250.688000	0.250418
250.752000	0.250418
250.816000	0.250418
250.880000	0.250418
250.944000	0.250418
251.008000	0.250418
251.072000	0.250418
251.136000	0.250418
251.200000	0.250418
251.264000	0.250418
251.328000	0.250418
251.392000	0.250418
251.456000	0.218403
251.520000	0.218403
251.584000	0.218403
251.648000	0.218403
251.712000	0.218403
251.776000	0.218403
251.840000	0.218403
251.904000	0.218403
251.968000	0.218403
252.032000	0.218403
252.096000	0.218403
252.160000	0.218403
252.224000	0.218403
252.288000	0.218403
252.352000	0.218403
252.416000	0.218403
252.480000	0.218403
252.544000	0.218403
252.608000	0.218403
252.672000	0.218403
252.736000	0.218403
252.800000	0.218403
252.864000	0.218403
252.928000	0.218403
252.992000	0.218403
253.056000	0.218403
253.120000	0.218403
253.184000	0.218403
253.248000	0.218403
253.312000	0.218403
253.376000	0.218403
253.440000	0.218403
253.504000	0.218403
253.568000	0.218403
253.632000	0.218403
253.696000	0.218403
253.760000	0.218403
253.824000	0.218403
253.888000	0.218403
253.952000	0.218403
254.016000	0.218403
254.080000	0.218403
254.144000	0.218403
254.208000	0.218403
254.272000	0.218403
254.336000	0.218403
254.400000	0.218403
254.464000	0.218403
254.528000	0.218403
254.592000	0.218403
254.656000	0.218403
254.720000	0.218403
254.784000	0.218403
254.848000	0.218403
254.912000	0.218403
254.976000	0.218403
255.040000	0.218403
255.104000	0.218403
255.168000	0.218403
255.232000	0.218403
255.296000	0.218403
255.360000	0.218403
255.424000	0.218403
255.488000	0.218403
255.552000	0.218403
255.616000	0.218403
255.680000	0.218403
255.744000	0.218403
255.808000	0.218403
255.872000	0.218403
255.936000	0.218403
256.000000	0.218403
256.064000	0.218403
256.128000	0.218403
256.192000	0.218403
256.256000	0.218403
256.320000	0.218403
256.384000	0.218403
256.448000	0.218403
256.512000	0.218403
256.576000	0.218403
256.640000	0.218403
256.704000	0.218403
256.768000	0.218403
256.832000	0.218403
256.896000	0.218403
256.960000	0.218403
257.024000	0.218403
257.088000	0.218403
257.152000	0.218403
257.216000	0.218403
257.280000	0.218403
257.344000	0.218403
257.408000	0.218403
257.472000	0.218403
257.536000	0.218403
257.600000	0.218403
257.664000	0.218403
257.728000	0.218403
257.792000	0.218403
257.856000	0.447011
257.920000	0.447011
257.984000	0.447011
258.048000	0.447011
258.112000	0.447011
258.176000	0.447011
258.240000	0.447011
258.304000	0.447011
258.368000	0.447011
258.432000	0.447011
258.496000	0.447011
258.560000	0.447011
258.624000	0.447011
258.688000	0.447011
258.752000	0.447011
258.816000	0.447011
258.880000	0.447011
258.944000	0.447011
259.008000	0.447011
259.072000	0.444037
259.136000	0.444037
259.200000	0.444037
259.264000	0.444037
259.328000	0.444037
259.392000	0.444037
259.456000	0.444037
259.520000	0.444037
259.584000	0.444037
259.648000	0.444037
259.712000	0.444037
259.776000	0.444037
259.840000	0.444037
259.904000	0.444037
259.968000	0.444037
260.032000	0.444037
260.096000	0.444037
260.160000	0.444037
260.224000	0.444037
260.288000	0.444037
260.352000	0.444037
260.416000	0.444037
260.480000	0.444037
260.544000	0.444037
260.608000	0.444037
260.672000	0.444037
260.736000	0.444037
260.800000	0.444037
260.864000	0.444037
260.928000	0.444037
260.992000	0.444037
261.056000	0.444037
261.120000	0.444037
261.184000	0.444037
261.248000	0.444037
261.312000	0.444037
261.376000	0.444037
261.440000	0.444037
261.504000	0.444037
261.568000	0.444037
261.632000	0.444037
261.696000	0.444037
261.760000	0.444037
261.824000	0.444037
261.888000	0.444037
261.952000	0.444037
262.016000	0.444037
262.080000	0.444037
262.144000	0.444037
262.208000	0.444037
262.272000	0.444037
262.336000	0.444037
262.400000	0.444037
262.464000	0.443680
262.528000	0.443680
262.592000	0.443680
262.656000	0.443680
262.720000	0.443680
262.784000	0.443680
262.848000	0.443680
262.912000	0.443680
262.976000	0.443680
263.040000	0.443680
263.104000	0.443680
263.168000	0.443680
263.232000	0.443680
263.296000	0.443680
263.360000	0.443680
263.424000	0.443680
263.488000	0.443680
263.552000	0.443680
263.616000	0.443680
263.680000	0.443680
263.744000	0.443680
263.808000	0.443680
263.872000	0.443680
263.936000	0.443680
264.000000	0.443680
264.064000	0.443680
264.128000	0.443680
264.192000	0.443680
264.256000	0.443680
264.320000	0.443680
264.384000	0.443680
264.448000	0.443680
264.512000	0.443680
264.576000	0.443680
264.640000	0.443680
264.704000	0.443680
264.768000	0.443680
264.832000	0.443680
264.896000	0.443680
264.960000	0.443680
265.024000	0.443680
265.088000	0.443680
265.152000	0.443680
265.216000	0.443680
265.280000	0.443680
265.344000	0.443680
265.408000	0.443680
265.472000	0.443680
265.536000	0.443680
265.600000	0.443680
265.664000	0.443680
265.728000	0.443680
265.792000	0.443680
265.856000	0.443680
265.920000	0.443680
265.984000	0.443680
266.048000	0.443680
266.112000	0.443680
266.176000	0.443680
266.240000	0.443680
266.304000	0.443680
266.368000	0.283358
266.432000	0.283358
266.496000	0.283358
266.560000	0.283358
266.624000	0.283358
266.688000	0.283358
266.752000	0.283358
266.816000	0.283358
266.880000	0.283358
266.944000	0.283358
267.008000	0.283358
267.072000	0.283358
267.136000	0.283358
267.200000	0.283358
267.264000	0.283358
267.328000	0.283358
267.392000	0.283358
267.456000	0.283358
267.520000	0.283358
267.584000	0.283358
267.648000	0.283358
267.712000	0.283358
267.776000	0.283358
267.840000	0.283358
267.904000	0.283358
267.968000	0.283358
268.032000	0.283358
268.096000	0.283358
268.160000	0.283358
268.224000	0.283358
268.288000	0.283358
268.352000	0.283358
268.416000	0.283358
268.480000	0.283358
268.544000	0.283358
268.608000	0.283358
268.672000	0.283358
268.736000	0.283358
268.800000	0.283358
268.864000	0.283358
268.928000	0.283358
268.992000	0.283358
269.056000	0.283358
269.120000	0.283358
269.184000	0.283358
269.248000	0.283358
269.312000	0.283358
269.376000	0.283358
269.440000	0.283358
269.504000	0.283358
269.568000	0.283358
269.632000	0.283358
269.696000	0.283358
269.760000	0.144708
269.824000	0.144708
269.888000	0.144708
269.952000	0.144708
270.016000	0.144708
270.080000	0.144708
270.144000	0.144708
270.208000	0.144708
270.272000	0.144708
270.336000	0.144708
270.400000	0.144708
270.464000	0.144708
270.528000	0.144708
270.592000	0.144708
270.656000	0.144708
270.720000	0.144708
270.784000	0.144708
270.848000	0.144708
270.912000	0.144708
270.976000	0.144708
271.040000	0.144708
271.104000	0.144708
271.168000	0.144708
271.232000	0.144708
271.296000	0.144708
271.360000	0.144708
271.424000	0.144708
271.488000	0.144708
271.552000	0.144708
271.616000	0.144708
271.680000	0.144708
271.744000	0.144708
271.808000	0.144708
271.872000	0.144708
271.936000	0.144708
272.000000	0.144708
272.064000	0.144708
272.128000	0.144708
272.192000	0.144708
272.256000	0.144708
272.320000	0.144708
272.384000	0.144708
272.448000	0.144708
272.512000	0.144708
272.576000	0.144708
272.640000	0.144708
272.704000	0.144708
272.768000	0.144708
272.832000	0.144708
272.896000	0.144708
272.960000	0.144708
273.024000	0.144708
273.088000	0.144708
273.152000	0.144708
273.216000	0.144708
273.280000	0.144708
273.344000	0.144708
273.408000	0.144708
273.472000	0.144708
273.536000	0.144708
273.600000	0.144708
273.664000	0.144708
273.728000	0.144708
273.792000	0.144708
273.856000	0.144708
273.920000	0.144708
273.984000	0.144708
274.048000	0.144708
274.112000	0.144708
274.176000	0.144708
274.240000	0.144708
274.304000	0.144708
274.368000	0.144708
274.432000	0.144708
274.496000	0.144708
274.560000	0.144708
274.624000	0.144708
274.688000	0.144708
274.752000	0.144708
274.816000	0.144708
274.880000	0.144708
274.944000	0.144708
275.008000	0.144708
275.072000	0.144708
275.136000	0.144708
275.200000	0.144708
275.264000	0.144708
275.328000	0.144708
275.392000	0.144708
275.456000	0.144708
275.520000	0.144708
275.584000	0.144708
275.648000	0.144708
275.712000	0.144708
275.776000	0.144708
275.840000	0.144708
275.904000	0.144708
275.968000	0.144708
276.032000	0.144708
276.096000	0.144708
276.160000	0.285222
276.224000	0.285222
276.288000	0.285222
276.352000	0.285222
276.416000	0.223663
276.480000	0.170777
276.544000	0.170777
276.608000	0.170777
276.672000	0.170777
276.736000	0.170777
276.800000	0.170777
276.864000	0.170777
276.928000	0.170777
276.992000	0.170777
277.056000	0.170777
277.120000	0.170777
277.184000	0.170777
277.248000	0.170777
277.312000	0.170777
277.376000	0.170777
277.440000	0.170777
277.504000	0.170777
277.568000	0.170777
277.632000	0.170777
277.696000	0.170777
277.760000	0.170777
277.824000	0.170777
277.888000	0.170777
277.952000	0.170777
278.016000	0.170777
278.080000	0.170777
278.144000	0.170777
278.208000	0.170777
278.272000	0.170777
278.336000	0.170777
278.400000	0.170777
278.464000	0.170777
278.528000	0.170777
278.592000	0.170777
278.656000	0.170777
278.720000	0.170777
278.784000	0.170777
278.848000	0.170777
278.912000	0.170777
278.976000	0.170777
279.040000	0.170777
279.104000	0.170777
279.168000	0.170777
279.232000	0.170777
279.296000	0.170777
279.360000	0.170777
279.424000	0.170777
279.488000	0.170777
279.552000	0.170777
279.616000	0.170777
279.680000	0.170777
279.744000	0.170777
279.808000	0.170777
279.872000	0.170777
279.936000	0.170777
280.000000	0.170777
280.064000	0.170777
280.128000	0.170777
280.192000	0.170777
280.256000	0.170777
280.320000	0.170777
280.384000	0.170777
280.448000	0.170777
280.512000	0.170777
280.576000	0.170777
280.640000	0.170777
280.704000	0.170777
280.768000	0.170777
280.832000	0.170777
280.896000	0.170777
280.960000	0.170777
281.024000	0.170777
281.088000	0.170777
281.152000	0.170777
281.216000	0.170777
281.280000	0.170777
281.344000	0.170777
281.408000	0.170777
281.472000	0.170777
281.536000	0.170777
281.600000	0.170777
281.664000	0.170777
281.728000	0.170777
281.792000	0.170777
281.856000	0.170777
281.920000	0.170777
281.984000	0.170777
282.048000	0.170777
282.112000	0.170777
282.176000	0.170777
282.240000	0.170777
282.304000	0.170777
282.368000	0.170777
282.432000	0.170777
282.496000	0.170777
282.560000	0.170777
282.624000	0.170777
282.688000	0.170777
282.752000	0.170777
282.816000	0.170777
282.880000	0.278224
282.944000	0.278224
283.008000	0.278224
283.072000	0.278224
283.136000	0.278224
283.200000	0.278224
283.264000	0.278224
283.328000	0.278224
283.392000	0.278224
283.456000	0.278224
283.520000	0.278224
283.584000	0.278224
283.648000	0.278224
283.712000	0.278224
283.776000	0.278224
283.840000	0.278224
283.904000	0.278224
283.968000	0.278224
284.032000	0.278224
284.096000	0.278224
284.160000	0.278224
284.224000	0.278224
284.288000	0.278224
284.352000	0.278224
284.416000	0.278224
284.480000	0.278224
284.544000	0.278224
284.608000	0.278224
284.672000	0.278224
284.736000	0.278224
284.800000	0.222938
284.864000	0.222938
284.928000	0.222938
284.992000	0.222938
285.056000	0.222938
285.120000	0.222938
285.184000	0.222938
285.248000	0.222938
285.312000	0.222938
285.376000	0.222938
285.440000	0.222938
285.504000	0.222938
285.568000	0.222938
285.632000	0.222938
285.696000	0.222938
285.760000	0.222938
285.824000	0.222938
285.888000	0.222938
285.952000	0.222938
286.016000	0.222938
286.080000	0.222938
286.144000	0.222938
286.208000	0.222938
286.272000	0.222938
286.336000	0.222938
286.400000	0.222938
286.464000	0.222938
286.528000	0.222938
286.592000	0.222938
286.656000	0.222938
286.720000	0.222938
286.784000	0.222938
286.848000	0.222938
286.912000	0.222938
286.976000	0.222938
287.040000	0.222938
287.104000	0.222938
287.168000	0.222938
287.232000	0.222938
287.296000	0.222938
287.360000	0.222938
287.424000	0.222938
287.488000	0.222938
287.552000	0.222938
287.616000	0.222938
287.680000	0.222938
287.744000	0.222938
287.808000	0.222938
287.872000	0.222938
287.936000	0.222938
288.000000	0.222938
288.064000	0.222938
288.128000	0.222938
288.192000	0.222938
288.256000	0.222938
288.320000	0.222938
288.384000	0.222938
288.448000	0.222938
288.512000	0.222938
288.576000	0.222938
288.640000	0.222938
288.704000	0.222938
288.768000	0.222938
288.832000	0.222938
288.896000	0.222938
288.960000	0.222938
289.024000	0.222938
289.088000	0.222938
289.152000	0.222938
289.216000	0.222938
289.280000	0.222938
289.344000	0.222938
289.408000	0.222938
289.472000	0.222938
289.536000	0.222938
289.600000	0.222938
289.664000	0.222938
289.728000	0.222938
289.792000	0.222938
289.856000	0.222938
289.920000	0.222938
289.984000	0.222938
290.048000	0.222938
290.112000	0.222938
290.176000	0.222938
290.240000	0.222938
290.304000	0.222938
290.368000	0.222938
290.432000	0.222938
290.496000	0.222938
290.560000	0.222938
290.624000	0.222938
290.688000	0.222938
290.752000	0.222938
290.816000	0.222938
290.880000	0.222938
290.944000	0.222938
291.008000	0.222938
291.072000	0.222938
291.136000	0.222938
291.200000	0.233242
291.264000	0.225077
291.328000	0.200691
291.392000	0.200691
291.456000	0.200691
291.520000	0.200691
291.584000	0.200691
291.648000	0.200691
291.712000	0.200691
291.776000	0.200691
291.840000	0.200691
291.904000	0.200691
291.968000	0.200691
292.032000	0.200691
292.096000	0.200691
292.160000	0.200691
292.224000	0.200691
292.288000	0.200691
292.352000	0.200691
292.416000	0.200691
292.480000	0.200691
292.544000	0.200691
292.608000	0.200691
292.672000	0.200691
292.736000	0.200691
292.800000	0.200691
292.864000	0.200691
292.928000	0.200691
292.992000	0.200691
293.056000	0.200691
293.120000	0.200691
293.184000	0.200691
293.248000	0.200691
293.312000	0.200691
293.376000	0.200691
293.440000	0.200691
293.504000	0.200691
293.568000	0.200691
293.632000	0.200691
293.696000	0.200691
293.760000	0.200691
293.824000	0.200691
293.888000	0.200691
293.952000	0.200691
294.016000	0.200691
294.080000	0.200691
294.144000	0.200691
294.208000	0.200691
294.272000	0.200691
294.336000	0.200691
294.400000	0.200691
294.464000	0.200691
294.528000	0.200691
294.592000	0.200691
294.656000	0.200691
294.720000	0.200691
294.784000	0.200691
294.848000	0.200691
294.912000	0.200691
294.976000	0.200691
295.040000	0.200691
295.104000	0.200691
295.168000	0.200691
295.232000	0.200691
295.296000	0.200691
295.360000	0.200691
295.424000	0.200691
295.488000	0.200691
295.552000	0.200691
295.616000	0.200691
295.680000	0.200691
295.744000	0.200691
295.808000	0.200691
295.872000	0.200691
295.936000	0.200691
296.000000	0.200691
296.064000	0.200691
296.128000	0.200691
296.192000	0.200691
296.256000	0.200691
296.320000	0.200691
296.384000	0.200691
296.448000	0.200691
296.512000	0.200691
296.576000	0.200691
296.640000	0.200691
296.704000	0.200691
296.768000	0.200691
296.832000	0.200691
296.896000	0.200691
296.960000	0.200691
297.024000	0.200691
297.088000	0.200691
297.152000	0.200691
297.216000	0.200691
297.280000	0.200691
297.344000	0.200691
297.408000	0.200691
297.472000	0.200691
297.536000	0.200691
297.600000	0.200691
297.664000	0.200691
297.728000	0.269974
297.792000	0.269974
297.856000	0.235376
297.920000	0.062445
297.984000	0.000006
298.048000	0.000005
298.112000	0.000004
298.176000	0.000004
298.240000	0.000004
298.304000	0.000004
298.368000	0.000004
298.432000	0.000004
298.496000	0.000004
298.560000	0.000004
298.624000	0.000004
298.688000	0.000004
298.752000	0.000004
298.816000	0.000000
298.880000	0.000000
298.944000	0.000000
299.008000	0.000000
299.072000	0.000000
299.136000	0.000000
299.200000	0.000000
299.264000	0.000000
299.328000	0.000000
299.392000	0.000000
299.456000	0.000000
299.520000	0.000000
299.584000	0.000000
299.648000	0.000000
299.712000	0.000000
299.776000	0.000000
299.840000	0.000000
299.904000	0.000000
299.968000	0.000000
300.032000	0.000000
300.096000	0.000000
300.160000	0.000000
300.224000	0.000000
300.288000	0.000000
300.352000	0.000000
300.416000	0.000000
300.480000	0.000000
300.544000	0.000000
300.608000	0.000000
300.672000	0.000000
300.736000	0.000000
300.800000	0.000000
300.864000	0.000000
300.928000	0.000000
300.992000	0.000000
301.056000	0.000000
301.120000	0.000000
301.184000	0.000000
301.248000	0.000000
301.312000	0.000000
301.376000	0.000000
301.440000	0.000000
301.504000	0.000000
301.568000	0.000000
301.632000	0.000000
301.696000	0.000000
301.760000	0.000000
301.824000	0.000000
301.888000	0.000000
301.952000	0.000000
