0.064000	0.000000
0.128000	0.000000
0.192000	0.000000
0.256000	0.000000
0.320000	0.000000
0.384000	0.000000
0.448000	0.000000
0.512000	0.000000
0.576000	0.000000
0.640000	0.000000
0.704000	0.000000
0.768000	0.000000
0.832000	0.000000
0.896000	0.000000
0.960000	0.000000
1.024000	0.000000
1.088000	0.000000
1.152000	0.000000
1.216000	0.000000
1.280000	0.000000
1.344000	0.000000
1.408000	0.000000
1.472000	0.000000
1.536000	0.000000
1.600000	0.000000
1.664000	0.000000
1.728000	0.000000
1.792000	0.000000
1.856000	0.000000
1.920000	0.000000
1.984000	0.000000
2.048000	0.000000
2.112000	0.000000
2.176000	0.000000
2.240000	0.000000
2.304000	0.000000
2.368000	0.000000
2.432000	0.000000
2.496000	0.000000
2.560000	0.000000
2.624000	0.000000
2.688000	0.000000
2.752000	0.000000
2.816000	0.000000
2.880000	0.000000
2.944000	0.000000
3.008000	0.000000
3.072000	0.000000
3.136000	0.000000
3.200000	0.000000
3.264000	0.203988
3.328000	0.203988
3.392000	0.203988
3.456000	0.203988
3.520000	0.203988
3.584000	0.203988
3.648000	0.203988
3.712000	0.203988
3.776000	0.203988
3.840000	0.203988
3.904000	0.203988
3.968000	0.203988
4.032000	0.203988
4.096000	0.203988
4.160000	0.203988
4.224000	0.203988
4.288000	0.203988
4.352000	0.203988
4.416000	0.183742
4.480000	0.183742
4.544000	0.183742
4.608000	0.183742
4.672000	0.183742
4.736000	0.183742
4.800000	0.183742
4.864000	0.183742
4.928000	0.183742
4.992000	0.183742
5.056000	0.148699
5.120000	0.148699
5.184000	0.148699
5.248000	0.148699
5.312000	0.148699
5.376000	0.148699
5.440000	0.148699
5.504000	0.148699
5.568000	0.148699
5.632000	0.148699
5.696000	0.148699
5.760000	0.148699
5.824000	0.148699
5.888000	0.148699
5.952000	0.148699
6.016000	0.148699
6.080000	0.148699
6.144000	0.148699
6.208000	0.148699
6.272000	0.148699
6.336000	0.148699
6.400000	0.148699
6.464000	0.148699
6.528000	0.148699
6.592000	0.148699
6.656000	0.148699
6.720000	0.148699
6.784000	0.148699
6.848000	0.148699
6.912000	0.148699
6.976000	0.148699
7.040000	0.148699
7.104000	0.148699
7.168000	0.148699
7.232000	0.148699
7.296000	0.148699
7.360000	0.148699
7.424000	0.148699
7.488000	0.148699
7.552000	0.148699
7.616000	0.148699
7.680000	0.148699
7.744000	0.148699
7.808000	0.148699
7.872000	0.148699
7.936000	0.148699
8.000000	0.148699
8.064000	0.148699
8.128000	0.148699
8.192000	0.148699
8.256000	0.148699
8.320000	0.148699
8.384000	0.148699
8.448000	0.148699
8.512000	0.148699
8.576000	0.148699
8.640000	0.148699
8.704000	0.148699
8.768000	0.148699
8.832000	0.148699
8.896000	0.148699
8.960000	0.148699
9.024000	0.148699
9.088000	0.148699
9.152000	0.148699
9.216000	0.148699
9.280000	0.148699
9.344000	0.148699
9.408000	0.148699
9.472000	0.148699
9.536000	0.148699
9.600000	0.148699
9.664000	0.148699
9.728000	0.148699
9.792000	0.148699
9.856000	0.148699
9.920000	0.148699
9.984000	0.148699
10.048000	0.148699
10.112000	0.148699
10.176000	0.148699
10.240000	0.148699
10.304000	0.148699
10.368000	0.148699
10.432000	0.148699
10.496000	0.148699
10.560000	0.148699
10.624000	0.148699
10.688000	0.148699
10.752000	0.148699
10.816000	0.148699
10.880000	0.148699
10.944000	0.148699
11.008000	0.148699
11.072000	0.148699
11.136000	0.148699
11.200000	0.148699
11.264000	0.148699
11.328000	0.148699
11.392000	0.148699
11.456000	0.229603
11.520000	0.229603
11.584000	0.229603
11.648000	0.229603
11.712000	0.229603
11.776000	0.229603
11.840000	0.229603
11.904000	0.229603
11.968000	0.229603
12.032000	0.229603
12.096000	0.229603
12.160000	0.229603
12.224000	0.229603
12.288000	0.229603
12.352000	0.229603
12.416000	0.229603
12.480000	0.229603
12.544000	0.229603
12.608000	0.229603
12.672000	0.229603
12.736000	0.229603
12.800000	0.229603
12.864000	0.229603
12.928000	0.229603
12.992000	0.244222
13.056000	0.244222
13.120000	0.244222
13.184000	0.244222
13.248000	0.244222
13.312000	0.244222
13.376000	0.244222
13.440000	0.244222
13.504000	0.244222
13.568000	0.244222
13.632000	0.244222
13.696000	0.244222
13.760000	0.244222
13.824000	0.274370
13.888000	0.274370
13.952000	0.274370
14.016000	0.274370
14.080000	0.274370
14.144000	0.274370
14.208000	0.274370
14.272000	0.274370
14.336000	0.274370
14.400000	0.274370
14.464000	0.274370
14.528000	0.274370
14.592000	0.274370
14.656000	0.274370
14.720000	0.274370
14.784000	0.274370
14.848000	0.274370
14.912000	0.274370
14.976000	0.274370
15.040000	0.225724
15.104000	0.162935
15.168000	0.162351
15.232000	0.162351
15.296000	0.162351
15.360000	0.162351
15.424000	0.162351
15.488000	0.162351
15.552000	0.162351
15.616000	0.162351
15.680000	0.162351
15.744000	0.162351
15.808000	0.162351
15.872000	0.162351
15.936000	0.162351
16.000000	0.162351
16.064000	0.162351
16.128000	0.162351
16.192000	0.162351
16.256000	0.162351
16.320000	0.162351
16.384000	0.162351
16.448000	0.162351
16.512000	0.162351
16.576000	0.162351
16.640000	0.162351
16.704000	0.162351
16.768000	0.162351
16.832000	0.162351
16.896000	0.162351
16.960000	0.162351
17.024000	0.162351
17.088000	0.162351
17.152000	0.162351
17.216000	0.162351
17.280000	0.162351
17.344000	0.162351
17.408000	0.162351
17.472000	0.162351
17.536000	0.162351
17.600000	0.162351
17.664000	0.162351
17.728000	0.162351
17.792000	0.162351
17.856000	0.162351
17.920000	0.162351
17.984000	0.162351
18.048000	0.162351
18.112000	0.162351
18.176000	0.162351
18.240000	0.162351
18.304000	0.162351
18.368000	0.162351
18.432000	0.162351
18.496000	0.162351
18.560000	0.162351
18.624000	0.162351
18.688000	0.162351
18.752000	0.162351
18.816000	0.162351
18.880000	0.162351
18.944000	0.162351
19.008000	0.162351
19.072000	0.162351
19.136000	0.162351
19.200000	0.162351
19.264000	0.162351
19.328000	0.162351
19.392000	0.162351
19.456000	0.162351
19.520000	0.162351
19.584000	0.162351
19.648000	0.162351
19.712000	0.162351
19.776000	0.162351
19.840000	0.162351
19.904000	0.162351
19.968000	0.162351
20.032000	0.162351
20.096000	0.162351
20.160000	0.162351
20.224000	0.162351
20.288000	0.162351
20.352000	0.162351
20.416000	0.162351
20.480000	0.162351
20.544000	0.162351
20.608000	0.162351
20.672000	0.162351
20.736000	0.162351
20.800000	0.162351
20.864000	0.162351
20.928000	0.162351
20.992000	0.162351
21.056000	0.162351
21.120000	0.162351
21.184000	0.162351
21.248000	0.162351
21.312000	0.162351
21.376000	0.162351
21.440000	0.162351
21.504000	0.162351
21.568000	0.247771
21.632000	0.247771
21.696000	0.247771
21.760000	0.247771
21.824000	0.247771
21.888000	0.260516
21.952000	0.260516
22.016000	0.260516
22.080000	0.260516
22.144000	0.260516
22.208000	0.260516
22.272000	0.260516
22.336000	0.260516
22.400000	0.260516
22.464000	0.260516
22.528000	0.260516
22.592000	0.222094
22.656000	0.222094
22.720000	0.222094
22.784000	0.222094
22.848000	0.222094
22.912000	0.222094
22.976000	0.222094
23.040000	0.222094
23.104000	0.222094
23.168000	0.222094
23.232000	0.222094
23.296000	0.222094
23.360000	0.222094
23.424000	0.222094
23.488000	0.222094
23.552000	0.222094
23.616000	0.222094
23.680000	0.222094
23.744000	0.222094
23.808000	0.222094
23.872000	0.222094
23.936000	0.222094
24.000000	0.222094
24.064000	0.222094
24.128000	0.222094
24.192000	0.222094
24.256000	0.222094
24.320000	0.222094
24.384000	0.222094
24.448000	0.222094
24.512000	0.222094
24.576000	0.222094
24.640000	0.222094
24.704000	0.222094
24.768000	0.222094
24.832000	0.222094
24.896000	0.222094
24.960000	0.222094
25.024000	0.222094
25.088000	0.222094
25.152000	0.222094
25.216000	0.222094
25.280000	0.222094
25.344000	0.222094
25.408000	0.222094
25.472000	0.222094
25.536000	0.222094
25.600000	0.222094
25.664000	0.222094
25.728000	0.222094
25.792000	0.222094
25.856000	0.222094
25.920000	0.222094
25.984000	0.222094
26.048000	0.222094
26.112000	0.222094
26.176000	0.222094
26.240000	0.222094
26.304000	0.222094
26.368000	0.222094
26.432000	0.222094
26.496000	0.222094
26.560000	0.222094
26.624000	0.222094
26.688000	0.222094
26.752000	0.222094
26.816000	0.222094
26.880000	0.222094
26.944000	0.222094
27.008000	0.222094
27.072000	0.222094
27.136000	0.222094
27.200000	0.222094
27.264000	0.222094
27.328000	0.222094
27.392000	0.222094
27.456000	0.210581
27.520000	0.210581
27.584000	0.198259
27.648000	0.198259
27.712000	0.198259
27.776000	0.198259
27.840000	0.198259
27.904000	0.198259
27.968000	0.198259
28.032000	0.198259
28.096000	0.198259
28.160000	0.198259
28.224000	0.198259
28.288000	0.198259
28.352000	0.198259
28.416000	0.198259
28.480000	0.198259
28.544000	0.198259
28.608000	0.198259
28.672000	0.198259
28.736000	0.198259
28.800000	0.198259
28.864000	0.198259
28.928000	0.198259
28.992000	0.198259
29.056000	0.198259
29.120000	0.198259
29.184000	0.198259
29.248000	0.198259
29.312000	0.198259
29.376000	0.198259
29.440000	0.198259
29.504000	0.198259
29.568000	0.198259
29.632000	0.198259
29.696000	0.198259
29.760000	0.198259
29.824000	0.198259
29.888000	0.198259
29.952000	0.198259
30.016000	0.198259
30.080000	0.198259
30.144000	0.198259
30.208000	0.198259
30.272000	0.198259
30.336000	0.198259
30.400000	0.198259
30.464000	0.198259
30.528000	0.198259
30.592000	0.198259
30.656000	0.198259
30.720000	0.198259
30.784000	0.198259
30.848000	0.198259
30.912000	0.198259
30.976000	0.198259
31.040000	0.198259
31.104000	0.198259
31.168000	0.198259
31.232000	0.198259
31.296000	0.198259
31.360000	0.198259
31.424000	0.198259
31.488000	0.198259
31.552000	0.198259
31.616000	0.185135
31.680000	0.185135
31.744000	0.185135
31.808000	0.185135
31.872000	0.185135
31.936000	0.185135
32.000000	0.185135
32.064000	0.185135
32.128000	0.185135
32.192000	0.185135
32.256000	0.185135
32.320000	0.185135
32.384000	0.185135
32.448000	0.185135
32.512000	0.185135
32.576000	0.185135
32.640000	0.185135
32.704000	0.185135
32.768000	0.185135
32.832000	0.185135
32.896000	0.185135
32.960000	0.185135
33.024000	0.185135
33.088000	0.185135
33.152000	0.185135
33.216000	0.185135
33.280000	0.185135
33.344000	0.185135
33.408000	0.185135
33.472000	0.185135
33.536000	0.185135
33.600000	0.185135
33.664000	0.185135
33.728000	0.185135
33.792000	0.185135
33.856000	0.185135
33.920000	0.185135
33.984000	0.185135
34.048000	0.185135
34.112000	0.185135
34.176000	0.185135
34.240000	0.185135
34.304000	0.185135
34.368000	0.185135
34.432000	0.185135
34.496000	0.185135
34.560000	0.185135
34.624000	0.185135
34.688000	0.185135
34.752000	0.185135
34.816000	0.185135
34.880000	0.185135
34.944000	0.185135
35.008000	0.185135
35.072000	0.185135
35.136000	0.185135
35.200000	0.185135
35.264000	0.185135
35.328000	0.185135
35.392000	0.185135
35.456000	0.185135
35.520000	0.185135
35.584000	0.185135
35.648000	0.185135
35.712000	0.185135
35.776000	0.185135
35.840000	0.185135
35.904000	0.185135
35.968000	0.185135
36.032000	0.185135
36.096000	0.185135
36.160000	0.185135
36.224000	0.185135
36.288000	0.185135
36.352000	0.185135
36.416000	0.185135
36.480000	0.185135
36.544000	0.185135
36.608000	0.185135
36.672000	0.185135
36.736000	0.185135
36.800000	0.185135
36.864000	0.185135
36.928000	0.185135
36.992000	0.185135
37.056000	0.185135
37.120000	0.185135
37.184000	0.185135
37.248000	0.185135
37.312000	0.185135
37.376000	0.185135
37.440000	0.185135
37.504000	0.185135
37.568000	0.185135
37.632000	0.185135
37.696000	0.185135
37.760000	0.185135
37.824000	0.185135
37.888000	0.185135
37.952000	0.182998
38.016000	0.182998
38.080000	0.182998
38.144000	0.182998
38.208000	0.182998
38.272000	0.182998
38.336000	0.182998
38.400000	0.182998
38.464000	0.182998
38.528000	0.182998
38.592000	0.182998
38.656000	0.182998
38.720000	0.182998
38.784000	0.182998
38.848000	0.182998
38.912000	0.182998
38.976000	0.182998
39.040000	0.182998
39.104000	0.182998
39.168000	0.182998
39.232000	0.182998
39.296000	0.182998
39.360000	0.182998
39.424000	0.182998
39.488000	0.182998
39.552000	0.182998
39.616000	0.182998
39.680000	0.182998
39.744000	0.182998
39.808000	0.182998
39.872000	0.182998
39.936000	0.182998
40.000000	0.182998
40.064000	0.182998
40.128000	0.182998
40.192000	0.182998
40.256000	0.182998
40.320000	0.182998
40.384000	0.182998
40.448000	0.182998
40.512000	0.182998
40.576000	0.182998
40.640000	0.182998
40.704000	0.182998
40.768000	0.182998
40.832000	0.182998
40.896000	0.182998
40.960000	0.182998
41.024000	0.182998
41.088000	0.182998
41.152000	0.182998
41.216000	0.182998
41.280000	0.182998
41.344000	0.182998
41.408000	0.182998
41.472000	0.182998
41.536000	0.182998
41.600000	0.182998
41.664000	0.182998
41.728000	0.182998
41.792000	0.182998
41.856000	0.182998
41.920000	0.182998
41.984000	0.182998
42.048000	0.182998
42.112000	0.182998
42.176000	0.182998
42.240000	0.182998
42.304000	0.182998
42.368000	0.182998
42.432000	0.182998
42.496000	0.182998
42.560000	0.182998
42.624000	0.182998
42.688000	0.182998
42.752000	0.182998
42.816000	0.182998
42.880000	0.182998
42.944000	0.182998
43.008000	0.182998
43.072000	0.182998
43.136000	0.182998
43.200000	0.182998
43.264000	0.182998
43.328000	0.182998
43.392000	0.182998
43.456000	0.182998
43.520000	0.182998
43.584000	0.182998
43.648000	0.182998
43.712000	0.182998
43.776000	0.182998
43.840000	0.182998
43.904000	0.182998
43.968000	0.182998
44.032000	0.182998
44.096000	0.182998
44.160000	0.182998
44.224000	0.182998
44.288000	0.182998
44.352000	0.191045
44.416000	0.191045
44.480000	0.191045
44.544000	0.191045
44.608000	0.191045
44.672000	0.191045
44.736000	0.191045
44.800000	0.191045
44.864000	0.191045
44.928000	0.191045
44.992000	0.191045
45.056000	0.191045
45.120000	0.191045
45.184000	0.191045
45.248000	0.191045
45.312000	0.191045
45.376000	0.191045
45.440000	0.184101
45.504000	0.184101
45.568000	0.184101
45.632000	0.184101
45.696000	0.184101
45.760000	0.184101
45.824000	0.184101
45.888000	0.184101
45.952000	0.184101
46.016000	0.184101
46.080000	0.184101
46.144000	0.184101
46.208000	0.184101
46.272000	0.184101
46.336000	0.184101
46.400000	0.184101
46.464000	0.184101
46.528000	0.184101
46.592000	0.184101
46.656000	0.184101
46.720000	0.184101
46.784000	0.184101
46.848000	0.184101
46.912000	0.184101
46.976000	0.184101
47.040000	0.184101
47.104000	0.184101
47.168000	0.184101
47.232000	0.184101
47.296000	0.184101
47.360000	0.184101
47.424000	0.184101
47.488000	0.184101
47.552000	0.184101
47.616000	0.184101
47.680000	0.184101
47.744000	0.147351
47.808000	0.147351
47.872000	0.147351
47.936000	0.147351
48.000000	0.147351
48.064000	0.147351
48.128000	0.147351
48.192000	0.147351
48.256000	0.147351
48.320000	0.147351
48.384000	0.147351
48.448000	0.147351
48.512000	0.147351
48.576000	0.147351
48.640000	0.147351
48.704000	0.147351
48.768000	0.147351
48.832000	0.147351
48.896000	0.147351
48.960000	0.147351
49.024000	0.147351
49.088000	0.147351
49.152000	0.147351
49.216000	0.147351
49.280000	0.147351
49.344000	0.147351
49.408000	0.147351
49.472000	0.147351
49.536000	0.147351
49.600000	0.147351
49.664000	0.147351
49.728000	0.147351
49.792000	0.147351
49.856000	0.147351
49.920000	0.147351
49.984000	0.147351
50.048000	0.147351
50.112000	0.147351
50.176000	0.147351
50.240000	0.147351
50.304000	0.147351
50.368000	0.147351
50.432000	0.147351
50.496000	0.147351
50.560000	0.147351
50.624000	0.147351
50.688000	0.147351
50.752000	0.147351
50.816000	0.147351
50.880000	0.147351
50.944000	0.147351
51.008000	0.147351
51.072000	0.147351
51.136000	0.147351
51.200000	0.147351
51.264000	0.147351
51.328000	0.147351
51.392000	0.147351
51.456000	0.147351
51.520000	0.147351
51.584000	0.147351
51.648000	0.147351
51.712000	0.147351
51.776000	0.147351
51.840000	0.147351
51.904000	0.147351
51.968000	0.147351
52.032000	0.147351
52.096000	0.147351
52.160000	0.147351
52.224000	0.147351
52.288000	0.147351
52.352000	0.147351
52.416000	0.147351
52.480000	0.147351
52.544000	0.147351
52.608000	0.147351
52.672000	0.147351
52.736000	0.147351
52.800000	0.147351
52.864000	0.147351
52.928000	0.147351
52.992000	0.147351
53.056000	0.147351
53.120000	0.147351
53.184000	0.147351
53.248000	0.147351
53.312000	0.147351
53.376000	0.147351
53.440000	0.147351
53.504000	0.147351
53.568000	0.147351
53.632000	0.147351
53.696000	0.147351
53.760000	0.147351
53.824000	0.147351
53.888000	0.147351
53.952000	0.147351
54.016000	0.140835
54.080000	0.140835
54.144000	0.140835
54.208000	0.140835
54.272000	0.140835
54.336000	0.140835
54.400000	0.140835
54.464000	0.140835
54.528000	0.140835
54.592000	0.140835
54.656000	0.140835
54.720000	0.140835
54.784000	0.140835
54.848000	0.140835
54.912000	0.140835
54.976000	0.140835
55.040000	0.140835
55.104000	0.140835
55.168000	0.140835
55.232000	0.140835
55.296000	0.140835
55.360000	0.140835
55.424000	0.140835
55.488000	0.140835
55.552000	0.140835
55.616000	0.140835
55.680000	0.140835
55.744000	0.140835
55.808000	0.140835
55.872000	0.140835
55.936000	0.140835
56.000000	0.140835
56.064000	0.140835
56.128000	0.140835
56.192000	0.140835
56.256000	0.140835
56.320000	0.140835
56.384000	0.140835
56.448000	0.140835
56.512000	0.140835
56.576000	0.140835
56.640000	0.140835
56.704000	0.140835
56.768000	0.140835
56.832000	0.140835
56.896000	0.140835
56.960000	0.140835
57.024000	0.140835
57.088000	0.140835
57.152000	0.140835
57.216000	0.140835
57.280000	0.140835
57.344000	0.140835
57.408000	0.140835
57.472000	0.140835
57.536000	0.140835
57.600000	0.140835
57.664000	0.140835
57.728000	0.140835
57.792000	0.140835
57.856000	0.140835
57.920000	0.140835
57.984000	0.140835
58.048000	0.140835
58.112000	0.140835
58.176000	0.140835
58.240000	0.140835
58.304000	0.140835
58.368000	0.140835
58.432000	0.140835
58.496000	0.140835
58.560000	0.140835
58.624000	0.140835
58.688000	0.140835
58.752000	0.140835
58.816000	0.140835
58.880000	0.140835
58.944000	0.140835
59.008000	0.140835
59.072000	0.140835
59.136000	0.140835
59.200000	0.140835
59.264000	0.140835
59.328000	0.140835
59.392000	0.140835
59.456000	0.140835
59.520000	0.140835
59.584000	0.140835
59.648000	0.140835
59.712000	0.140835
59.776000	0.140835
59.840000	0.140835
59.904000	0.140835
59.968000	0.140835
60.032000	0.140835
60.096000	0.140835
60.160000	0.140835
60.224000	0.140835
60.288000	0.140835
60.352000	0.140835
60.416000	0.162331
60.480000	0.162331
60.544000	0.162331
60.608000	0.162331
60.672000	0.162331
60.736000	0.162331
60.800000	0.162331
60.864000	0.158554
60.928000	0.158554
60.992000	0.158554
61.056000	0.158554
61.120000	0.158554
61.184000	0.120086
61.248000	0.120086
61.312000	0.120086
61.376000	0.120086
61.440000	0.120086
61.504000	0.120086
61.568000	0.120086
61.632000	0.120086
61.696000	0.120086
61.760000	0.120086
61.824000	0.120086
61.888000	0.120086
61.952000	0.120086
62.016000	0.120086
62.080000	0.120086
62.144000	0.120086
62.208000	0.120086
62.272000	0.120086
62.336000	0.120086
62.400000	0.120086
62.464000	0.120086
62.528000	0.120086
62.592000	0.120086
62.656000	0.120086
62.720000	0.120086
62.784000	0.120086
62.848000	0.120086
62.912000	0.120086
62.976000	0.120086
63.040000	0.120086
63.104000	0.120086
63.168000	0.120086
63.232000	0.120086
63.296000	0.120086
63.360000	0.120086
63.424000	0.120086
63.488000	0.120086
63.552000	0.120086
63.616000	0.120086
63.680000	0.120086
63.744000	0.120086
63.808000	0.120086
63.872000	0.120086
63.936000	0.120086
64.000000	0.120086
64.064000	0.120086
64.128000	0.120086
64.192000	0.120086
64.256000	0.120086
64.320000	0.120086
64.384000	0.120086
64.448000	0.120086
64.512000	0.120086
64.576000	0.120086
64.640000	0.120086
64.704000	0.120086
64.768000	0.120086
64.832000	0.120086
64.896000	0.120086
64.960000	0.120086
65.024000	0.112250
65.088000	0.112250
65.152000	0.112250
65.216000	0.112250
65.280000	0.112250
65.344000	0.112250
65.408000	0.112250
65.472000	0.112250
65.536000	0.112250
65.600000	0.112250
65.664000	0.112250
65.728000	0.112250
65.792000	0.112250
65.856000	0.112250
65.920000	0.112250
65.984000	0.112250
66.048000	0.112250
66.112000	0.112250
66.176000	0.112250
66.240000	0.112250
66.304000	0.112250
66.368000	0.112250
66.432000	0.112250
66.496000	0.112250
66.560000	0.112250
66.624000	0.112250
66.688000	0.112250
66.752000	0.112250
66.816000	0.112250
66.880000	0.112250
66.944000	0.112250
67.008000	0.112250
67.072000	0.112250
67.136000	0.112250
67.200000	0.112250
67.264000	0.112250
67.328000	0.112250
67.392000	0.112250
67.456000	0.112250
67.520000	0.112250
67.584000	0.112250
67.648000	0.112250
67.712000	0.112250
67.776000	0.112250
67.840000	0.112250
67.904000	0.112250
67.968000	0.112250
68.032000	0.112250
68.096000	0.112250
68.160000	0.112250
68.224000	0.112250
68.288000	0.112250
68.352000	0.112250
68.416000	0.112250
68.480000	0.112250
68.544000	0.112250
68.608000	0.112250
68.672000	0.112250
68.736000	0.112250
68.800000	0.112250
68.864000	0.112250
68.928000	0.112250
68.992000	0.112250
69.056000	0.112250
69.120000	0.112250
69.184000	0.112250
69.248000	0.112250
69.312000	0.112250
69.376000	0.112250
69.440000	0.112250
69.504000	0.112250
69.568000	0.112250
69.632000	0.112250
69.696000	0.112250
69.760000	0.112250
69.824000	0.112250
69.888000	0.112250
69.952000	0.112250
70.016000	0.112250
70.080000	0.112250
70.144000	0.112250
70.208000	0.112250
70.272000	0.112250
70.336000	0.112250
70.400000	0.112250
70.464000	0.112250
70.528000	0.112250
70.592000	0.112250
70.656000	0.112250
70.720000	0.112250
70.784000	0.112250
70.848000	0.112250
70.912000	0.112250
70.976000	0.112250
71.040000	0.112250
71.104000	0.112250
71.168000	0.112250
71.232000	0.112250
71.296000	0.112250
71.360000	0.112250
71.424000	0.175480
71.488000	0.175480
71.552000	0.175480
71.616000	0.186024
71.680000	0.186024
71.744000	0.186024
71.808000	0.186024
71.872000	0.186024
71.936000	0.186024
72.000000	0.186024
72.064000	0.186024
72.128000	0.186024
72.192000	0.186024
72.256000	0.186024
72.320000	0.186024
72.384000	0.186024
72.448000	0.186024
72.512000	0.186024
72.576000	0.186024
72.640000	0.186024
72.704000	0.186024
72.768000	0.186024
72.832000	0.186024
72.896000	0.186024
72.960000	0.186024
73.024000	0.186024
73.088000	0.186024
73.152000	0.186024
73.216000	0.186024
73.280000	0.186024
73.344000	0.186024
73.408000	0.186024
73.472000	0.186024
73.536000	0.190630
73.600000	0.190630
73.664000	0.190630
73.728000	0.190630
73.792000	0.190630
73.856000	0.202716
73.920000	0.202716
73.984000	0.202716
74.048000	0.202716
74.112000	0.202716
74.176000	0.202716
74.240000	0.202716
74.304000	0.202716
74.368000	0.202716
74.432000	0.202716
74.496000	0.202716
74.560000	0.202716
74.624000	0.202716
74.688000	0.202716
74.752000	0.202716
74.816000	0.202716
74.880000	0.202716
74.944000	0.202716
75.008000	0.202716
75.072000	0.202716
75.136000	0.202716
75.200000	0.202716
75.264000	0.202716
75.328000	0.202716
75.392000	0.202716
75.456000	0.202716
75.520000	0.202716
75.584000	0.202716
75.648000	0.202716
75.712000	0.093013
75.776000	0.093013
75.840000	0.093013
75.904000	0.093013
75.968000	0.093013
76.032000	0.093013
76.096000	0.093013
76.160000	0.093013
76.224000	0.093013
76.288000	0.093013
76.352000	0.093013
76.416000	0.093013
76.480000	0.093013
76.544000	0.093013
76.608000	0.093013
76.672000	0.093013
76.736000	0.093013
76.800000	0.093013
76.864000	0.093013
76.928000	0.093013
76.992000	0.093013
77.056000	0.093013
77.120000	0.093013
77.184000	0.093013
77.248000	0.093013
77.312000	0.093013
77.376000	0.093013
77.440000	0.093013
77.504000	0.093013
77.568000	0.093013
77.632000	0.093013
77.696000	0.093013
77.760000	0.093013
77.824000	0.093013
77.888000	0.093013
77.952000	0.093013
78.016000	0.093013
78.080000	0.093013
78.144000	0.093013
78.208000	0.093013
78.272000	0.093013
78.336000	0.093013
78.400000	0.093013
78.464000	0.093013
78.528000	0.093013
78.592000	0.093013
78.656000	0.093013
78.720000	0.093013
78.784000	0.093013
78.848000	0.093013
78.912000	0.093013
78.976000	0.093013
79.040000	0.093013
79.104000	0.093013
79.168000	0.093013
79.232000	0.093013
79.296000	0.093013
79.360000	0.093013
79.424000	0.093013
79.488000	0.093013
79.552000	0.093013
79.616000	0.093013
79.680000	0.093013
79.744000	0.093013
79.808000	0.093013
79.872000	0.093013
79.936000	0.093013
80.000000	0.093013
80.064000	0.093013
80.128000	0.093013
80.192000	0.093013
80.256000	0.093013
80.320000	0.093013
80.384000	0.093013
80.448000	0.093013
80.512000	0.093013
80.576000	0.093013
80.640000	0.093013
80.704000	0.093013
80.768000	0.093013
80.832000	0.093013
80.896000	0.093013
80.960000	0.093013
81.024000	0.093013
81.088000	0.093013
81.152000	0.093013
81.216000	0.093013
81.280000	0.093013
81.344000	0.093013
81.408000	0.093013
81.472000	0.093013
81.536000	0.093013
81.600000	0.093013
81.664000	0.093013
81.728000	0.093013
81.792000	0.093013
81.856000	0.093013
81.920000	0.093013
81.984000	0.093013
82.048000	0.093013
82.112000	0.174504
82.176000	0.174504
82.240000	0.174504
82.304000	0.174504
82.368000	0.174504
82.432000	0.174504
82.496000	0.174504
82.560000	0.174504
82.624000	0.174504
82.688000	0.174504
82.752000	0.174504
82.816000	0.174504
82.880000	0.174504
82.944000	0.174504
83.008000	0.174504
83.072000	0.174504
83.136000	0.174504
83.200000	0.174504
83.264000	0.174504
83.328000	0.174504
83.392000	0.174504
83.456000	0.174504
83.520000	0.174504
83.584000	0.174504
83.648000	0.174504
83.712000	0.174504
83.776000	0.174504
83.840000	0.174504
83.904000	0.174504
83.968000	0.174504
84.032000	0.174504
84.096000	0.174504
84.160000	0.174504
84.224000	0.174504
84.288000	0.174504
84.352000	0.174504
84.416000	0.174504
84.480000	0.174504
84.544000	0.174504
84.608000	0.174504
84.672000	0.174504
84.736000	0.174504
84.800000	0.174504
84.864000	0.174504
84.928000	0.174504
84.992000	0.174504
85.056000	0.174504
85.120000	0.174504
85.184000	0.174504
85.248000	0.174504
85.312000	0.174504
85.376000	0.174504
85.440000	0.174504
85.504000	0.174504
85.568000	0.174504
85.632000	0.174504
85.696000	0.174504
85.760000	0.174504
85.824000	0.174504
85.888000	0.174504
85.952000	0.174504
86.016000	0.174504
86.080000	0.174504
86.144000	0.174504
86.208000	0.174504
86.272000	0.174504
86.336000	0.174504
86.400000	0.174504
86.464000	0.174504
86.528000	0.174504
86.592000	0.174504
86.656000	0.174504
86.720000	0.174504
86.784000	0.174504
86.848000	0.174504
86.912000	0.174504
86.976000	0.174504
87.040000	0.174504
87.104000	0.174504
87.168000	0.174504
87.232000	0.174504
87.296000	0.174504
87.360000	0.174504
87.424000	0.174504
87.488000	0.174504
87.552000	0.174504
87.616000	0.174504
87.680000	0.174504
87.744000	0.174504
87.808000	0.174504
87.872000	0.174504
87.936000	0.174504
88.000000	0.174504
88.064000	0.320532
88.128000	0.327187
88.192000	0.327187
88.256000	0.240716
88.320000	0.240716
88.384000	0.240716
88.448000	0.240716
88.512000	0.197374
88.576000	0.197374
88.640000	0.197374
88.704000	0.197374
88.768000	0.197374
88.832000	0.197374
88.896000	0.197374
88.960000	0.197374
89.024000	0.197374
89.088000	0.197374
89.152000	0.197374
89.216000	0.197374
89.280000	0.197374
89.344000	0.197374
89.408000	0.197374
89.472000	0.197374
89.536000	0.197374
89.600000	0.197374
89.664000	0.197374
89.728000	0.197374
89.792000	0.197374
89.856000	0.197374
89.920000	0.167570
89.984000	0.167570
90.048000	0.167570
90.112000	0.167570
90.176000	0.166197
90.240000	0.166197
90.304000	0.166197
90.368000	0.166197
90.432000	0.166197
90.496000	0.166197
90.560000	0.166197
90.624000	0.166197
90.688000	0.166197
90.752000	0.166197
90.816000	0.166197
90.880000	0.166197
90.944000	0.166197
91.008000	0.166197
91.072000	0.166197
91.136000	0.166197
91.200000	0.166197
91.264000	0.166197
91.328000	0.166197
91.392000	0.166197
91.456000	0.166197
91.520000	0.166197
91.584000	0.166197
91.648000	0.166197
91.712000	0.166197
91.776000	0.166197
91.840000	0.166197
91.904000	0.166197
91.968000	0.166197
92.032000	0.166197
92.096000	0.166197
92.160000	0.166197
92.224000	0.166197
92.288000	0.166197
92.352000	0.166197
92.416000	0.166197
92.480000	0.166197
92.544000	0.166197
92.608000	0.166197
92.672000	0.166197
92.736000	0.166197
92.800000	0.166197
92.864000	0.166197
92.928000	0.166197
92.992000	0.166197
93.056000	0.166197
93.120000	0.166197
93.184000	0.166197
93.248000	0.166197
93.312000	0.166197
93.376000	0.166197
93.440000	0.166197
93.504000	0.166197
93.568000	0.166197
93.632000	0.166197
93.696000	0.166197
93.760000	0.166197
93.824000	0.166197
93.888000	0.166197
93.952000	0.166197
94.016000	0.166197
94.080000	0.166197
94.144000	0.166197
94.208000	0.166197
94.272000	0.166197
94.336000	0.166197
94.400000	0.166197
94.464000	0.166197
94.528000	0.166197
94.592000	0.166197
94.656000	0.166197
94.720000	0.166197
94.784000	0.166197
94.848000	0.166197
94.912000	0.166197
94.976000	0.166197
95.040000	0.166197
95.104000	0.166197
95.168000	0.166197
95.232000	0.166197
95.296000	0.166197
95.360000	0.166197
95.424000	0.166197
95.488000	0.166197
95.552000	0.166197
95.616000	0.166197
95.680000	0.166197
95.744000	0.166197
95.808000	0.166197
95.872000	0.166197
95.936000	0.166197
96.000000	0.166197
96.064000	0.166197
96.128000	0.166197
96.192000	0.166197
96.256000	0.166197
96.320000	0.166197
96.384000	0.166197
96.448000	0.166197
96.512000	0.166197
96.576000	0.195471
96.640000	0.280468
96.704000	0.280468
96.768000	0.280468
96.832000	0.284347
96.896000	0.284347
96.960000	0.252334
97.024000	0.252334
97.088000	0.252334
97.152000	0.252334
97.216000	0.252334
97.280000	0.252334
97.344000	0.252334
97.408000	0.252334
97.472000	0.252334
97.536000	0.252334
97.600000	0.252334
97.664000	0.252334
97.728000	0.252334
97.792000	0.252334
97.856000	0.252334
97.920000	0.252334
97.984000	0.252334
98.048000	0.252334
98.112000	0.252334
98.176000	0.252334
98.240000	0.252334
98.304000	0.252334
98.368000	0.252334
98.432000	0.252334
98.496000	0.252334
98.560000	0.252334
98.624000	0.252334
98.688000	0.252334
98.752000	0.252334
98.816000	0.252334
98.880000	0.252334
98.944000	0.252334
99.008000	0.252334
99.072000	0.252334
99.136000	0.252334
99.200000	0.252334
99.264000	0.252334
99.328000	0.252334
99.392000	0.252334
99.456000	0.252334
99.520000	0.252334
99.584000	0.252334
99.648000	0.252334
99.712000	0.252334
99.776000	0.252334
99.840000	0.252334
99.904000	0.252334
99.968000	0.252334
100.032000	0.252334
100.096000	0.252334
100.160000	0.252334
100.224000	0.252334
100.288000	0.252334
100.352000	0.252334
100.416000	0.252334
100.480000	0.252334
100.544000	0.198825
100.608000	0.161701
100.672000	0.161701
100.736000	0.161701
100.800000	0.161701
100.864000	0.161701
100.928000	0.161701
100.992000	0.161701
101.056000	0.161701
101.120000	0.161701
101.184000	0.161701
101.248000	0.161701
101.312000	0.161701
101.376000	0.161701
101.440000	0.161701
101.504000	0.161701
101.568000	0.161701
101.632000	0.161701
101.696000	0.161701
101.760000	0.161701
101.824000	0.161701
101.888000	0.161701
101.952000	0.161701
102.016000	0.161701
102.080000	0.161701
102.144000	0.161701
102.208000	0.161701
102.272000	0.161701
102.336000	0.161701
102.400000	0.161701
102.464000	0.161701
102.528000	0.161701
102.592000	0.161701
102.656000	0.161701
102.720000	0.161701
102.784000	0.161701
102.848000	0.161701
102.912000	0.161701
102.976000	0.161701
103.040000	0.161701
103.104000	0.161701
103.168000	0.161701
103.232000	0.161701
103.296000	0.161701
103.360000	0.161701
103.424000	0.161701
103.488000	0.161701
103.552000	0.161701
103.616000	0.161701
103.680000	0.161701
103.744000	0.161701
103.808000	0.161701
103.872000	0.161701
103.936000	0.161701
104.000000	0.161701
104.064000	0.161701
104.128000	0.161701
104.192000	0.161701
104.256000	0.161701
104.320000	0.161701
104.384000	0.161701
104.448000	0.161701
104.512000	0.161701
104.576000	0.161701
104.640000	0.161701
104.704000	0.161701
104.768000	0.161701
104.832000	0.161701
104.896000	0.161701
104.960000	0.161701
105.024000	0.161701
105.088000	0.161701
105.152000	0.161701
105.216000	0.161701
105.280000	0.161701
105.344000	0.161701
105.408000	0.161701
105.472000	0.161701
105.536000	0.161701
105.600000	0.161701
105.664000	0.161701
105.728000	0.161701
105.792000	0.161701
105.856000	0.161701
105.920000	0.161701
105.984000	0.161701
106.048000	0.146855
106.112000	0.146855
106.176000	0.146855
106.240000	0.146855
106.304000	0.146855
106.368000	0.146855
106.432000	0.146855
106.496000	0.146855
106.560000	0.146855
106.624000	0.146855
106.688000	0.146855
106.752000	0.146855
106.816000	0.146855
106.880000	0.146855
106.944000	0.146855
107.008000	0.146855
107.072000	0.146855
107.136000	0.146855
107.200000	0.146855
107.264000	0.146855
107.328000	0.146855
107.392000	0.146855
107.456000	0.146855
107.520000	0.146855
107.584000	0.146855
107.648000	0.146855
107.712000	0.146855
107.776000	0.146855
107.840000	0.146855
107.904000	0.146855
107.968000	0.146855
108.032000	0.146855
108.096000	0.146855
108.160000	0.146855
108.224000	0.146855
108.288000	0.146855
108.352000	0.146855
108.416000	0.146855
108.480000	0.146855
108.544000	0.146855
108.608000	0.146855
108.672000	0.146855
108.736000	0.146855
108.800000	0.146855
108.864000	0.146855
108.928000	0.146855
108.992000	0.146855
109.056000	0.146855
109.120000	0.146855
109.184000	0.146855
109.248000	0.146855
109.312000	0.146855
109.376000	0.146855
109.440000	0.146855
109.504000	0.146855
109.568000	0.146855
109.632000	0.146855
109.696000	0.146855
109.760000	0.146855
109.824000	0.146855
109.888000	0.146855
109.952000	0.146855
110.016000	0.146855
110.080000	0.146855
110.144000	0.146855
110.208000	0.146855
110.272000	0.146855
110.336000	0.146855
110.400000	0.146855
110.464000	0.146855
110.528000	0.146855
110.592000	0.146855
110.656000	0.146855
110.720000	0.146855
110.784000	0.146855
110.848000	0.146855
110.912000	0.146855
110.976000	0.146855
111.040000	0.146855
111.104000	0.146855
111.168000	0.146855
111.232000	0.146855
111.296000	0.146855
111.360000	0.146855
111.424000	0.146855
111.488000	0.146855
111.552000	0.146855
111.616000	0.146855
111.680000	0.146855
111.744000	0.146855
111.808000	0.146855
111.872000	0.146855
111.936000	0.146855
112.000000	0.146855
112.064000	0.146855
112.128000	0.146855
112.192000	0.146855
112.256000	0.146855
112.320000	0.146855
112.384000	0.146855
112.448000	0.210031
112.512000	0.210031
112.576000	0.210031
112.640000	0.210031
112.704000	0.210031
112.768000	0.210031
112.832000	0.210031
112.896000	0.210031
112.960000	0.210031
113.024000	0.210031
113.088000	0.210031
113.152000	0.210031
113.216000	0.210031
113.280000	0.210031
113.344000	0.210031
113.408000	0.210031
113.472000	0.210031
113.536000	0.162706
113.600000	0.162706
113.664000	0.162706
113.728000	0.162706
113.792000	0.162706
113.856000	0.162706
113.920000	0.162706
113.984000	0.162706
114.048000	0.162706
114.112000	0.162706
114.176000	0.162706
114.240000	0.162706
114.304000	0.162706
114.368000	0.162706
114.432000	0.162706
114.496000	0.162706
114.560000	0.162706
114.624000	0.162706
114.688000	0.162706
114.752000	0.162706
114.816000	0.162706
114.880000	0.162706
114.944000	0.162706
115.008000	0.162706
115.072000	0.162706
115.136000	0.162706
115.200000	0.162706
115.264000	0.162706
115.328000	0.162706
115.392000	0.162706
115.456000	0.162706
115.520000	0.162706
115.584000	0.162706
115.648000	0.162706
115.712000	0.162706
115.776000	0.162706
115.840000	0.162706
115.904000	0.162706
115.968000	0.162706
116.032000	0.162706
116.096000	0.162706
116.160000	0.162706
116.224000	0.162706
116.288000	0.162706
116.352000	0.162706
116.416000	0.162706
116.480000	0.162706
116.544000	0.162706
116.608000	0.162706
116.672000	0.162706
116.736000	0.162706
116.800000	0.162706
116.864000	0.162706
116.928000	0.162706
116.992000	0.162706
117.056000	0.162706
117.120000	0.162706
117.184000	0.162706
117.248000	0.162706
117.312000	0.162706
117.376000	0.162706
117.440000	0.162706
117.504000	0.162706
117.568000	0.162706
117.632000	0.162706
117.696000	0.162706
117.760000	0.162706
117.824000	0.162706
117.888000	0.162706
117.952000	0.162706
118.016000	0.162706
118.080000	0.162706
118.144000	0.162706
118.208000	0.162706
118.272000	0.162706
118.336000	0.162706
118.400000	0.162706
118.464000	0.162706
118.528000	0.162706
118.592000	0.162706
118.656000	0.162706
118.720000	0.162706
118.784000	0.162706
118.848000	0.162706
118.912000	0.162706
118.976000	0.162706
119.040000	0.162706
119.104000	0.162706
119.168000	0.162706
119.232000	0.162706
119.296000	0.162706
119.360000	0.162706
119.424000	0.162706
119.488000	0.162706
119.552000	0.162706
119.616000	0.162706
119.680000	0.162706
119.744000	0.162706
119.808000	0.162706
119.872000	0.162706
119.936000	0.190706
120.000000	0.233529
120.064000	0.256029
120.128000	0.256029
120.192000	0.256029
120.256000	0.256029
120.320000	0.256029
120.384000	0.256029
120.448000	0.256029
120.512000	0.256029
120.576000	0.256029
120.640000	0.256029
120.704000	0.256029
120.768000	0.256029
120.832000	0.354206
120.896000	0.354206
120.960000	0.214155
121.024000	0.214155
121.088000	0.214155
121.152000	0.214155
121.216000	0.151362
121.280000	0.151362
121.344000	0.151362
121.408000	0.151362
121.472000	0.151362
121.536000	0.151362
121.600000	0.151362
121.664000	0.151362
121.728000	0.151362
121.792000	0.151362
121.856000	0.151362
121.920000	0.151362
121.984000	0.151362
122.048000	0.151362
122.112000	0.151362
122.176000	0.151362
122.240000	0.151362
122.304000	0.151362
122.368000	0.151362
122.432000	0.146318
122.496000	0.146318
122.560000	0.146318
122.624000	0.146318
122.688000	0.146318
122.752000	0.146318
122.816000	0.146318
122.880000	0.146318
122.944000	0.146318
123.008000	0.146318
123.072000	0.146318
123.136000	0.146318
123.200000	0.146318
123.264000	0.146318
123.328000	0.146318
123.392000	0.146318
123.456000	0.146318
123.520000	0.146318
123.584000	0.146318
123.648000	0.146318
123.712000	0.146318
123.776000	0.146318
123.840000	0.146318
123.904000	0.146318
123.968000	0.146318
124.032000	0.146318
124.096000	0.146318
124.160000	0.146318
124.224000	0.146318
124.288000	0.146318
124.352000	0.146318
124.416000	0.146318
124.480000	0.146318
124.544000	0.146318
124.608000	0.146318
124.672000	0.146318
124.736000	0.146318
124.800000	0.146318
124.864000	0.146318
124.928000	0.146318
124.992000	0.146318
125.056000	0.146318
125.120000	0.146318
125.184000	0.146318
125.248000	0.146318
125.312000	0.146318
125.376000	0.146318
125.440000	0.146318
125.504000	0.146318
125.568000	0.146318
125.632000	0.146318
125.696000	0.146318
125.760000	0.146318
125.824000	0.146318
125.888000	0.146318
125.952000	0.146318
126.016000	0.146318
126.080000	0.146318
126.144000	0.146318
126.208000	0.146318
126.272000	0.146318
126.336000	0.146318
126.400000	0.146318
126.464000	0.146318
126.528000	0.146318
126.592000	0.146318
126.656000	0.146318
126.720000	0.146318
126.784000	0.146318
126.848000	0.146318
126.912000	0.146318
126.976000	0.146318
127.040000	0.146318
127.104000	0.146318
127.168000	0.146318
127.232000	0.146318
127.296000	0.146318
127.360000	0.146318
127.424000	0.146318
127.488000	0.146318
127.552000	0.146318
127.616000	0.146318
127.680000	0.146318
127.744000	0.146318
127.808000	0.146318
127.872000	0.146318
127.936000	0.146318
128.000000	0.146318
128.064000	0.146318
128.128000	0.146318
128.192000	0.146318
128.256000	0.146318
128.320000	0.146318
128.384000	0.146318
128.448000	0.146318
128.512000	0.146318
128.576000	0.146318
128.640000	0.146318
128.704000	0.146318
128.768000	0.146318
128.832000	0.160265
128.896000	0.160265
128.960000	0.160265
129.024000	0.160265
129.088000	0.160265
129.152000	0.160265
129.216000	0.160265
129.280000	0.160265
129.344000	0.160265
129.408000	0.160265
129.472000	0.160265
129.536000	0.160265
129.600000	0.160265
129.664000	0.160265
129.728000	0.160265
129.792000	0.160265
129.856000	0.160265
129.920000	0.160265
129.984000	0.160265
130.048000	0.160265
130.112000	0.160265
130.176000	0.160265
130.240000	0.160265
130.304000	0.160265
130.368000	0.169556
130.432000	0.169556
130.496000	0.180243
130.560000	0.224283
130.624000	0.224283
130.688000	0.224283
130.752000	0.224283
130.816000	0.224283
130.880000	0.224283
130.944000	0.224283
131.008000	0.224283
131.072000	0.224283
131.136000	0.224283
131.200000	0.224283
131.264000	0.224283
131.328000	0.224283
131.392000	0.224283
131.456000	0.224283
131.520000	0.224283
131.584000	0.224283
131.648000	0.224283
131.712000	0.224283
131.776000	0.235001
131.840000	0.211192
131.904000	0.211192
131.968000	0.211192
132.032000	0.211192
132.096000	0.209159
132.160000	0.209159
132.224000	0.209159
132.288000	0.209159
132.352000	0.209159
132.416000	0.209159
132.480000	0.209159
132.544000	0.209159
132.608000	0.209159
132.672000	0.209159
132.736000	0.209159
132.800000	0.209159
132.864000	0.209159
132.928000	0.209159
132.992000	0.209159
133.056000	0.209159
133.120000	0.209159
133.184000	0.209159
133.248000	0.209159
133.312000	0.209159
133.376000	0.209159
133.440000	0.209159
133.504000	0.209159
133.568000	0.209159
133.632000	0.209159
133.696000	0.209159
133.760000	0.209159
133.824000	0.209159
133.888000	0.209159
133.952000	0.209159
134.016000	0.209159
134.080000	0.209159
134.144000	0.209159
134.208000	0.209159
134.272000	0.209159
134.336000	0.209159
134.400000	0.209159
134.464000	0.209159
134.528000	0.209159
134.592000	0.209159
134.656000	0.209159
134.720000	0.209159
134.784000	0.209159
134.848000	0.209159
134.912000	0.209159
134.976000	0.209159
135.040000	0.209159
135.104000	0.209159
135.168000	0.209159
135.232000	0.209159
135.296000	0.209159
135.360000	0.209159
135.424000	0.209159
135.488000	0.209159
135.552000	0.209159
135.616000	0.209159
135.680000	0.209159
135.744000	0.209159
135.808000	0.209159
135.872000	0.209159
135.936000	0.209159
136.000000	0.209159
136.064000	0.209159
136.128000	0.209159
136.192000	0.209159
136.256000	0.209159
136.320000	0.209159
136.384000	0.209159
136.448000	0.209159
136.512000	0.209159
136.576000	0.209159
136.640000	0.209159
136.704000	0.209159
136.768000	0.209159
136.832000	0.209159
136.896000	0.209159
136.960000	0.209159
137.024000	0.209159
137.088000	0.209159
137.152000	0.209159
137.216000	0.209159
137.280000	0.209159
137.344000	0.209159
137.408000	0.209159
137.472000	0.209159
137.536000	0.209159
137.600000	0.209159
137.664000	0.209159
137.728000	0.209159
137.792000	0.209159
137.856000	0.209159
137.920000	0.209159
137.984000	0.209159
138.048000	0.209159
138.112000	0.209159
138.176000	0.209159
138.240000	0.209159
138.304000	0.209159
138.368000	0.209159
138.432000	0.209159
138.496000	0.311320
138.560000	0.311320
138.624000	0.311320
138.688000	0.311320
138.752000	0.311320
138.816000	0.311320
138.880000	0.311320
138.944000	0.311320
139.008000	0.311320
139.072000	0.311320
139.136000	0.311320
139.200000	0.311320
139.264000	0.311320
139.328000	0.311320
139.392000	0.311320
139.456000	0.311320
139.520000	0.311320
139.584000	0.311320
139.648000	0.311320
139.712000	0.311320
139.776000	0.311320
139.840000	0.311320
139.904000	0.311320
139.968000	0.311320
140.032000	0.197277
140.096000	0.197277
140.160000	0.197277
140.224000	0.197277
140.288000	0.197277
140.352000	0.197277
140.416000	0.197277
140.480000	0.197277
140.544000	0.197277
140.608000	0.197277
140.672000	0.197277
140.736000	0.197277
140.800000	0.197277
140.864000	0.197277
140.928000	0.197277
140.992000	0.197277
141.056000	0.197277
141.120000	0.197277
141.184000	0.197277
141.248000	0.197277
141.312000	0.197277
141.376000	0.197277
141.440000	0.197277
141.504000	0.197277
141.568000	0.197277
141.632000	0.197277
141.696000	0.197277
141.760000	0.197277
141.824000	0.197277
141.888000	0.197277
141.952000	0.197277
142.016000	0.197277
142.080000	0.197277
142.144000	0.197277
142.208000	0.197277
142.272000	0.197277
142.336000	0.197277
142.400000	0.197277
142.464000	0.197277
142.528000	0.197277
142.592000	0.197277
142.656000	0.197277
142.720000	0.197277
142.784000	0.197277
142.848000	0.197277
142.912000	0.197277
142.976000	0.197277
143.040000	0.197277
143.104000	0.197277
143.168000	0.197277
143.232000	0.197277
143.296000	0.197277
143.360000	0.197277
143.424000	0.197277
143.488000	0.197277
143.552000	0.197277
143.616000	0.197277
143.680000	0.197277
143.744000	0.197277
143.808000	0.197277
143.872000	0.197277
143.936000	0.197277
144.000000	0.197277
144.064000	0.197277
144.128000	0.197277
144.192000	0.197277
144.256000	0.197277
144.320000	0.197277
144.384000	0.197277
144.448000	0.197277
144.512000	0.197277
144.576000	0.197277
144.640000	0.197277
144.704000	0.197277
144.768000	0.197277
144.832000	0.197277
144.896000	0.197277
144.960000	0.197277
145.024000	0.197277
145.088000	0.197277
145.152000	0.197277
145.216000	0.197277
145.280000	0.197277
145.344000	0.197277
145.408000	0.197277
145.472000	0.197277
145.536000	0.197277
145.600000	0.197277
145.664000	0.197277
145.728000	0.197277
145.792000	0.197277
145.856000	0.197277
145.920000	0.197277
145.984000	0.197277
146.048000	0.197277
146.112000	0.197277
146.176000	0.197277
146.240000	0.197277
146.304000	0.197277
146.368000	0.197277
146.432000	0.246655
146.496000	0.246655
146.560000	0.246655
146.624000	0.246655
146.688000	0.246655
146.752000	0.246655
146.816000	0.246655
146.880000	0.246655
146.944000	0.246655
147.008000	0.246655
147.072000	0.246655
147.136000	0.246655
147.200000	0.246655
147.264000	0.246655
147.328000	0.246655
147.392000	0.246655
147.456000	0.246655
147.520000	0.246655
147.584000	0.246655
147.648000	0.246655
147.712000	0.246655
147.776000	0.246655
147.840000	0.231249
147.904000	0.231249
147.968000	0.231249
148.032000	0.231249
148.096000	0.231249
148.160000	0.231249
148.224000	0.231249
148.288000	0.231249
148.352000	0.231249
148.416000	0.231249
148.480000	0.231249
148.544000	0.231249
148.608000	0.231249
148.672000	0.231249
148.736000	0.231249
148.800000	0.231249
148.864000	0.231246
148.928000	0.231246
148.992000	0.231246
149.056000	0.231246
149.120000	0.231246
149.184000	0.231246
149.248000	0.231246
149.312000	0.231246
149.376000	0.231246
149.440000	0.231246
149.504000	0.231246
149.568000	0.231246
149.632000	0.231246
149.696000	0.231246
149.760000	0.231246
149.824000	0.231246
149.888000	0.231246
149.952000	0.231246
150.016000	0.231246
150.080000	0.231246
150.144000	0.231246
150.208000	0.231246
150.272000	0.231246
150.336000	0.231246
150.400000	0.231246
150.464000	0.231246
150.528000	0.231246
150.592000	0.231246
150.656000	0.231246
150.720000	0.231246
150.784000	0.231246
150.848000	0.231246
150.912000	0.231246
150.976000	0.231246
151.040000	0.231246
151.104000	0.231246
151.168000	0.231246
151.232000	0.231246
151.296000	0.231246
151.360000	0.231246
151.424000	0.231246
151.488000	0.231246
151.552000	0.231246
151.616000	0.231246
151.680000	0.231246
151.744000	0.231246
151.808000	0.231246
151.872000	0.231246
151.936000	0.231246
152.000000	0.231246
152.064000	0.231246
152.128000	0.231246
152.192000	0.231246
152.256000	0.231246
152.320000	0.231246
152.384000	0.231246
152.448000	0.231246
152.512000	0.231246
152.576000	0.231246
152.640000	0.231246
152.704000	0.231246
152.768000	0.231246
152.832000	0.231246
152.896000	0.231246
152.960000	0.231246
153.024000	0.231246
153.088000	0.231246
153.152000	0.231246
153.216000	0.231246
153.280000	0.231246
153.344000	0.231246
153.408000	0.231246
153.472000	0.231246
153.536000	0.231246
153.600000	0.231246
153.664000	0.231246
153.728000	0.231246
153.792000	0.231246
153.856000	0.231246
153.920000	0.231246
153.984000	0.231246
154.048000	0.231246
154.112000	0.231246
154.176000	0.231246
154.240000	0.231246
154.304000	0.231246
154.368000	0.231246
154.432000	0.231246
154.496000	0.231246
154.560000	0.231246
154.624000	0.231246
154.688000	0.231246
154.752000	0.231246
154.816000	0.231246
154.880000	0.231246
154.944000	0.231246
155.008000	0.231246
155.072000	0.231246
155.136000	0.231246
155.200000	0.231246
155.264000	0.258497
155.328000	0.258497
155.392000	0.258497
155.456000	0.258497
155.520000	0.258497
155.584000	0.258497
155.648000	0.258497
155.712000	0.258497
155.776000	0.258497
155.840000	0.258497
155.904000	0.258497
155.968000	0.258497
156.032000	0.258497
156.096000	0.258497
156.160000	0.258497
156.224000	0.258497
156.288000	0.258497
156.352000	0.258497
156.416000	0.258497
156.480000	0.258497
156.544000	0.258497
156.608000	0.258497
156.672000	0.258497
156.736000	0.258497
156.800000	0.258497
156.864000	0.258497
156.928000	0.258497
156.992000	0.258497
157.056000	0.258497
157.120000	0.258497
157.184000	0.258497
157.248000	0.258497
157.312000	0.258497
157.376000	0.258497
157.440000	0.258497
157.504000	0.258497
157.568000	0.258497
157.632000	0.258497
157.696000	0.258497
157.760000	0.258497
157.824000	0.258497
157.888000	0.258497
157.952000	0.229686
158.016000	0.229686
158.080000	0.229686
158.144000	0.229686
158.208000	0.229686
158.272000	0.229686
158.336000	0.229686
158.400000	0.229686
158.464000	0.229686
158.528000	0.229686
158.592000	0.229686
158.656000	0.229686
158.720000	0.229686
158.784000	0.229686
158.848000	0.229686
158.912000	0.229686
158.976000	0.229686
159.040000	0.229686
159.104000	0.229686
159.168000	0.229686
159.232000	0.229686
159.296000	0.229686
159.360000	0.229686
159.424000	0.229686
159.488000	0.229686
159.552000	0.229686
159.616000	0.229686
159.680000	0.229686
159.744000	0.229686
159.808000	0.229686
159.872000	0.229686
159.936000	0.229686
160.000000	0.229686
160.064000	0.229686
160.128000	0.229686
160.192000	0.229686
160.256000	0.229686
160.320000	0.229686
160.384000	0.229686
160.448000	0.228904
160.512000	0.228904
160.576000	0.228904
160.640000	0.228904
160.704000	0.228904
160.768000	0.228904
160.832000	0.228904
160.896000	0.228904
160.960000	0.228904
161.024000	0.228904
161.088000	0.228904
161.152000	0.228904
161.216000	0.228904
161.280000	0.228904
161.344000	0.228904
161.408000	0.228904
161.472000	0.228904
161.536000	0.228904
161.600000	0.228904
161.664000	0.228904
161.728000	0.228904
161.792000	0.228904
161.856000	0.228904
161.920000	0.228904
161.984000	0.228904
162.048000	0.228904
162.112000	0.228904
162.176000	0.228904
162.240000	0.228904
162.304000	0.228904
162.368000	0.228904
162.432000	0.228904
162.496000	0.228904
162.560000	0.228904
162.624000	0.228904
162.688000	0.228904
162.752000	0.228904
162.816000	0.228904
162.880000	0.228904
162.944000	0.228904
163.008000	0.228904
163.072000	0.228904
163.136000	0.228904
163.200000	0.228904
163.264000	0.228904
163.328000	0.228904
163.392000	0.228904
163.456000	0.228904
163.520000	0.228904
163.584000	0.228904
163.648000	0.228904
163.712000	0.228904
163.776000	0.228904
163.840000	0.228904
163.904000	0.228904
163.968000	0.228904
164.032000	0.228904
164.096000	0.228904
164.160000	0.228904
164.224000	0.228904
164.288000	0.228904
164.352000	0.228904
164.416000	0.228904
164.480000	0.228904
164.544000	0.228904
164.608000	0.228904
164.672000	0.228904
164.736000	0.228904
164.800000	0.228904
164.864000	0.228904
164.928000	0.228904
164.992000	0.228904
165.056000	0.228904
165.120000	0.228904
165.184000	0.228904
165.248000	0.228904
165.312000	0.228904
165.376000	0.228904
165.440000	0.228904
165.504000	0.228904
165.568000	0.228904
165.632000	0.228904
165.696000	0.228904
165.760000	0.228904
165.824000	0.228904
165.888000	0.228904
165.952000	0.228904
166.016000	0.228904
166.080000	0.228904
166.144000	0.228904
166.208000	0.228904
166.272000	0.228904
166.336000	0.228904
166.400000	0.228904
166.464000	0.228904
166.528000	0.228904
166.592000	0.228904
166.656000	0.228904
166.720000	0.228904
166.784000	0.228904
166.848000	0.291915
166.912000	0.291915
166.976000	0.291915
167.040000	0.291915
167.104000	0.291915
167.168000	0.291915
167.232000	0.291915
167.296000	0.291915
167.360000	0.291915
167.424000	0.291915
167.488000	0.291915
167.552000	0.291915
167.616000	0.291915
167.680000	0.291915
167.744000	0.291915
167.808000	0.291915
167.872000	0.291915
167.936000	0.291915
168.000000	0.291915
168.064000	0.291915
168.128000	0.291915
168.192000	0.291915
168.256000	0.291915
168.320000	0.291915
168.384000	0.291915
168.448000	0.291915
168.512000	0.291915
168.576000	0.291915
168.640000	0.291915
168.704000	0.291915
168.768000	0.291915
168.832000	0.291915
168.896000	0.291915
168.960000	0.291915
169.024000	0.291915
169.088000	0.291915
169.152000	0.291915
169.216000	0.291915
169.280000	0.291915
169.344000	0.329789
169.408000	0.329789
169.472000	0.345837
169.536000	0.345837
169.600000	0.345837
169.664000	0.345837
169.728000	0.345837
169.792000	0.345837
169.856000	0.345837
169.920000	0.345837
169.984000	0.345837
170.048000	0.345837
170.112000	0.345837
170.176000	0.345837
170.240000	0.345837
170.304000	0.345837
170.368000	0.336188
170.432000	0.325497
170.496000	0.325497
170.560000	0.325497
170.624000	0.325497
170.688000	0.325497
170.752000	0.325497
170.816000	0.325497
170.880000	0.325497
170.944000	0.325497
171.008000	0.325497
171.072000	0.325497
171.136000	0.325497
171.200000	0.325497
171.264000	0.325497
171.328000	0.325497
171.392000	0.325497
171.456000	0.325497
171.520000	0.325497
171.584000	0.325497
171.648000	0.325497
171.712000	0.325497
171.776000	0.325497
171.840000	0.274697
171.904000	0.274697
171.968000	0.274697
172.032000	0.236113
172.096000	0.236113
172.160000	0.236113
172.224000	0.236113
172.288000	0.236113
172.352000	0.236113
172.416000	0.236113
172.480000	0.236113
172.544000	0.236113
172.608000	0.236113
172.672000	0.236113
172.736000	0.236113
172.800000	0.236113
172.864000	0.236113
172.928000	0.236113
172.992000	0.236113
173.056000	0.236113
173.120000	0.236113
173.184000	0.236113
173.248000	0.236113
173.312000	0.236113
173.376000	0.236113
173.440000	0.236113
173.504000	0.236113
173.568000	0.236113
173.632000	0.236113
173.696000	0.236113
173.760000	0.236113
173.824000	0.236113
173.888000	0.236113
173.952000	0.236113
174.016000	0.236113
174.080000	0.236113
174.144000	0.236113
174.208000	0.236113
174.272000	0.236113
174.336000	0.236113
174.400000	0.236113
174.464000	0.236113
174.528000	0.236113
174.592000	0.236113
174.656000	0.236113
174.720000	0.236113
174.784000	0.236113
174.848000	0.236113
174.912000	0.236113
174.976000	0.236113
175.040000	0.236113
175.104000	0.236113
175.168000	0.236113
175.232000	0.236113
175.296000	0.236113
175.360000	0.236113
175.424000	0.236113
175.488000	0.236113
175.552000	0.236113
175.616000	0.236113
175.680000	0.236113
175.744000	0.236113
175.808000	0.236113
175.872000	0.236113
175.936000	0.236113
176.000000	0.236113
176.064000	0.236113
176.128000	0.236113
176.192000	0.236113
176.256000	0.236113
176.320000	0.236113
176.384000	0.236113
176.448000	0.236113
176.512000	0.236113
176.576000	0.236113
176.640000	0.236113
176.704000	0.236113
176.768000	0.236113
176.832000	0.236113
176.896000	0.236113
176.960000	0.236113
177.024000	0.236113
177.088000	0.236113
177.152000	0.236113
177.216000	0.236113
177.280000	0.236113
177.344000	0.236113
177.408000	0.236113
177.472000	0.236113
177.536000	0.236113
177.600000	0.236113
177.664000	0.236113
177.728000	0.236113
177.792000	0.236113
177.856000	0.236113
177.920000	0.236113
177.984000	0.236113
178.048000	0.236113
178.112000	0.236113
178.176000	0.236113
178.240000	0.236113
178.304000	0.236113
178.368000	0.236113
178.432000	0.296399
178.496000	0.296399
178.560000	0.296399
178.624000	0.296399
178.688000	0.296399
178.752000	0.296399
178.816000	0.296399
178.880000	0.296399
178.944000	0.296399
179.008000	0.296399
179.072000	0.296399
179.136000	0.296399
179.200000	0.296399
179.264000	0.296399
179.328000	0.296399
179.392000	0.296399
179.456000	0.296399
179.520000	0.296399
179.584000	0.296399
179.648000	0.296399
179.712000	0.296399
179.776000	0.296399
179.840000	0.296399
179.904000	0.296399
179.968000	0.296399
180.032000	0.296399
180.096000	0.296399
180.160000	0.296399
180.224000	0.296399
180.288000	0.296399
180.352000	0.296399
180.416000	0.296399
180.480000	0.296399
180.544000	0.296399
180.608000	0.296399
180.672000	0.296399
180.736000	0.296399
180.800000	0.296399
180.864000	0.296399
180.928000	0.296399
180.992000	0.296399
181.056000	0.296399
181.120000	0.296399
181.184000	0.296399
181.248000	0.296399
181.312000	0.296399
181.376000	0.296399
181.440000	0.296399
181.504000	0.296399
181.568000	0.296399
181.632000	0.296399
181.696000	0.296399
181.760000	0.296399
181.824000	0.296399
181.888000	0.296399
181.952000	0.296399
182.016000	0.296399
182.080000	0.296399
182.144000	0.296399
182.208000	0.296399
182.272000	0.296399
182.336000	0.296399
182.400000	0.296399
182.464000	0.227314
182.528000	0.227314
182.592000	0.227314
182.656000	0.227314
182.720000	0.227314
182.784000	0.227314
182.848000	0.227314
182.912000	0.227314
182.976000	0.227314
183.040000	0.227314
183.104000	0.227314
183.168000	0.227314
183.232000	0.227314
183.296000	0.227314
183.360000	0.227314
183.424000	0.227314
183.488000	0.227314
183.552000	0.227314
183.616000	0.227314
183.680000	0.227314
183.744000	0.227314
183.808000	0.227314
183.872000	0.227314
183.936000	0.227314
184.000000	0.227314
184.064000	0.227314
184.128000	0.227314
184.192000	0.227314
184.256000	0.227314
184.320000	0.227314
184.384000	0.227314
184.448000	0.215890
184.512000	0.145772
184.576000	0.145772
184.640000	0.145772
184.704000	0.145772
184.768000	0.145772
184.832000	0.145772
184.896000	0.145772
184.960000	0.145772
185.024000	0.145772
185.088000	0.145772
185.152000	0.145772
185.216000	0.145772
185.280000	0.145772
185.344000	0.145772
185.408000	0.145772
185.472000	0.145772
185.536000	0.145772
185.600000	0.145772
185.664000	0.145772
185.728000	0.145772
185.792000	0.145772
185.856000	0.145772
185.920000	0.145772
185.984000	0.145772
186.048000	0.145772
186.112000	0.145772
186.176000	0.145772
186.240000	0.145772
186.304000	0.145772
186.368000	0.145772
186.432000	0.145772
186.496000	0.145772
186.560000	0.145772
186.624000	0.145772
186.688000	0.145772
186.752000	0.145772
186.816000	0.145772
186.880000	0.145772
186.944000	0.145772
187.008000	0.145772
187.072000	0.145772
187.136000	0.145772
187.200000	0.145772
187.264000	0.145772
187.328000	0.145772
187.392000	0.135038
187.456000	0.135038
187.520000	0.135038
187.584000	0.135038
187.648000	0.135038
187.712000	0.135038
187.776000	0.135038
187.840000	0.135038
187.904000	0.135038
187.968000	0.135038
188.032000	0.135038
188.096000	0.135038
188.160000	0.135038
188.224000	0.135038
188.288000	0.135038
188.352000	0.135038
188.416000	0.135038
188.480000	0.135038
188.544000	0.135038
188.608000	0.135038
188.672000	0.135038
188.736000	0.135038
188.800000	0.135038
188.864000	0.135038
188.928000	0.135038
188.992000	0.135038
189.056000	0.135038
189.120000	0.135038
189.184000	0.135038
189.248000	0.135038
189.312000	0.135038
189.376000	0.135038
189.440000	0.135038
189.504000	0.135038
189.568000	0.135038
189.632000	0.135038
189.696000	0.135038
189.760000	0.135038
189.824000	0.135038
189.888000	0.135038
189.952000	0.135038
190.016000	0.135038
190.080000	0.135038
190.144000	0.135038
190.208000	0.135038
190.272000	0.135038
190.336000	0.135038
190.400000	0.135038
190.464000	0.135038
190.528000	0.135038
190.592000	0.135038
190.656000	0.135038
190.720000	0.135038
190.784000	0.135038
190.848000	0.135038
190.912000	0.135038
190.976000	0.135038
191.040000	0.135038
191.104000	0.135038
191.168000	0.135038
191.232000	0.135038
191.296000	0.135038
191.360000	0.135038
191.424000	0.135038
191.488000	0.135038
191.552000	0.135038
191.616000	0.135038
191.680000	0.135038
191.744000	0.135038
191.808000	0.135038
191.872000	0.135038
191.936000	0.135038
192.000000	0.135038
192.064000	0.135038
192.128000	0.135038
192.192000	0.135038
192.256000	0.135038
192.320000	0.135038
192.384000	0.135038
192.448000	0.135038
192.512000	0.135038
192.576000	0.135038
192.640000	0.135038
192.704000	0.135038
192.768000	0.135038
192.832000	0.135038
192.896000	0.135038
192.960000	0.135038
193.024000	0.135038
193.088000	0.135038
193.152000	0.135038
193.216000	0.135038
193.280000	0.135038
193.344000	0.135038
193.408000	0.135038
193.472000	0.135038
193.536000	0.135038
193.600000	0.135038
193.664000	0.135038
193.728000	0.135038
193.792000	0.204851
193.856000	0.204851
193.920000	0.204851
193.984000	0.204851
194.048000	0.204851
194.112000	0.204851
194.176000	0.204851
194.240000	0.204851
194.304000	0.204851
194.368000	0.204851
194.432000	0.204851
194.496000	0.204851
194.560000	0.204851
194.624000	0.204851
194.688000	0.204851
194.752000	0.204851
194.816000	0.204851
194.880000	0.204851
194.944000	0.204851
195.008000	0.204851
195.072000	0.203997
195.136000	0.176927
195.200000	0.176927
195.264000	0.176927
195.328000	0.176927
195.392000	0.176927
195.456000	0.176927
195.520000	0.176927
195.584000	0.176927
195.648000	0.176927
195.712000	0.176927
195.776000	0.176927
195.840000	0.176927
195.904000	0.176927
195.968000	0.176927
196.032000	0.176927
196.096000	0.176927
196.160000	0.176927
196.224000	0.176927
196.288000	0.176927
196.352000	0.176927
196.416000	0.176927
196.480000	0.176927
196.544000	0.176927
196.608000	0.176927
196.672000	0.176927
196.736000	0.176927
196.800000	0.176927
196.864000	0.176927
196.928000	0.176927
196.992000	0.176927
197.056000	0.176927
197.120000	0.176927
197.184000	0.176927
197.248000	0.176927
197.312000	0.176927
197.376000	0.176927
197.440000	0.176927
197.504000	0.176927
197.568000	0.176927
197.632000	0.176927
197.696000	0.176927
197.760000	0.176927
197.824000	0.176927
197.888000	0.176927
197.952000	0.176927
198.016000	0.176927
198.080000	0.176927
198.144000	0.176927
198.208000	0.176927
198.272000	0.176927
198.336000	0.176927
198.400000	0.176927
198.464000	0.176927
198.528000	0.176927
198.592000	0.176927
198.656000	0.176927
198.720000	0.176927
198.784000	0.176927
198.848000	0.176927
198.912000	0.176927
198.976000	0.176927
199.040000	0.176927
199.104000	0.176927
199.168000	0.176927
199.232000	0.176927
199.296000	0.176927
199.360000	0.176927
199.424000	0.176927
199.488000	0.176927
199.552000	0.176927
199.616000	0.176927
199.680000	0.176927
199.744000	0.176927
199.808000	0.176927
199.872000	0.176927
199.936000	0.176927
200.000000	0.176927
200.064000	0.176927
200.128000	0.176927
200.192000	0.176927
200.256000	0.176927
200.320000	0.176927
200.384000	0.176927
200.448000	0.176927
200.512000	0.176927
200.576000	0.176927
200.640000	0.176927
200.704000	0.176927
200.768000	0.176927
200.832000	0.176927
200.896000	0.176927
200.960000	0.176927
201.024000	0.176927
201.088000	0.176927
201.152000	0.176927
201.216000	0.176927
201.280000	0.176927
201.344000	0.176927
201.408000	0.176927
201.472000	0.176927
201.536000	0.209213
201.600000	0.209213
201.664000	0.209213
201.728000	0.209213
201.792000	0.209213
201.856000	0.209213
201.920000	0.209213
201.984000	0.209213
202.048000	0.209213
202.112000	0.209213
202.176000	0.209213
202.240000	0.209213
202.304000	0.209213
202.368000	0.209213
202.432000	0.209213
202.496000	0.209213
202.560000	0.209213
202.624000	0.209213
202.688000	0.209213
202.752000	0.159942
202.816000	0.159942
202.880000	0.159942
202.944000	0.159942
203.008000	0.159942
203.072000	0.159942
203.136000	0.159942
203.200000	0.159942
203.264000	0.159942
203.328000	0.159942
203.392000	0.159942
203.456000	0.159942
203.520000	0.159942
203.584000	0.159942
203.648000	0.159942
203.712000	0.159942
203.776000	0.159942
203.840000	0.159942
203.904000	0.159942
203.968000	0.159942
204.032000	0.159942
204.096000	0.159942
204.160000	0.159942
204.224000	0.159942
204.288000	0.139090
204.352000	0.139090
204.416000	0.139090
204.480000	0.139090
204.544000	0.139090
204.608000	0.139090
204.672000	0.139090
204.736000	0.139090
204.800000	0.139090
204.864000	0.139090
204.928000	0.139090
204.992000	0.139090
205.056000	0.139090
205.120000	0.139090
205.184000	0.139090
205.248000	0.139090
205.312000	0.139090
205.376000	0.139090
205.440000	0.139090
205.504000	0.139090
205.568000	0.139090
205.632000	0.139090
205.696000	0.139090
205.760000	0.139090
205.824000	0.139090
205.888000	0.139090
205.952000	0.139090
206.016000	0.139090
206.080000	0.139090
206.144000	0.139090
206.208000	0.139090
206.272000	0.139090
206.336000	0.139090
206.400000	0.139090
206.464000	0.139090
206.528000	0.139090
206.592000	0.139090
206.656000	0.139090
206.720000	0.139090
206.784000	0.139090
206.848000	0.139090
206.912000	0.139090
206.976000	0.139090
207.040000	0.139090
207.104000	0.139090
207.168000	0.139090
207.232000	0.139090
207.296000	0.139090
207.360000	0.139090
207.424000	0.139090
207.488000	0.139090
207.552000	0.139090
207.616000	0.139090
207.680000	0.139090
207.744000	0.139090
207.808000	0.139090
207.872000	0.139090
207.936000	0.139090
208.000000	0.139090
208.064000	0.139090
208.128000	0.139090
208.192000	0.139090
208.256000	0.139090
208.320000	0.139090
208.384000	0.139090
208.448000	0.139090
208.512000	0.139090
208.576000	0.139090
208.640000	0.139090
208.704000	0.139090
208.768000	0.139090
208.832000	0.139090
208.896000	0.139090
208.960000	0.139090
209.024000	0.139090
209.088000	0.139090
209.152000	0.137836
209.216000	0.137836
209.280000	0.137836
209.344000	0.137836
209.408000	0.137836
209.472000	0.137836
209.536000	0.137836
209.600000	0.137836
209.664000	0.137836
209.728000	0.137836
209.792000	0.137836
209.856000	0.137836
209.920000	0.137836
209.984000	0.137836
210.048000	0.137836
210.112000	0.137836
210.176000	0.137836
210.240000	0.137836
210.304000	0.137836
210.368000	0.137836
210.432000	0.137836
210.496000	0.137836
210.560000	0.137836
210.624000	0.137836
210.688000	0.137836
210.752000	0.137836
210.816000	0.137836
210.880000	0.137836
210.944000	0.137836
211.008000	0.137836
211.072000	0.137836
211.136000	0.137836
211.200000	0.137836
211.264000	0.137836
211.328000	0.137836
211.392000	0.137836
211.456000	0.137836
211.520000	0.137836
211.584000	0.137836
211.648000	0.137836
211.712000	0.137836
211.776000	0.137836
211.840000	0.137836
211.904000	0.137836
211.968000	0.137836
212.032000	0.137836
212.096000	0.137836
212.160000	0.137836
212.224000	0.137836
212.288000	0.137836
212.352000	0.137836
212.416000	0.137836
212.480000	0.137836
212.544000	0.137836
212.608000	0.137836
212.672000	0.137836
212.736000	0.137836
212.800000	0.137836
212.864000	0.137836
212.928000	0.137836
212.992000	0.137836
213.056000	0.137836
213.120000	0.137836
213.184000	0.137836
213.248000	0.137836
213.312000	0.137836
213.376000	0.137836
213.440000	0.137836
213.504000	0.137836
213.568000	0.137836
213.632000	0.137836
213.696000	0.137836
213.760000	0.137836
213.824000	0.137836
213.888000	0.137836
213.952000	0.137836
214.016000	0.137836
214.080000	0.137836
214.144000	0.137836
214.208000	0.137836
214.272000	0.137836
214.336000	0.137836
214.400000	0.137836
214.464000	0.137836
214.528000	0.137836
214.592000	0.137836
214.656000	0.137836
214.720000	0.137836
214.784000	0.137836
214.848000	0.137836
214.912000	0.137836
214.976000	0.137836
215.040000	0.137836
215.104000	0.137836
215.168000	0.137836
215.232000	0.137836
215.296000	0.137836
215.360000	0.137836
215.424000	0.137836
215.488000	0.137836
215.552000	0.172052
215.616000	0.172052
215.680000	0.172052
215.744000	0.172052
215.808000	0.172052
215.872000	0.172052
215.936000	0.172052
216.000000	0.172052
216.064000	0.172052
216.128000	0.172052
216.192000	0.172052
216.256000	0.172052
216.320000	0.172052
216.384000	0.172052
216.448000	0.172052
216.512000	0.172052
216.576000	0.172052
216.640000	0.172052
216.704000	0.172052
216.768000	0.172052
216.832000	0.172052
216.896000	0.172052
216.960000	0.172052
217.024000	0.172052
217.088000	0.172052
217.152000	0.172052
217.216000	0.172052
217.280000	0.172052
217.344000	0.172052
217.408000	0.172052
217.472000	0.172052
217.536000	0.172052
217.600000	0.172052
217.664000	0.172052
217.728000	0.172052
217.792000	0.172052
217.856000	0.172052
217.920000	0.172052
217.984000	0.172052
218.048000	0.172052
218.112000	0.213253
218.176000	0.213253
218.240000	0.213253
218.304000	0.213253
218.368000	0.213253
218.432000	0.213253
218.496000	0.213253
218.560000	0.213253
218.624000	0.213253
218.688000	0.213253
218.752000	0.213253
218.816000	0.213253
218.880000	0.213253
218.944000	0.213253
219.008000	0.213253
219.072000	0.213253
219.136000	0.213253
219.200000	0.213253
219.264000	0.213253
219.328000	0.213253
219.392000	0.213253
219.456000	0.213253
219.520000	0.213253
219.584000	0.213253
219.648000	0.213253
219.712000	0.213253
219.776000	0.213253
219.840000	0.213253
219.904000	0.213253
219.968000	0.213253
220.032000	0.213253
220.096000	0.213253
220.160000	0.213253
220.224000	0.213253
220.288000	0.213253
220.352000	0.213253
220.416000	0.213253
220.480000	0.213253
220.544000	0.213253
220.608000	0.213253
220.672000	0.213253
220.736000	0.213253
220.800000	0.213253
220.864000	0.213253
220.928000	0.213253
220.992000	0.213253
221.056000	0.213253
221.120000	0.213253
221.184000	0.213253
221.248000	0.213253
221.312000	0.213253
221.376000	0.213253
221.440000	0.187980
221.504000	0.167595
221.568000	0.158315
221.632000	0.122212
221.696000	0.122212
221.760000	0.122212
221.824000	0.122212
221.888000	0.122212
221.952000	0.122212
222.016000	0.122212
222.080000	0.122212
222.144000	0.122212
222.208000	0.122212
222.272000	0.122212
222.336000	0.122212
222.400000	0.122212
222.464000	0.122212
222.528000	0.122212
222.592000	0.122212
222.656000	0.122212
222.720000	0.122212
222.784000	0.122212
222.848000	0.122212
222.912000	0.122212
222.976000	0.122212
223.040000	0.122212
223.104000	0.122212
223.168000	0.122212
223.232000	0.122212
223.296000	0.122212
223.360000	0.122212
223.424000	0.122212
223.488000	0.122212
223.552000	0.122212
223.616000	0.122212
223.680000	0.122212
223.744000	0.122212
223.808000	0.122212
223.872000	0.122212
223.936000	0.122212
224.000000	0.122212
224.064000	0.122212
224.128000	0.122212
224.192000	0.122212
224.256000	0.122212
224.320000	0.122212
224.384000	0.122212
224.448000	0.122212
224.512000	0.122212
224.576000	0.122212
224.640000	0.122212
224.704000	0.122212
224.768000	0.122212
224.832000	0.122212
224.896000	0.122212
224.960000	0.122212
225.024000	0.122212
225.088000	0.122212
225.152000	0.122212
225.216000	0.122212
225.280000	0.122212
225.344000	0.122212
225.408000	0.122212
225.472000	0.122212
225.536000	0.122212
225.600000	0.122212
225.664000	0.122212
225.728000	0.122212
225.792000	0.122212
225.856000	0.122212
225.920000	0.122212
225.984000	0.122212
226.048000	0.122212
226.112000	0.122212
226.176000	0.122212
226.240000	0.122212
226.304000	0.122212
226.368000	0.122212
226.432000	0.122212
226.496000	0.122212
226.560000	0.122212
226.624000	0.122212
226.688000	0.122212
226.752000	0.122212
226.816000	0.122212
226.880000	0.122212
226.944000	0.122212
227.008000	0.122212
227.072000	0.122212
227.136000	0.122212
227.200000	0.122212
227.264000	0.122212
227.328000	0.122212
227.392000	0.122212
227.456000	0.122212
227.520000	0.122212
227.584000	0.122212
227.648000	0.122212
227.712000	0.122212
227.776000	0.122212
227.840000	0.122212
227.904000	0.122212
227.968000	0.122212
228.032000	0.133410
228.096000	0.133410
228.160000	0.133410
228.224000	0.161194
228.288000	0.197315
228.352000	0.197315
228.416000	0.197315
228.480000	0.197315
228.544000	0.197315
228.608000	0.197315
228.672000	0.197315
228.736000	0.197315
228.800000	0.197315
228.864000	0.197315
228.928000	0.197315
228.992000	0.197315
229.056000	0.197315
229.120000	0.197315
229.184000	0.197315
229.248000	0.197315
229.312000	0.197315
229.376000	0.197315
229.440000	0.197315
229.504000	0.197315
229.568000	0.197315
229.632000	0.197315
229.696000	0.197315
229.760000	0.197315
229.824000	0.197315
229.888000	0.197315
229.952000	0.197315
230.016000	0.197315
230.080000	0.197315
230.144000	0.197315
230.208000	0.197315
230.272000	0.197315
230.336000	0.197315
230.400000	0.197315
230.464000	0.197315
230.528000	0.197315
230.592000	0.197315
230.656000	0.197315
230.720000	0.197315
230.784000	0.197315
230.848000	0.197315
230.912000	0.197315
230.976000	0.197315
231.040000	0.197315
231.104000	0.197315
231.168000	0.197315
231.232000	0.197315
231.296000	0.197315
231.360000	0.197315
231.424000	0.197315
231.488000	0.197315
231.552000	0.197315
231.616000	0.197315
231.680000	0.197315
231.744000	0.197315
231.808000	0.197315
231.872000	0.197315
231.936000	0.197315
232.000000	0.197315
232.064000	0.197315
232.128000	0.197315
232.192000	0.197315
232.256000	0.197315
232.320000	0.197315
232.384000	0.197315
232.448000	0.197315
232.512000	0.197315
232.576000	0.197315
232.640000	0.197315
232.704000	0.197315
232.768000	0.197315
232.832000	0.197315
232.896000	0.197315
232.960000	0.197315
233.024000	0.197315
233.088000	0.197315
233.152000	0.197315
233.216000	0.197315
233.280000	0.197315
233.344000	0.197315
233.408000	0.197315
233.472000	0.197315
233.536000	0.197315
233.600000	0.197315
233.664000	0.197315
233.728000	0.197315
233.792000	0.197315
233.856000	0.197315
233.920000	0.241258
233.984000	0.241258
234.048000	0.241258
234.112000	0.241258
234.176000	0.241258
234.240000	0.183083
234.304000	0.183083
234.368000	0.183083
234.432000	0.183083
234.496000	0.183083
234.560000	0.183083
234.624000	0.183083
234.688000	0.183083
234.752000	0.183083
234.816000	0.183083
234.880000	0.183083
234.944000	0.183083
235.008000	0.183083
235.072000	0.183083
235.136000	0.183083
235.200000	0.183083
235.264000	0.183083
235.328000	0.183083
235.392000	0.183083
235.456000	0.183083
235.520000	0.183083
235.584000	0.183083
235.648000	0.183083
235.712000	0.183083
235.776000	0.183083
235.840000	0.183083
235.904000	0.183083
235.968000	0.183083
236.032000	0.183083
236.096000	0.183083
236.160000	0.183083
236.224000	0.183083
236.288000	0.183083
236.352000	0.183083
236.416000	0.183083
236.480000	0.183083
236.544000	0.183083
236.608000	0.183083
236.672000	0.183083
236.736000	0.183083
236.800000	0.183083
236.864000	0.183083
236.928000	0.183083
236.992000	0.183083
237.056000	0.183083
237.120000	0.183083
237.184000	0.183083
237.248000	0.183083
237.312000	0.183083
237.376000	0.183083
237.440000	0.183083
237.504000	0.183083
237.568000	0.183083
237.632000	0.183083
237.696000	0.183083
237.760000	0.183083
237.824000	0.183083
237.888000	0.183083
237.952000	0.183083
238.016000	0.183083
238.080000	0.183083
238.144000	0.183083
238.208000	0.183083
238.272000	0.183083
238.336000	0.183083
238.400000	0.183083
238.464000	0.183083
238.528000	0.183083
238.592000	0.183083
238.656000	0.183083
238.720000	0.183083
238.784000	0.183083
238.848000	0.183083
238.912000	0.183083
238.976000	0.183083
239.040000	0.183083
239.104000	0.183083
239.168000	0.183083
239.232000	0.183083
239.296000	0.183083
239.360000	0.183083
239.424000	0.183083
239.488000	0.183083
239.552000	0.183083
239.616000	0.183083
239.680000	0.183083
239.744000	0.183083
239.808000	0.183083
239.872000	0.183083
239.936000	0.183083
240.000000	0.183083
240.064000	0.183083
240.128000	0.183083
240.192000	0.183083
240.256000	0.183083
240.320000	0.183083
240.384000	0.183083
240.448000	0.183083
240.512000	0.183083
240.576000	0.183083
240.640000	0.258892
240.704000	0.258892
240.768000	0.258892
240.832000	0.258892
240.896000	0.258892
240.960000	0.258892
241.024000	0.258892
241.088000	0.258892
241.152000	0.258892
241.216000	0.258892
241.280000	0.258892
241.344000	0.258892
241.408000	0.258892
241.472000	0.258892
241.536000	0.258892
241.600000	0.258892
241.664000	0.258892
241.728000	0.258892
241.792000	0.258892
241.856000	0.258892
241.920000	0.258892
241.984000	0.189769
242.048000	0.189769
242.112000	0.189769
242.176000	0.189769
242.240000	0.189769
242.304000	0.189769
242.368000	0.189769
242.432000	0.189769
242.496000	0.189769
242.560000	0.189769
242.624000	0.162238
242.688000	0.162238
242.752000	0.162238
242.816000	0.162238
242.880000	0.162238
242.944000	0.162238
243.008000	0.162238
243.072000	0.162238
243.136000	0.162238
243.200000	0.162238
243.264000	0.162238
243.328000	0.162238
243.392000	0.162238
243.456000	0.162238
243.520000	0.162238
243.584000	0.162238
243.648000	0.162238
243.712000	0.162238
243.776000	0.162238
243.840000	0.162238
243.904000	0.162238
243.968000	0.162238
244.032000	0.162238
244.096000	0.162238
244.160000	0.162238
244.224000	0.162238
244.288000	0.162238
244.352000	0.162238
244.416000	0.162238
244.480000	0.162238
244.544000	0.162238
244.608000	0.162238
244.672000	0.162238
244.736000	0.162238
244.800000	0.162238
244.864000	0.162238
244.928000	0.162238
244.992000	0.162238
245.056000	0.162238
245.120000	0.162238
245.184000	0.162238
245.248000	0.162238
245.312000	0.162238
245.376000	0.162238
245.440000	0.162238
245.504000	0.162238
245.568000	0.162238
245.632000	0.162238
245.696000	0.162238
245.760000	0.162238
245.824000	0.162238
245.888000	0.162238
245.952000	0.162238
246.016000	0.162238
246.080000	0.162238
246.144000	0.162238
246.208000	0.162238
246.272000	0.162238
246.336000	0.162238
246.400000	0.162238
246.464000	0.162238
246.528000	0.162238
246.592000	0.162238
246.656000	0.162238
246.720000	0.162238
246.784000	0.162238
246.848000	0.162238
246.912000	0.162238
246.976000	0.162238
247.040000	0.162238
247.104000	0.162238
247.168000	0.162238
247.232000	0.162238
247.296000	0.162238
247.360000	0.162238
247.424000	0.162238
247.488000	0.162238
247.552000	0.162238
247.616000	0.162238
247.680000	0.162238
247.744000	0.162238
247.808000	0.162238
247.872000	0.162238
247.936000	0.162238
248.000000	0.162238
248.064000	0.162238
248.128000	0.162238
248.192000	0.162238
248.256000	0.162238
248.320000	0.162238
248.384000	0.162238
248.448000	0.162238
248.512000	0.162238
248.576000	0.162238
248.640000	0.162238
248.704000	0.162238
248.768000	0.162238
248.832000	0.162238
248.896000	0.162238
248.960000	0.162238
249.024000	0.205361
249.088000	0.222935
249.152000	0.222935
249.216000	0.222935
249.280000	0.222935
249.344000	0.222935
249.408000	0.304287
249.472000	0.304287
249.536000	0.304287
249.600000	0.304287
249.664000	0.304287
249.728000	0.304287
249.792000	0.304287
249.856000	0.304287
249.920000	0.441051
249.984000	0.513414
250.048000	0.513414
250.112000	0.513414
250.176000	0.513414
250.240000	0.513414
250.304000	0.513414
250.368000	0.513414
250.432000	0.513414
250.496000	0.513414
250.560000	0.607008
250.624000	0.607008
250.688000	0.607008
250.752000	0.607008
250.816000	0.607008
250.880000	0.607008
250.944000	0.712998
251.008000	0.712998
251.072000	0.726432
251.136000	0.726432
251.200000	0.726432
251.264000	0.726432
251.328000	0.726432
251.392000	0.726432
251.456000	0.726432
251.520000	0.726432
251.584000	0.726432
251.648000	0.726432
251.712000	0.812518
251.776000	0.812518
251.840000	0.812518
251.904000	0.812518
251.968000	0.812518
252.032000	0.812518
252.096000	0.812518
252.160000	0.812518
252.224000	0.812518
252.288000	0.812518
252.352000	0.812518
252.416000	0.812518
252.480000	0.812518
252.544000	0.812518
252.608000	0.812518
252.672000	0.812518
252.736000	0.812518
252.800000	0.812518
252.864000	0.812518
252.928000	0.812518
252.992000	0.812518
253.056000	0.812518
253.120000	0.812518
253.184000	0.452523
253.248000	0.452523
253.312000	0.452523
253.376000	0.452523
253.440000	0.452523
253.504000	0.452523
253.568000	0.452523
253.632000	0.452523
253.696000	0.452523
253.760000	0.452523
253.824000	0.452523
253.888000	0.452523
253.952000	0.452523
254.016000	0.452523
254.080000	0.452523
254.144000	0.452523
254.208000	0.452523
254.272000	0.452523
254.336000	0.452523
254.400000	0.452523
254.464000	0.452523
254.528000	0.452523
254.592000	0.452523
254.656000	0.452523
254.720000	0.452523
254.784000	0.452523
254.848000	0.452523
254.912000	0.452523
254.976000	0.452523
255.040000	0.452523
255.104000	0.452523
255.168000	0.452523
255.232000	0.452523
255.296000	0.452523
255.360000	0.452523
255.424000	0.452523
255.488000	0.452523
255.552000	0.452523
255.616000	0.452523
255.680000	0.452523
255.744000	0.452523
255.808000	0.452523
255.872000	0.452523
255.936000	0.452523
256.000000	0.452523
256.064000	0.452523
256.128000	0.452523
256.192000	0.452523
256.256000	0.452523
256.320000	0.452523
256.384000	0.452523
256.448000	0.452523
256.512000	0.452523
256.576000	0.452523
256.640000	0.452523
256.704000	0.452523
256.768000	0.452523
256.832000	0.285626
256.896000	0.285626
256.960000	0.285626
257.024000	0.285626
257.088000	0.285626
257.152000	0.285626
257.216000	0.285626
257.280000	0.285626
257.344000	0.285626
257.408000	0.285626
257.472000	0.285626
257.536000	0.285626
257.600000	0.285626
257.664000	0.285626
257.728000	0.285626
257.792000	0.285626
257.856000	0.285626
257.920000	0.285626
257.984000	0.285626
258.048000	0.285626
258.112000	0.285626
258.176000	0.285626
258.240000	0.285626
258.304000	0.285626
258.368000	0.285626
258.432000	0.285626
258.496000	0.285626
258.560000	0.285626
258.624000	0.285626
258.688000	0.285626
258.752000	0.285626
258.816000	0.285626
258.880000	0.285626
258.944000	0.285626
259.008000	0.285626
259.072000	0.285626
259.136000	0.285626
259.200000	0.285626
259.264000	0.285626
259.328000	0.285626
259.392000	0.285626
259.456000	0.285626
259.520000	0.285626
259.584000	0.285626
259.648000	0.285626
259.712000	0.285626
259.776000	0.285626
259.840000	0.285626
259.904000	0.285626
259.968000	0.285626
260.032000	0.285626
260.096000	0.285626
260.160000	0.285626
260.224000	0.285626
260.288000	0.285626
260.352000	0.285626
260.416000	0.285626
260.480000	0.285626
260.544000	0.285626
260.608000	0.285626
260.672000	0.285626
260.736000	0.285626
260.800000	0.285626
260.864000	0.285626
260.928000	0.285626
260.992000	0.285626
261.056000	0.285626
261.120000	0.285626
261.184000	0.285626
261.248000	0.285626
261.312000	0.285626
261.376000	0.285626
261.440000	0.285626
261.504000	0.285626
261.568000	0.285626
261.632000	0.285626
261.696000	0.285626
261.760000	0.285626
261.824000	0.285626
261.888000	0.285626
261.952000	0.285626
262.016000	0.285626
262.080000	0.285626
262.144000	0.285626
262.208000	0.285626
262.272000	0.285626
262.336000	0.285626
262.400000	0.285626
262.464000	0.285626
262.528000	0.285626
262.592000	0.285626
262.656000	0.285626
262.720000	0.285626
262.784000	0.285626
262.848000	0.285626
262.912000	0.285626
262.976000	0.285626
263.040000	0.285626
263.104000	0.285626
263.168000	0.285626
263.232000	0.498032
263.296000	0.498032
263.360000	0.498032
263.424000	0.498032
263.488000	0.579053
263.552000	0.579053
263.616000	0.579053
263.680000	0.579053
263.744000	0.579053
263.808000	0.579053
263.872000	0.579053
263.936000	0.579053
264.000000	0.579053
264.064000	0.579053
264.128000	0.579053
264.192000	0.606201
264.256000	0.606201
264.320000	0.606201
264.384000	0.606201
264.448000	0.606201
264.512000	0.606201
264.576000	0.595099
264.640000	0.595099
264.704000	0.595099
264.768000	0.595099
264.832000	0.595099
264.896000	0.595099
264.960000	0.595099
265.024000	0.595099
265.088000	0.595099
265.152000	0.595099
265.216000	0.595099
265.280000	0.595099
265.344000	0.595099
265.408000	0.595099
265.472000	0.595099
265.536000	0.595099
265.600000	0.595099
265.664000	0.595099
265.728000	0.595099
265.792000	0.595099
265.856000	0.595099
265.920000	0.595099
265.984000	0.595099
266.048000	0.595099
266.112000	0.595099
266.176000	0.595099
266.240000	0.595099
266.304000	0.346161
266.368000	0.346161
266.432000	0.346161
266.496000	0.346161
266.560000	0.346161
266.624000	0.346161
266.688000	0.346161
266.752000	0.346161
266.816000	0.346161
266.880000	0.346161
266.944000	0.346161
267.008000	0.346161
267.072000	0.346161
267.136000	0.346161
267.200000	0.346161
267.264000	0.346161
267.328000	0.346161
267.392000	0.180488
267.456000	0.180488
267.520000	0.180488
267.584000	0.180488
267.648000	0.180488
267.712000	0.180488
267.776000	0.180488
267.840000	0.180488
267.904000	0.180488
267.968000	0.180488
268.032000	0.180488
268.096000	0.180488
268.160000	0.180488
268.224000	0.180488
268.288000	0.180488
268.352000	0.180488
268.416000	0.180488
268.480000	0.180488
268.544000	0.180488
268.608000	0.180488
268.672000	0.180488
268.736000	0.180488
268.800000	0.180488
268.864000	0.180488
268.928000	0.180488
268.992000	0.180488
269.056000	0.180488
269.120000	0.180488
269.184000	0.180488
269.248000	0.180488
269.312000	0.180488
269.376000	0.180488
269.440000	0.180488
269.504000	0.180488
269.568000	0.180488
269.632000	0.180488
269.696000	0.180488
269.760000	0.180488
269.824000	0.180488
269.888000	0.180488
269.952000	0.180488
270.016000	0.180488
270.080000	0.180488
270.144000	0.180488
270.208000	0.180488
270.272000	0.180488
270.336000	0.158532
270.400000	0.158532
270.464000	0.158532
270.528000	0.158532
270.592000	0.158532
270.656000	0.158532
270.720000	0.158532
270.784000	0.158532
270.848000	0.158532
270.912000	0.158532
270.976000	0.158532
271.040000	0.158532
271.104000	0.158532
271.168000	0.158532
271.232000	0.158532
271.296000	0.158532
271.360000	0.158532
271.424000	0.158532
271.488000	0.158532
271.552000	0.158532
271.616000	0.158532
271.680000	0.158532
271.744000	0.158532
271.808000	0.158532
271.872000	0.158532
271.936000	0.158532
272.000000	0.158532
272.064000	0.158532
272.128000	0.158532
272.192000	0.158532
272.256000	0.158532
272.320000	0.158532
272.384000	0.158532
272.448000	0.158532
272.512000	0.158532
272.576000	0.158532
272.640000	0.158532
272.704000	0.158532
272.768000	0.158532
272.832000	0.158532
272.896000	0.158532
272.960000	0.158532
273.024000	0.158532
273.088000	0.158532
273.152000	0.158532
273.216000	0.158532
273.280000	0.158532
273.344000	0.158532
273.408000	0.158532
273.472000	0.158532
273.536000	0.158532
273.600000	0.158532
273.664000	0.158532
273.728000	0.158532
273.792000	0.158532
273.856000	0.158532
273.920000	0.158532
273.984000	0.158532
274.048000	0.158532
274.112000	0.158532
274.176000	0.158532
274.240000	0.158532
274.304000	0.158532
274.368000	0.158532
274.432000	0.158532
274.496000	0.158532
274.560000	0.158532
274.624000	0.158532
274.688000	0.158532
274.752000	0.158532
274.816000	0.158532
274.880000	0.158532
274.944000	0.158532
275.008000	0.158532
275.072000	0.158532
275.136000	0.158532
275.200000	0.158532
275.264000	0.158532
275.328000	0.158532
275.392000	0.158532
275.456000	0.158532
275.520000	0.158532
275.584000	0.158532
275.648000	0.158532
275.712000	0.158532
275.776000	0.158532
275.840000	0.158532
275.904000	0.158532
275.968000	0.158532
276.032000	0.158532
276.096000	0.158532
276.160000	0.158532
276.224000	0.158532
276.288000	0.158532
276.352000	0.158532
276.416000	0.158532
276.480000	0.158532
276.544000	0.158532
276.608000	0.158532
276.672000	0.158532
276.736000	0.285872
276.800000	0.285872
276.864000	0.285872
276.928000	0.285872
276.992000	0.285872
277.056000	0.285872
277.120000	0.285872
277.184000	0.285872
277.248000	0.285872
277.312000	0.285872
277.376000	0.285872
277.440000	0.285872
277.504000	0.285872
277.568000	0.285872
277.632000	0.285872
277.696000	0.285872
277.760000	0.285872
277.824000	0.285872
277.888000	0.285872
277.952000	0.285872
278.016000	0.285872
278.080000	0.285872
278.144000	0.285872
278.208000	0.285872
278.272000	0.285872
278.336000	0.285872
278.400000	0.285872
278.464000	0.285872
278.528000	0.285872
278.592000	0.285872
278.656000	0.285872
278.720000	0.285872
278.784000	0.285872
278.848000	0.285872
278.912000	0.285872
278.976000	0.285872
279.040000	0.285872
279.104000	0.285872
279.168000	0.285872
279.232000	0.285872
279.296000	0.285872
279.360000	0.285872
279.424000	0.285872
279.488000	0.285872
279.552000	0.285872
279.616000	0.231005
279.680000	0.231005
279.744000	0.231005
279.808000	0.231005
279.872000	0.231005
279.936000	0.231005
280.000000	0.231005
280.064000	0.231005
280.128000	0.231005
280.192000	0.231005
280.256000	0.231005
280.320000	0.231005
280.384000	0.231005
280.448000	0.231005
280.512000	0.231005
280.576000	0.231005
280.640000	0.231005
280.704000	0.231005
280.768000	0.231005
280.832000	0.231005
280.896000	0.231005
280.960000	0.231005
281.024000	0.231005
281.088000	0.231005
281.152000	0.231005
281.216000	0.231005
281.280000	0.231005
281.344000	0.231005
281.408000	0.231005
281.472000	0.231005
281.536000	0.231005
281.600000	0.231005
281.664000	0.231005
281.728000	0.231005
281.792000	0.231005
281.856000	0.231005
281.920000	0.231005
281.984000	0.231005
282.048000	0.231005
282.112000	0.231005
282.176000	0.231005
282.240000	0.231005
282.304000	0.231005
282.368000	0.231005
282.432000	0.231005
282.496000	0.231005
282.560000	0.231005
282.624000	0.231005
282.688000	0.231005
282.752000	0.231005
282.816000	0.231005
282.880000	0.231005
282.944000	0.231005
283.008000	0.231005
283.072000	0.231005
283.136000	0.231005
283.200000	0.231005
283.264000	0.231005
283.328000	0.231005
283.392000	0.231005
283.456000	0.231005
283.520000	0.231005
283.584000	0.231005
283.648000	0.231005
283.712000	0.231005
283.776000	0.211005
283.840000	0.138058
283.904000	0.138058
283.968000	0.138058
284.032000	0.138058
284.096000	0.138058
284.160000	0.138058
284.224000	0.138058
284.288000	0.138058
284.352000	0.138058
284.416000	0.138058
284.480000	0.138058
284.544000	0.138058
284.608000	0.138058
284.672000	0.138058
284.736000	0.138058
284.800000	0.138058
284.864000	0.138058
284.928000	0.138058
284.992000	0.138058
285.056000	0.138058
285.120000	0.138058
285.184000	0.138058
285.248000	0.138058
285.312000	0.138058
285.376000	0.138058
285.440000	0.138058
285.504000	0.138058
285.568000	0.138058
285.632000	0.138058
285.696000	0.138058
285.760000	0.138058
285.824000	0.138058
285.888000	0.138058
285.952000	0.138058
286.016000	0.138058
286.080000	0.138058
286.144000	0.138058
286.208000	0.138058
286.272000	0.138058
286.336000	0.138058
286.400000	0.138058
286.464000	0.138058
286.528000	0.138058
286.592000	0.138058
286.656000	0.138058
286.720000	0.138058
286.784000	0.138058
286.848000	0.138058
286.912000	0.138058
286.976000	0.138058
287.040000	0.138058
287.104000	0.138058
287.168000	0.138058
287.232000	0.138058
287.296000	0.138058
287.360000	0.138058
287.424000	0.138058
287.488000	0.138058
287.552000	0.138058
287.616000	0.138058
287.680000	0.138058
287.744000	0.138058
287.808000	0.138058
287.872000	0.138058
287.936000	0.138058
288.000000	0.138058
288.064000	0.138058
288.128000	0.138058
288.192000	0.138058
288.256000	0.138058
288.320000	0.138058
288.384000	0.138058
288.448000	0.138058
288.512000	0.138058
288.576000	0.138058
288.640000	0.138058
288.704000	0.138058
288.768000	0.138058
288.832000	0.138058
288.896000	0.138058
288.960000	0.138058
289.024000	0.138058
289.088000	0.138058
289.152000	0.138058
289.216000	0.138058
289.280000	0.138058
289.344000	0.138058
289.408000	0.138058
289.472000	0.138058
289.536000	0.138058
289.600000	0.138058
289.664000	0.138058
289.728000	0.138058
289.792000	0.138058
289.856000	0.138058
289.920000	0.138058
289.984000	0.138058
290.048000	0.138058
290.112000	0.138058
290.176000	0.138058
290.240000	0.146066
290.304000	0.146066
290.368000	0.146066
290.432000	0.146066
290.496000	0.146066
290.560000	0.146066
290.624000	0.146066
290.688000	0.146066
290.752000	0.146066
290.816000	0.146066
290.880000	0.146066
290.944000	0.146066
291.008000	0.146066
291.072000	0.146066
291.136000	0.146066
291.200000	0.146066
291.264000	0.146066
291.328000	0.146066
291.392000	0.146066
291.456000	0.146066
291.520000	0.146066
291.584000	0.146066
291.648000	0.146066
291.712000	0.146066
291.776000	0.146066
291.840000	0.146066
291.904000	0.146066
291.968000	0.146066
292.032000	0.146066
292.096000	0.146066
292.160000	0.146066
292.224000	0.146066
292.288000	0.146066
292.352000	0.146066
292.416000	0.146066
292.480000	0.146066
292.544000	0.146066
292.608000	0.146066
292.672000	0.146066
292.736000	0.146066
292.800000	0.146066
292.864000	0.146066
292.928000	0.146066
292.992000	0.146066
293.056000	0.146066
293.120000	0.146066
293.184000	0.146066
293.248000	0.146066
293.312000	0.136568
293.376000	0.136568
293.440000	0.136568
293.504000	0.136568
293.568000	0.136568
293.632000	0.136568
293.696000	0.136568
293.760000	0.136568
293.824000	0.136568
293.888000	0.136568
293.952000	0.136568
294.016000	0.136568
294.080000	0.136568
294.144000	0.136568
294.208000	0.136568
294.272000	0.136568
294.336000	0.136568
294.400000	0.136568
294.464000	0.136568
294.528000	0.136568
294.592000	0.136568
294.656000	0.136568
294.720000	0.136568
294.784000	0.136568
294.848000	0.136568
294.912000	0.136568
294.976000	0.136568
295.040000	0.136568
295.104000	0.136568
295.168000	0.136568
295.232000	0.136568
295.296000	0.136568
295.360000	0.136568
295.424000	0.136568
295.488000	0.136568
295.552000	0.136568
295.616000	0.136568
295.680000	0.136568
295.744000	0.136568
295.808000	0.136568
295.872000	0.136568
295.936000	0.136568
296.000000	0.136568
296.064000	0.136568
296.128000	0.136568
296.192000	0.136568
296.256000	0.136568
296.320000	0.136568
296.384000	0.136568
296.448000	0.136568
296.512000	0.136568
296.576000	0.136568
296.640000	0.136568
296.704000	0.136568
296.768000	0.136568
296.832000	0.136568
296.896000	0.136568
296.960000	0.136568
297.024000	0.136568
297.088000	0.136568
297.152000	0.136568
297.216000	0.136568
297.280000	0.136568
297.344000	0.136568
297.408000	0.136568
297.472000	0.136568
297.536000	0.136568
297.600000	0.136568
297.664000	0.136568
297.728000	0.136568
297.792000	0.136568
297.856000	0.136568
297.920000	0.136568
297.984000	0.136568
298.048000	0.136568
298.112000	0.136568
298.176000	0.136568
298.240000	0.136568
298.304000	0.136568
298.368000	0.136568
298.432000	0.136568
298.496000	0.136568
298.560000	0.136568
298.624000	0.136568
298.688000	0.136568
298.752000	0.136568
298.816000	0.136568
298.880000	0.000009
298.944000	0.000009
299.008000	0.000009
299.072000	0.000009
299.136000	0.000009
299.200000	0.000006
299.264000	0.000006
299.328000	0.000006
299.392000	0.000006
299.456000	0.000006
299.520000	0.000006
299.584000	0.000006
299.648000	0.000003
299.712000	0.000000
299.776000	0.000000
299.840000	0.000000
299.904000	0.000000
299.968000	0.000000
300.032000	0.000000
300.096000	0.000000
300.160000	0.000000
300.224000	0.000000
300.288000	0.000000
300.352000	0.000000
300.416000	0.000000
300.480000	0.000000
300.544000	0.000000
300.608000	0.000000
300.672000	0.000000
300.736000	0.000000
300.800000	0.000000
300.864000	0.000000
300.928000	0.000000
300.992000	0.000000
301.056000	0.000000
301.120000	0.000000
301.184000	0.000000
301.248000	0.000000
301.312000	0.000000
301.376000	0.000000
301.440000	0.000000
301.504000	0.000000
301.568000	0.000000
301.632000	0.000000
301.696000	0.000000
301.760000	0.000000
301.824000	0.000000
301.888000	0.000000
301.952000	0.000000
302.016000	0.000000
302.080000	0.000000
302.144000	0.000000
302.208000	0.000000
302.272000	0.000000
302.336000	0.000000
302.400000	0.000000
302.464000	0.000000
302.528000	0.000000
302.592000	0.000000
302.656000	0.000000
302.720000	0.000000
302.784000	0.000000
302.848000	0.000000
