0.064000	0.000000
0.128000	0.000000
0.192000	0.000000
0.256000	0.000000
0.320000	0.000000
0.384000	0.000000
0.448000	0.000000
0.512000	0.000000
0.576000	0.000000
0.640000	0.000000
0.704000	0.000000
0.768000	0.000000
0.832000	0.000000
0.896000	0.000000
0.960000	0.000000
1.024000	0.000000
1.088000	0.000000
1.152000	0.000000
1.216000	0.000000
1.280000	0.000000
1.344000	0.000000
1.408000	0.000000
1.472000	0.000000
1.536000	0.000000
1.600000	0.000000
1.664000	0.000000
1.728000	0.000000
1.792000	0.000000
1.856000	0.000000
1.920000	0.000000
1.984000	0.000000
2.048000	0.000000
2.112000	0.000000
2.176000	0.000000
2.240000	0.000000
2.304000	0.000000
2.368000	0.000000
2.432000	0.000000
2.496000	0.000000
2.560000	0.000000
2.624000	0.000000
2.688000	0.000000
2.752000	0.000000
2.816000	0.000000
2.880000	0.000000
2.944000	0.000000
3.008000	0.000000
3.072000	0.000000
3.136000	0.000000
3.200000	0.000000
3.264000	0.190303
3.328000	0.190303
3.392000	0.190303
3.456000	0.190303
3.520000	0.190303
3.584000	0.190303
3.648000	0.190303
3.712000	0.190303
3.776000	0.190303
3.840000	0.190303
3.904000	0.183344
3.968000	0.183344
4.032000	0.183344
4.096000	0.183344
4.160000	0.183344
4.224000	0.183344
4.288000	0.183344
4.352000	0.183344
4.416000	0.183344
4.480000	0.183344
4.544000	0.183344
4.608000	0.183344
4.672000	0.183344
4.736000	0.162038
4.800000	0.066463
4.864000	0.066463
4.928000	0.066463
4.992000	0.066463
5.056000	0.066463
5.120000	0.066463
5.184000	0.066463
5.248000	0.066463
5.312000	0.066463
5.376000	0.066463
5.440000	0.066463
5.504000	0.066463
5.568000	0.066463
5.632000	0.066463
5.696000	0.066463
5.760000	0.066463
5.824000	0.066463
5.888000	0.066463
5.952000	0.066463
6.016000	0.066463
6.080000	0.066463
6.144000	0.066463
6.208000	0.066463
6.272000	0.066463
6.336000	0.066463
6.400000	0.066463
6.464000	0.066463
6.528000	0.066463
6.592000	0.066463
6.656000	0.066463
6.720000	0.066463
6.784000	0.066463
6.848000	0.066463
6.912000	0.066463
6.976000	0.066463
7.040000	0.066463
7.104000	0.066463
7.168000	0.066463
7.232000	0.066463
7.296000	0.066463
7.360000	0.066463
7.424000	0.066463
7.488000	0.066463
7.552000	0.066463
7.616000	0.066463
7.680000	0.066463
7.744000	0.066463
7.808000	0.066463
7.872000	0.066463
7.936000	0.066463
8.000000	0.066463
8.064000	0.066463
8.128000	0.066463
8.192000	0.066463
8.256000	0.066463
8.320000	0.066463
8.384000	0.066463
8.448000	0.066463
8.512000	0.066463
8.576000	0.066463
8.640000	0.066463
8.704000	0.066463
8.768000	0.066463
8.832000	0.066463
8.896000	0.066463
8.960000	0.066463
9.024000	0.066463
9.088000	0.066463
9.152000	0.066463
9.216000	0.066463
9.280000	0.066463
9.344000	0.066463
9.408000	0.066463
9.472000	0.066463
9.536000	0.066463
9.600000	0.066463
9.664000	0.066463
9.728000	0.066463
9.792000	0.066463
9.856000	0.066463
9.920000	0.066463
9.984000	0.066463
10.048000	0.066463
10.112000	0.066463
10.176000	0.066463
10.240000	0.066463
10.304000	0.066463
10.368000	0.066463
10.432000	0.066463
10.496000	0.066463
10.560000	0.066463
10.624000	0.066463
10.688000	0.066463
10.752000	0.066463
10.816000	0.066463
10.880000	0.066463
10.944000	0.066463
11.008000	0.066463
11.072000	0.066463
11.136000	0.066463
11.200000	0.075996
11.264000	0.075996
11.328000	0.075996
11.392000	0.075996
11.456000	0.075996
11.520000	0.075996
11.584000	0.075996
11.648000	0.075996
11.712000	0.075996
11.776000	0.075996
11.840000	0.075996
11.904000	0.075996
11.968000	0.075996
12.032000	0.075996
12.096000	0.075996
12.160000	0.075996
12.224000	0.075996
12.288000	0.075996
12.352000	0.075996
12.416000	0.075996
12.480000	0.075996
12.544000	0.075996
12.608000	0.075996
12.672000	0.075996
12.736000	0.075996
12.800000	0.075996
12.864000	0.075996
12.928000	0.075996
12.992000	0.075996
13.056000	0.075996
13.120000	0.075996
13.184000	0.075996
13.248000	0.075996
13.312000	0.075996
13.376000	0.075996
13.440000	0.075996
13.504000	0.075996
13.568000	0.075996
13.632000	0.075996
13.696000	0.075996
13.760000	0.075996
13.824000	0.075996
13.888000	0.075996
13.952000	0.075996
14.016000	0.075996
14.080000	0.075996
14.144000	0.075996
14.208000	0.075996
14.272000	0.075996
14.336000	0.075996
14.400000	0.075996
14.464000	0.075996
14.528000	0.075996
14.592000	0.075996
14.656000	0.075996
14.720000	0.075996
14.784000	0.075996
14.848000	0.075996
14.912000	0.075996
14.976000	0.075996
15.040000	0.075996
15.104000	0.075996
15.168000	0.075996
15.232000	0.075996
15.296000	0.075996
15.360000	0.075996
15.424000	0.075996
15.488000	0.075996
15.552000	0.075996
15.616000	0.075996
15.680000	0.070899
15.744000	0.070899
15.808000	0.070899
15.872000	0.070899
15.936000	0.070899
16.000000	0.070899
16.064000	0.070899
16.128000	0.070899
16.192000	0.070899
16.256000	0.070899
16.320000	0.070899
16.384000	0.070899
16.448000	0.070899
16.512000	0.070899
16.576000	0.070899
16.640000	0.070899
16.704000	0.070899
16.768000	0.070899
16.832000	0.070899
16.896000	0.070899
16.960000	0.070899
17.024000	0.070899
17.088000	0.070899
17.152000	0.070899
17.216000	0.070899
17.280000	0.070899
17.344000	0.070899
17.408000	0.070899
17.472000	0.070899
17.536000	0.070899
17.600000	0.070899
17.664000	0.070899
17.728000	0.070899
17.792000	0.070899
17.856000	0.070899
17.920000	0.070899
17.984000	0.070899
18.048000	0.070899
18.112000	0.070899
18.176000	0.070899
18.240000	0.070899
18.304000	0.070899
18.368000	0.070899
18.432000	0.070899
18.496000	0.070899
18.560000	0.070899
18.624000	0.070899
18.688000	0.070899
18.752000	0.070899
18.816000	0.070899
18.880000	0.070899
18.944000	0.070899
19.008000	0.070899
19.072000	0.070899
19.136000	0.070899
19.200000	0.070899
19.264000	0.070899
19.328000	0.070899
19.392000	0.070899
19.456000	0.070899
19.520000	0.070899
19.584000	0.070899
19.648000	0.070899
19.712000	0.070899
19.776000	0.070899
19.840000	0.070899
19.904000	0.070899
19.968000	0.070899
20.032000	0.070899
20.096000	0.070899
20.160000	0.070899
20.224000	0.070899
20.288000	0.070899
20.352000	0.070899
20.416000	0.070899
20.480000	0.070899
20.544000	0.070899
20.608000	0.070899
20.672000	0.070899
20.736000	0.070899
20.800000	0.070899
20.864000	0.070899
20.928000	0.070899
20.992000	0.070899
21.056000	0.070899
21.120000	0.070899
21.184000	0.070899
21.248000	0.070899
21.312000	0.070899
21.376000	0.070899
21.440000	0.070899
21.504000	0.070899
21.568000	0.070899
21.632000	0.070899
21.696000	0.070899
21.760000	0.070899
21.824000	0.070899
21.888000	0.070899
21.952000	0.070899
22.016000	0.070899
22.080000	0.113031
22.144000	0.113031
22.208000	0.113031
22.272000	0.113031
22.336000	0.113031
22.400000	0.113031
22.464000	0.113031
22.528000	0.113031
22.592000	0.113031
22.656000	0.113031
22.720000	0.113031
22.784000	0.113031
22.848000	0.113031
22.912000	0.113031
22.976000	0.113031
23.040000	0.113031
23.104000	0.113031
23.168000	0.113031
23.232000	0.113031
23.296000	0.113031
23.360000	0.113031
23.424000	0.113031
23.488000	0.113031
23.552000	0.113031
23.616000	0.113031
23.680000	0.113031
23.744000	0.113031
23.808000	0.113031
23.872000	0.113031
23.936000	0.113031
24.000000	0.113031
24.064000	0.113031
24.128000	0.113031
24.192000	0.113031
24.256000	0.113031
24.320000	0.113031
24.384000	0.113031
24.448000	0.113031
24.512000	0.113031
24.576000	0.113031
24.640000	0.113031
24.704000	0.113031
24.768000	0.113031
24.832000	0.113031
24.896000	0.113031
24.960000	0.113031
25.024000	0.113031
25.088000	0.113031
25.152000	0.113031
25.216000	0.113031
25.280000	0.113031
25.344000	0.113031
25.408000	0.113031
25.472000	0.113031
25.536000	0.113031
25.600000	0.113031
25.664000	0.113031
25.728000	0.113031
25.792000	0.135789
25.856000	0.135789
25.920000	0.135789
25.984000	0.135789
26.048000	0.135789
26.112000	0.135789
26.176000	0.135789
26.240000	0.135789
26.304000	0.135789
26.368000	0.135789
26.432000	0.135789
26.496000	0.135789
26.560000	0.135789
26.624000	0.135789
26.688000	0.135789
26.752000	0.135789
26.816000	0.135789
26.880000	0.135789
26.944000	0.135789
27.008000	0.135789
27.072000	0.135789
27.136000	0.135789
27.200000	0.132920
27.264000	0.132920
27.328000	0.132920
27.392000	0.132920
27.456000	0.132920
27.520000	0.132920
27.584000	0.132920
27.648000	0.132920
27.712000	0.132920
27.776000	0.132920
27.840000	0.132920
27.904000	0.132920
27.968000	0.132920
28.032000	0.132920
28.096000	0.132920
28.160000	0.132920
28.224000	0.132920
28.288000	0.132920
28.352000	0.132920
28.416000	0.132920
28.480000	0.132920
28.544000	0.132920
28.608000	0.132920
28.672000	0.132920
28.736000	0.132920
28.800000	0.132920
28.864000	0.132920
28.928000	0.132920
28.992000	0.132920
29.056000	0.132920
29.120000	0.132920
29.184000	0.132920
29.248000	0.132920
29.312000	0.132920
29.376000	0.132920
29.440000	0.132920
29.504000	0.132920
29.568000	0.132920
29.632000	0.132920
29.696000	0.132920
29.760000	0.132920
29.824000	0.132920
29.888000	0.132920
29.952000	0.132920
30.016000	0.132920
30.080000	0.132920
30.144000	0.132920
30.208000	0.132920
30.272000	0.132920
30.336000	0.132920
30.400000	0.132920
30.464000	0.132920
30.528000	0.132920
30.592000	0.132920
30.656000	0.132920
30.720000	0.132920
30.784000	0.132920
30.848000	0.132920
30.912000	0.132920
30.976000	0.132920
31.040000	0.132920
31.104000	0.132920
31.168000	0.132920
31.232000	0.132920
31.296000	0.132920
31.360000	0.132920
31.424000	0.132920
31.488000	0.132920
31.552000	0.132920
31.616000	0.132920
31.680000	0.132920
31.744000	0.132920
31.808000	0.132920
31.872000	0.132920
31.936000	0.132920
32.000000	0.132920
32.064000	0.132920
32.128000	0.132920
32.192000	0.132920
32.256000	0.132920
32.320000	0.132920
32.384000	0.132920
32.448000	0.132920
32.512000	0.132920
32.576000	0.132920
32.640000	0.132920
32.704000	0.132920
32.768000	0.132920
32.832000	0.132920
32.896000	0.132920
32.960000	0.132920
33.024000	0.132920
33.088000	0.132920
33.152000	0.132920
33.216000	0.132920
33.280000	0.132920
33.344000	0.132920
33.408000	0.132920
33.472000	0.132920
33.536000	0.132920
33.600000	0.195631
33.664000	0.195631
33.728000	0.195631
33.792000	0.195631
33.856000	0.132574
33.920000	0.132574
33.984000	0.132574
34.048000	0.132574
34.112000	0.132574
34.176000	0.132574
34.240000	0.132574
34.304000	0.132574
34.368000	0.132574
34.432000	0.132574
34.496000	0.132574
34.560000	0.132574
34.624000	0.132574
34.688000	0.132574
34.752000	0.132574
34.816000	0.132574
34.880000	0.132574
34.944000	0.132574
35.008000	0.132574
35.072000	0.132574
35.136000	0.132574
35.200000	0.132574
35.264000	0.132574
35.328000	0.132574
35.392000	0.132574
35.456000	0.132574
35.520000	0.132574
35.584000	0.132574
35.648000	0.132574
35.712000	0.129997
35.776000	0.122457
35.840000	0.122457
35.904000	0.122457
35.968000	0.122457
36.032000	0.122457
36.096000	0.122457
36.160000	0.122457
36.224000	0.122457
36.288000	0.122457
36.352000	0.122457
36.416000	0.122457
36.480000	0.122457
36.544000	0.122457
36.608000	0.122457
36.672000	0.122457
36.736000	0.122457
36.800000	0.122457
36.864000	0.122457
36.928000	0.122457
36.992000	0.122457
37.056000	0.122457
37.120000	0.122457
37.184000	0.122457
37.248000	0.122457
37.312000	0.122457
37.376000	0.122457
37.440000	0.122457
37.504000	0.122457
37.568000	0.122457
37.632000	0.122457
37.696000	0.122457
37.760000	0.122457
37.824000	0.122457
37.888000	0.122457
37.952000	0.122457
38.016000	0.122457
38.080000	0.122457
38.144000	0.122457
38.208000	0.122457
38.272000	0.122457
38.336000	0.122457
38.400000	0.122457
38.464000	0.122457
38.528000	0.122457
38.592000	0.122457
38.656000	0.122457
38.720000	0.122457
38.784000	0.122457
38.848000	0.122457
38.912000	0.122457
38.976000	0.122457
39.040000	0.122457
39.104000	0.122457
39.168000	0.122457
39.232000	0.122457
39.296000	0.122457
39.360000	0.122457
39.424000	0.122457
39.488000	0.122457
39.552000	0.122457
39.616000	0.122457
39.680000	0.122457
39.744000	0.122457
39.808000	0.122457
39.872000	0.122457
39.936000	0.122457
40.000000	0.122457
40.064000	0.122457
40.128000	0.122457
40.192000	0.122457
40.256000	0.122457
40.320000	0.122457
40.384000	0.122457
40.448000	0.122457
40.512000	0.122457
40.576000	0.122457
40.640000	0.122457
40.704000	0.122457
40.768000	0.122457
40.832000	0.122457
40.896000	0.122457
40.960000	0.122457
41.024000	0.122457
41.088000	0.122457
41.152000	0.122457
41.216000	0.122457
41.280000	0.122457
41.344000	0.122457
41.408000	0.122457
41.472000	0.122457
41.536000	0.122457
41.600000	0.122457
41.664000	0.122457
41.728000	0.122457
41.792000	0.122457
41.856000	0.122457
41.920000	0.122457
41.984000	0.122457
42.048000	0.122457
42.112000	0.122457
42.176000	0.156227
42.240000	0.156227
42.304000	0.156227
42.368000	0.156227
42.432000	0.156227
42.496000	0.156227
42.560000	0.156227
42.624000	0.156227
42.688000	0.156227
42.752000	0.156227
42.816000	0.156227
42.880000	0.156227
42.944000	0.156227
43.008000	0.156227
43.072000	0.156227
43.136000	0.156227
43.200000	0.156227
43.264000	0.156227
43.328000	0.156227
43.392000	0.156227
43.456000	0.156227
43.520000	0.156227
43.584000	0.156227
43.648000	0.156227
43.712000	0.156227
43.776000	0.156227
43.840000	0.156227
43.904000	0.156227
43.968000	0.156227
44.032000	0.156227
44.096000	0.156227
44.160000	0.156227
44.224000	0.156227
44.288000	0.156227
44.352000	0.156227
44.416000	0.156227
44.480000	0.156227
44.544000	0.156227
44.608000	0.156227
44.672000	0.156227
44.736000	0.156227
44.800000	0.156227
44.864000	0.156227
44.928000	0.156227
44.992000	0.156227
45.056000	0.156227
45.120000	0.156227
45.184000	0.156227
45.248000	0.156227
45.312000	0.156227
45.376000	0.156227
45.440000	0.156227
45.504000	0.156227
45.568000	0.148701
45.632000	0.148701
45.696000	0.148701
45.760000	0.148701
45.824000	0.148701
45.888000	0.148701
45.952000	0.148701
46.016000	0.148701
46.080000	0.148701
46.144000	0.148701
46.208000	0.148701
46.272000	0.148701
46.336000	0.148701
46.400000	0.148701
46.464000	0.148701
46.528000	0.148701
46.592000	0.148701
46.656000	0.148701
46.720000	0.148701
46.784000	0.148701
46.848000	0.148701
46.912000	0.148701
46.976000	0.148701
47.040000	0.148701
47.104000	0.148701
47.168000	0.148701
47.232000	0.148701
47.296000	0.148701
47.360000	0.148701
47.424000	0.148701
47.488000	0.148701
47.552000	0.148701
47.616000	0.148701
47.680000	0.148701
47.744000	0.148701
47.808000	0.148701
47.872000	0.148701
47.936000	0.148701
48.000000	0.148701
48.064000	0.148701
48.128000	0.148701
48.192000	0.148701
48.256000	0.148701
48.320000	0.148701
48.384000	0.148701
48.448000	0.148701
48.512000	0.148701
48.576000	0.116711
48.640000	0.116711
48.704000	0.116711
48.768000	0.116711
48.832000	0.116711
48.896000	0.116711
48.960000	0.116711
49.024000	0.116711
49.088000	0.116711
49.152000	0.116711
49.216000	0.116711
49.280000	0.116711
49.344000	0.116711
49.408000	0.116711
49.472000	0.116711
49.536000	0.116711
49.600000	0.116711
49.664000	0.116711
49.728000	0.116711
49.792000	0.116711
49.856000	0.116711
49.920000	0.116711
49.984000	0.116711
50.048000	0.116711
50.112000	0.116711
50.176000	0.116711
50.240000	0.116711
50.304000	0.116711
50.368000	0.116711
50.432000	0.116711
50.496000	0.116711
50.560000	0.116711
50.624000	0.116711
50.688000	0.116711
50.752000	0.116711
50.816000	0.116711
50.880000	0.116711
50.944000	0.116711
51.008000	0.116711
51.072000	0.116711
51.136000	0.116711
51.200000	0.116711
51.264000	0.116711
51.328000	0.116711
51.392000	0.116711
51.456000	0.116711
51.520000	0.116711
51.584000	0.116711
51.648000	0.116711
51.712000	0.116711
51.776000	0.116711
51.840000	0.116711
51.904000	0.116711
51.968000	0.116711
52.032000	0.116711
52.096000	0.116711
52.160000	0.116711
52.224000	0.116711
52.288000	0.116711
52.352000	0.116711
52.416000	0.116711
52.480000	0.116711
52.544000	0.116711
52.608000	0.116711
52.672000	0.116711
52.736000	0.116711
52.800000	0.116711
52.864000	0.116711
52.928000	0.116711
52.992000	0.116711
53.056000	0.116711
53.120000	0.116711
53.184000	0.116711
53.248000	0.116711
53.312000	0.116711
53.376000	0.116711
53.440000	0.116711
53.504000	0.116711
53.568000	0.116711
53.632000	0.116711
53.696000	0.116711
53.760000	0.116711
53.824000	0.116711
53.888000	0.116711
53.952000	0.116711
54.016000	0.116711
54.080000	0.116711
54.144000	0.116711
54.208000	0.116711
54.272000	0.116711
54.336000	0.116711
54.400000	0.116711
54.464000	0.116711
54.528000	0.116711
54.592000	0.116711
54.656000	0.116711
54.720000	0.116711
54.784000	0.116711
54.848000	0.116711
54.912000	0.116711
54.976000	0.223581
55.040000	0.259717
55.104000	0.259717
55.168000	0.259717
55.232000	0.259717
55.296000	0.259717
55.360000	0.259717
55.424000	0.259717
55.488000	0.259717
55.552000	0.259717
55.616000	0.259717
55.680000	0.259717
55.744000	0.259717
55.808000	0.259717
55.872000	0.259717
55.936000	0.259717
56.000000	0.259717
56.064000	0.259717
56.128000	0.259717
56.192000	0.259717
56.256000	0.252980
56.320000	0.252980
56.384000	0.252980
56.448000	0.252980
56.512000	0.252980
56.576000	0.252980
56.640000	0.252980
56.704000	0.252980
56.768000	0.252980
56.832000	0.252980
56.896000	0.252980
56.960000	0.252980
57.024000	0.252980
57.088000	0.252980
57.152000	0.252980
57.216000	0.252980
57.280000	0.252980
57.344000	0.252980
57.408000	0.252980
57.472000	0.252980
57.536000	0.252980
57.600000	0.252980
57.664000	0.252980
57.728000	0.252980
57.792000	0.252980
57.856000	0.252980
57.920000	0.252980
57.984000	0.252980
58.048000	0.252980
58.112000	0.252980
58.176000	0.252980
58.240000	0.252980
58.304000	0.252980
58.368000	0.252980
58.432000	0.252980
58.496000	0.252980
58.560000	0.252980
58.624000	0.252980
58.688000	0.252980
58.752000	0.252980
58.816000	0.252980
58.880000	0.252980
58.944000	0.252980
59.008000	0.252980
59.072000	0.252980
59.136000	0.252980
59.200000	0.252980
59.264000	0.252980
59.328000	0.252980
59.392000	0.252980
59.456000	0.252980
59.520000	0.252980
59.584000	0.252980
59.648000	0.252980
59.712000	0.252980
59.776000	0.252980
59.840000	0.252980
59.904000	0.252980
59.968000	0.252980
60.032000	0.252980
60.096000	0.252980
60.160000	0.252980
60.224000	0.252980
60.288000	0.252980
60.352000	0.252980
60.416000	0.252980
60.480000	0.252980
60.544000	0.252980
60.608000	0.252980
60.672000	0.252980
60.736000	0.252980
60.800000	0.252980
60.864000	0.252980
60.928000	0.252980
60.992000	0.252980
61.056000	0.252980
61.120000	0.252980
61.184000	0.252980
61.248000	0.252980
61.312000	0.252980
61.376000	0.252980
61.440000	0.252980
61.504000	0.252980
61.568000	0.252980
61.632000	0.252980
61.696000	0.252980
61.760000	0.252980
61.824000	0.252980
61.888000	0.252980
61.952000	0.252980
62.016000	0.252980
62.080000	0.252980
62.144000	0.252980
62.208000	0.252980
62.272000	0.252980
62.336000	0.252980
62.400000	0.252980
62.464000	0.252980
62.528000	0.252980
62.592000	0.252980
62.656000	0.255081
62.720000	0.255081
62.784000	0.255081
62.848000	0.255081
62.912000	0.255081
62.976000	0.255081
63.040000	0.255081
63.104000	0.255081
63.168000	0.255081
63.232000	0.255081
63.296000	0.255081
63.360000	0.255081
63.424000	0.255081
63.488000	0.255081
63.552000	0.255081
63.616000	0.255081
63.680000	0.255081
63.744000	0.255081
63.808000	0.255081
63.872000	0.255081
63.936000	0.255081
64.000000	0.255081
64.064000	0.255081
64.128000	0.255081
64.192000	0.255081
64.256000	0.255081
64.320000	0.255081
64.384000	0.255081
64.448000	0.255081
64.512000	0.255081
64.576000	0.255081
64.640000	0.255081
64.704000	0.255081
64.768000	0.255081
64.832000	0.255081
64.896000	0.255081
64.960000	0.255081
65.024000	0.255081
65.088000	0.255081
65.152000	0.255081
65.216000	0.255081
65.280000	0.255081
65.344000	0.255081
65.408000	0.255081
65.472000	0.255081
65.536000	0.255081
65.600000	0.255081
65.664000	0.255081
65.728000	0.255081
65.792000	0.255081
65.856000	0.255081
65.920000	0.255081
65.984000	0.255081
66.048000	0.255081
66.112000	0.255081
66.176000	0.255081
66.240000	0.255081
66.304000	0.255081
66.368000	0.255081
66.432000	0.255081
66.496000	0.255081
66.560000	0.255081
66.624000	0.255081
66.688000	0.255081
66.752000	0.255081
66.816000	0.255081
66.880000	0.255081
66.944000	0.255081
67.008000	0.265848
67.072000	0.316161
67.136000	0.316161
67.200000	0.316161
67.264000	0.316161
67.328000	0.316161
67.392000	0.316161
67.456000	0.316161
67.520000	0.316161
67.584000	0.320542
67.648000	0.320542
67.712000	0.320542
67.776000	0.320542
67.840000	0.320542
67.904000	0.320542
67.968000	0.320542
68.032000	0.320542
68.096000	0.320542
68.160000	0.320542
68.224000	0.320542
68.288000	0.320542
68.352000	0.320542
68.416000	0.320542
68.480000	0.374552
68.544000	0.374552
68.608000	0.374552
68.672000	0.374552
68.736000	0.374552
68.800000	0.374552
68.864000	0.374552
68.928000	0.374552
68.992000	0.374552
69.056000	0.374552
69.120000	0.374552
69.184000	0.374552
69.248000	0.374552
69.312000	0.374552
69.376000	0.374552
69.440000	0.374552
69.504000	0.374552
69.568000	0.374552
69.632000	0.374552
69.696000	0.374552
69.760000	0.374552
69.824000	0.374552
69.888000	0.374552
69.952000	0.374552
70.016000	0.399519
70.080000	0.399519
70.144000	0.399519
70.208000	0.399519
70.272000	0.399519
70.336000	0.399519
70.400000	0.399519
70.464000	0.399519
70.528000	0.399519
70.592000	0.399519
70.656000	0.399519
70.720000	0.418999
70.784000	0.418999
70.848000	0.418999
70.912000	0.418999
70.976000	0.418999
71.040000	0.418999
71.104000	0.418999
71.168000	0.418999
71.232000	0.418999
71.296000	0.418999
71.360000	0.418999
71.424000	0.418999
71.488000	0.418999
71.552000	0.418999
71.616000	0.418999
71.680000	0.418999
71.744000	0.418999
71.808000	0.418999
71.872000	0.418999
71.936000	0.418999
72.000000	0.418999
72.064000	0.418999
72.128000	0.418999
72.192000	0.418999
72.256000	0.418999
72.320000	0.418999
72.384000	0.418999
72.448000	0.418999
72.512000	0.418999
72.576000	0.418999
72.640000	0.418999
72.704000	0.418999
72.768000	0.418999
72.832000	0.418999
72.896000	0.418999
72.960000	0.418999
73.024000	0.418999
73.088000	0.418999
73.152000	0.418999
73.216000	0.418999
73.280000	0.418999
73.344000	0.358415
73.408000	0.358415
73.472000	0.358415
73.536000	0.358415
73.600000	0.358415
73.664000	0.358415
73.728000	0.358415
73.792000	0.358415
73.856000	0.358415
73.920000	0.358415
73.984000	0.358415
74.048000	0.358415
74.112000	0.358415
74.176000	0.358415
74.240000	0.358415
74.304000	0.358415
74.368000	0.358415
74.432000	0.358415
74.496000	0.358415
74.560000	0.358415
74.624000	0.358415
74.688000	0.358415
74.752000	0.358415
74.816000	0.358415
74.880000	0.358415
74.944000	0.358415
75.008000	0.358415
75.072000	0.358415
75.136000	0.358415
75.200000	0.358415
75.264000	0.358415
75.328000	0.358415
75.392000	0.358415
75.456000	0.358415
75.520000	0.358415
75.584000	0.358415
75.648000	0.358415
75.712000	0.358415
75.776000	0.358415
75.840000	0.358415
75.904000	0.358415
75.968000	0.358415
76.032000	0.358415
76.096000	0.358415
76.160000	0.358415
76.224000	0.358415
76.288000	0.358415
76.352000	0.358415
76.416000	0.358415
76.480000	0.358415
76.544000	0.358415
76.608000	0.358415
76.672000	0.358415
76.736000	0.358415
76.800000	0.358415
76.864000	0.358415
76.928000	0.358415
76.992000	0.358415
77.056000	0.358415
77.120000	0.358415
77.184000	0.358415
77.248000	0.358415
77.312000	0.358415
77.376000	0.358415
77.440000	0.358415
77.504000	0.358415
77.568000	0.358415
77.632000	0.217274
77.696000	0.217274
77.760000	0.217274
77.824000	0.217274
77.888000	0.217274
77.952000	0.217274
78.016000	0.217274
78.080000	0.217274
78.144000	0.217274
78.208000	0.217274
78.272000	0.217274
78.336000	0.217274
78.400000	0.217274
78.464000	0.217274
78.528000	0.217274
78.592000	0.217274
78.656000	0.217274
78.720000	0.217274
78.784000	0.217274
78.848000	0.217274
78.912000	0.217274
78.976000	0.217274
79.040000	0.217274
79.104000	0.217274
79.168000	0.217274
79.232000	0.169889
79.296000	0.169889
79.360000	0.143577
79.424000	0.143577
79.488000	0.143577
79.552000	0.143577
79.616000	0.143577
79.680000	0.143577
79.744000	0.143577
79.808000	0.143577
79.872000	0.143577
79.936000	0.143577
80.000000	0.143577
80.064000	0.143577
80.128000	0.143577
80.192000	0.143577
80.256000	0.143577
80.320000	0.143577
80.384000	0.143577
80.448000	0.143577
80.512000	0.143577
80.576000	0.143577
80.640000	0.143577
80.704000	0.143577
80.768000	0.143577
80.832000	0.143577
80.896000	0.143577
80.960000	0.143577
81.024000	0.143577
81.088000	0.143577
81.152000	0.143577
81.216000	0.143577
81.280000	0.143577
81.344000	0.143577
81.408000	0.143577
81.472000	0.143577
81.536000	0.143577
81.600000	0.143577
81.664000	0.143577
81.728000	0.143577
81.792000	0.143577
81.856000	0.143577
81.920000	0.143577
81.984000	0.143577
82.048000	0.143577
82.112000	0.143577
82.176000	0.143577
82.240000	0.143577
82.304000	0.143577
82.368000	0.143577
82.432000	0.143577
82.496000	0.143577
82.560000	0.143577
82.624000	0.143577
82.688000	0.143577
82.752000	0.143577
82.816000	0.143577
82.880000	0.143577
82.944000	0.143577
83.008000	0.143577
83.072000	0.143577
83.136000	0.143577
83.200000	0.143577
83.264000	0.143577
83.328000	0.143577
83.392000	0.143577
83.456000	0.143577
83.520000	0.143577
83.584000	0.143577
83.648000	0.143577
83.712000	0.143577
83.776000	0.143577
83.840000	0.143577
83.904000	0.143577
83.968000	0.143577
84.032000	0.143577
84.096000	0.143577
84.160000	0.143577
84.224000	0.143577
84.288000	0.143577
84.352000	0.143577
84.416000	0.143577
84.480000	0.143577
84.544000	0.143577
84.608000	0.143577
84.672000	0.143577
84.736000	0.143577
84.800000	0.143577
84.864000	0.143577
84.928000	0.143577
84.992000	0.143577
85.056000	0.143577
85.120000	0.143577
85.184000	0.143577
85.248000	0.143577
85.312000	0.143577
85.376000	0.143577
85.440000	0.143577
85.504000	0.143577
85.568000	0.143577
85.632000	0.143577
85.696000	0.143577
85.760000	0.143796
85.824000	0.143796
85.888000	0.143796
85.952000	0.143796
86.016000	0.143796
86.080000	0.143796
86.144000	0.143796
86.208000	0.143796
86.272000	0.143796
86.336000	0.143796
86.400000	0.143796
86.464000	0.143796
86.528000	0.143796
86.592000	0.143796
86.656000	0.143796
86.720000	0.143796
86.784000	0.143796
86.848000	0.143796
86.912000	0.143796
86.976000	0.143796
87.040000	0.143796
87.104000	0.143796
87.168000	0.143796
87.232000	0.143796
87.296000	0.143796
87.360000	0.143796
87.424000	0.143796
87.488000	0.143796
87.552000	0.143796
87.616000	0.143796
87.680000	0.143796
87.744000	0.143796
87.808000	0.143796
87.872000	0.143796
87.936000	0.143796
88.000000	0.143796
88.064000	0.143796
88.128000	0.143796
88.192000	0.143796
88.256000	0.143796
88.320000	0.143796
88.384000	0.143796
88.448000	0.143796
88.512000	0.143796
88.576000	0.143796
88.640000	0.143796
88.704000	0.143796
88.768000	0.143796
88.832000	0.143796
88.896000	0.143796
88.960000	0.143796
89.024000	0.143796
89.088000	0.143796
89.152000	0.143796
89.216000	0.143796
89.280000	0.143796
89.344000	0.143796
89.408000	0.143796
89.472000	0.143796
89.536000	0.143796
89.600000	0.143796
89.664000	0.150330
89.728000	0.175005
89.792000	0.175005
89.856000	0.175005
89.920000	0.190020
89.984000	0.224737
90.048000	0.224737
90.112000	0.224737
90.176000	0.224737
90.240000	0.224737
90.304000	0.224737
90.368000	0.224737
90.432000	0.224737
90.496000	0.132113
90.560000	0.132113
90.624000	0.132113
90.688000	0.132113
90.752000	0.132113
90.816000	0.132113
90.880000	0.132113
90.944000	0.132113
91.008000	0.132113
91.072000	0.132113
91.136000	0.132113
91.200000	0.132113
91.264000	0.132113
91.328000	0.132113
91.392000	0.132113
91.456000	0.132113
91.520000	0.132113
91.584000	0.132113
91.648000	0.132113
91.712000	0.132113
91.776000	0.132113
91.840000	0.132113
91.904000	0.132113
91.968000	0.132113
92.032000	0.132113
92.096000	0.132113
92.160000	0.132113
92.224000	0.132113
92.288000	0.132113
92.352000	0.132113
92.416000	0.132113
92.480000	0.132113
92.544000	0.132113
92.608000	0.132113
92.672000	0.132113
92.736000	0.132113
92.800000	0.132113
92.864000	0.132113
92.928000	0.132113
92.992000	0.132113
93.056000	0.132113
93.120000	0.132113
93.184000	0.132113
93.248000	0.132113
93.312000	0.132113
93.376000	0.132113
93.440000	0.132113
93.504000	0.132113
93.568000	0.132113
93.632000	0.132113
93.696000	0.132113
93.760000	0.132113
93.824000	0.132113
93.888000	0.132113
93.952000	0.132113
94.016000	0.132113
94.080000	0.132113
94.144000	0.132113
94.208000	0.132113
94.272000	0.132113
94.336000	0.132113
94.400000	0.132113
94.464000	0.132113
94.528000	0.132113
94.592000	0.132113
94.656000	0.132113
94.720000	0.132113
94.784000	0.132113
94.848000	0.132113
94.912000	0.132113
94.976000	0.132113
95.040000	0.132113
95.104000	0.132113
95.168000	0.132113
95.232000	0.132113
95.296000	0.132113
95.360000	0.132113
95.424000	0.132113
95.488000	0.132113
95.552000	0.132113
95.616000	0.132113
95.680000	0.132113
95.744000	0.132113
95.808000	0.132113
95.872000	0.132113
95.936000	0.132113
96.000000	0.132113
96.064000	0.132113
96.128000	0.132113
96.192000	0.132113
96.256000	0.132113
96.320000	0.132113
96.384000	0.132113
96.448000	0.132113
96.512000	0.132113
96.576000	0.132113
96.640000	0.132113
96.704000	0.132113
96.768000	0.132113
96.832000	0.132113
96.896000	0.152691
96.960000	0.152691
97.024000	0.152691
97.088000	0.152691
97.152000	0.152691
97.216000	0.152691
97.280000	0.152691
97.344000	0.152691
97.408000	0.152691
97.472000	0.152691
97.536000	0.152691
97.600000	0.152691
97.664000	0.152691
97.728000	0.152691
97.792000	0.152691
97.856000	0.152691
97.920000	0.152691
97.984000	0.152691
98.048000	0.152691
98.112000	0.152691
98.176000	0.152691
98.240000	0.152691
98.304000	0.152691
98.368000	0.152691
98.432000	0.152691
98.496000	0.152691
98.560000	0.152691
98.624000	0.152691
98.688000	0.152691
98.752000	0.152691
98.816000	0.152691
98.880000	0.152691
98.944000	0.152691
99.008000	0.152691
99.072000	0.152691
99.136000	0.152691
99.200000	0.152691
99.264000	0.152691
99.328000	0.152691
99.392000	0.152691
99.456000	0.152691
99.520000	0.152691
99.584000	0.152691
99.648000	0.152691
99.712000	0.152691
99.776000	0.149889
99.840000	0.149889
99.904000	0.149889
99.968000	0.149889
100.032000	0.149889
100.096000	0.149889
100.160000	0.149889
100.224000	0.149889
100.288000	0.149889
100.352000	0.149889
100.416000	0.149889
100.480000	0.149889
100.544000	0.149889
100.608000	0.149889
100.672000	0.149889
100.736000	0.149889
100.800000	0.149889
100.864000	0.149889
100.928000	0.149889
100.992000	0.149889
101.056000	0.149889
101.120000	0.149889
101.184000	0.149889
101.248000	0.149889
101.312000	0.149889
101.376000	0.149889
101.440000	0.149889
101.504000	0.149889
101.568000	0.149889
101.632000	0.149889
101.696000	0.149889
101.760000	0.149889
101.824000	0.149889
101.888000	0.149889
101.952000	0.149889
102.016000	0.149889
102.080000	0.149889
102.144000	0.149889
102.208000	0.149889
102.272000	0.149889
102.336000	0.149889
102.400000	0.149889
102.464000	0.149889
102.528000	0.149889
102.592000	0.149889
102.656000	0.149889
102.720000	0.149889
102.784000	0.149889
102.848000	0.149889
102.912000	0.149889
102.976000	0.149889
103.040000	0.149889
103.104000	0.149889
103.168000	0.149889
103.232000	0.149889
103.296000	0.149889
103.360000	0.149889
103.424000	0.149889
103.488000	0.149889
103.552000	0.149889
103.616000	0.149889
103.680000	0.149889
103.744000	0.149889
103.808000	0.149889
103.872000	0.149889
103.936000	0.149889
104.000000	0.149889
104.064000	0.149889
104.128000	0.149889
104.192000	0.149889
104.256000	0.149889
104.320000	0.149889
104.384000	0.149889
104.448000	0.149889
104.512000	0.149889
104.576000	0.149889
104.640000	0.149889
104.704000	0.149889
104.768000	0.149889
104.832000	0.149889
104.896000	0.149889
104.960000	0.149889
105.024000	0.149889
105.088000	0.149889
105.152000	0.149889
105.216000	0.149889
105.280000	0.149889
105.344000	0.149889
105.408000	0.149889
105.472000	0.149889
105.536000	0.149889
105.600000	0.149889
105.664000	0.149889
105.728000	0.149889
105.792000	0.149889
105.856000	0.149889
105.920000	0.149889
105.984000	0.149889
106.048000	0.149889
106.112000	0.149889
106.176000	0.168713
106.240000	0.168713
106.304000	0.168713
106.368000	0.168713
106.432000	0.168713
106.496000	0.168713
106.560000	0.168713
106.624000	0.168713
106.688000	0.168713
106.752000	0.168713
106.816000	0.168713
106.880000	0.168713
106.944000	0.168713
107.008000	0.168713
107.072000	0.168713
107.136000	0.168713
107.200000	0.168713
107.264000	0.168713
107.328000	0.168713
107.392000	0.168713
107.456000	0.168713
107.520000	0.168713
107.584000	0.168713
107.648000	0.168713
107.712000	0.168713
107.776000	0.211491
107.840000	0.211491
107.904000	0.211491
107.968000	0.211491
108.032000	0.211491
108.096000	0.211491
108.160000	0.211491
108.224000	0.211491
108.288000	0.211491
108.352000	0.211491
108.416000	0.211491
108.480000	0.211491
108.544000	0.211491
108.608000	0.211491
108.672000	0.211491
108.736000	0.211491
108.800000	0.227386
108.864000	0.227386
108.928000	0.227386
108.992000	0.227386
109.056000	0.227386
109.120000	0.227386
109.184000	0.227386
109.248000	0.227386
109.312000	0.227386
109.376000	0.227386
109.440000	0.227386
109.504000	0.227386
109.568000	0.227386
109.632000	0.227386
109.696000	0.227386
109.760000	0.227386
109.824000	0.227386
109.888000	0.227386
109.952000	0.227386
110.016000	0.227386
110.080000	0.227386
110.144000	0.227386
110.208000	0.227386
110.272000	0.227386
110.336000	0.227386
110.400000	0.227386
110.464000	0.227386
110.528000	0.227386
110.592000	0.227386
110.656000	0.227386
110.720000	0.227386
110.784000	0.227386
110.848000	0.227386
110.912000	0.227386
110.976000	0.227386
111.040000	0.227386
111.104000	0.227386
111.168000	0.227386
111.232000	0.227386
111.296000	0.227386
111.360000	0.227386
111.424000	0.227386
111.488000	0.227386
111.552000	0.227386
111.616000	0.227386
111.680000	0.227386
111.744000	0.227386
111.808000	0.227386
111.872000	0.227386
111.936000	0.227386
112.000000	0.227386
112.064000	0.227386
112.128000	0.227386
112.192000	0.227386
112.256000	0.227386
112.320000	0.227386
112.384000	0.227386
112.448000	0.227386
112.512000	0.227386
112.576000	0.227386
112.640000	0.227386
112.704000	0.227386
112.768000	0.227386
112.832000	0.227386
112.896000	0.227386
112.960000	0.227386
113.024000	0.227386
113.088000	0.227386
113.152000	0.227386
113.216000	0.227386
113.280000	0.227386
113.344000	0.227386
113.408000	0.227386
113.472000	0.227386
113.536000	0.227386
113.600000	0.227386
113.664000	0.227386
113.728000	0.227386
113.792000	0.227386
113.856000	0.227386
113.920000	0.227386
113.984000	0.227386
114.048000	0.227386
114.112000	0.227386
114.176000	0.227386
114.240000	0.227386
114.304000	0.227386
114.368000	0.227386
114.432000	0.227386
114.496000	0.227386
114.560000	0.227386
114.624000	0.227386
114.688000	0.227386
114.752000	0.292281
114.816000	0.292281
114.880000	0.292281
114.944000	0.284411
115.008000	0.162140
115.072000	0.162140
115.136000	0.162140
115.200000	0.162140
115.264000	0.162140
115.328000	0.162140
115.392000	0.162140
115.456000	0.162140
115.520000	0.162140
115.584000	0.162140
115.648000	0.162140
115.712000	0.162140
115.776000	0.162140
115.840000	0.162140
115.904000	0.162140
115.968000	0.162140
116.032000	0.162140
116.096000	0.162140
116.160000	0.162140
116.224000	0.162140
116.288000	0.162140
116.352000	0.162140
116.416000	0.162140
116.480000	0.162140
116.544000	0.162140
116.608000	0.162140
116.672000	0.162140
116.736000	0.162140
116.800000	0.162140
116.864000	0.162140
116.928000	0.162140
116.992000	0.162140
117.056000	0.162140
117.120000	0.162140
117.184000	0.162140
117.248000	0.162140
117.312000	0.162140
117.376000	0.162140
117.440000	0.162140
117.504000	0.162140
117.568000	0.162140
117.632000	0.162140
117.696000	0.162140
117.760000	0.162140
117.824000	0.162140
117.888000	0.162140
117.952000	0.162140
118.016000	0.162140
118.080000	0.162140
118.144000	0.162140
118.208000	0.162140
118.272000	0.162140
118.336000	0.162140
118.400000	0.162140
118.464000	0.162140
118.528000	0.162140
118.592000	0.162140
118.656000	0.162140
118.720000	0.162140
118.784000	0.162140
118.848000	0.162140
118.912000	0.162140
118.976000	0.162140
119.040000	0.162140
119.104000	0.162140
119.168000	0.162140
119.232000	0.162140
119.296000	0.162140
119.360000	0.162140
119.424000	0.162140
119.488000	0.162140
119.552000	0.162140
119.616000	0.162140
119.680000	0.162140
119.744000	0.162140
119.808000	0.162140
119.872000	0.162140
119.936000	0.162140
120.000000	0.162140
120.064000	0.162140
120.128000	0.162140
120.192000	0.162140
120.256000	0.162140
120.320000	0.162140
120.384000	0.162140
120.448000	0.162140
120.512000	0.162140
120.576000	0.162140
120.640000	0.162140
120.704000	0.162140
120.768000	0.162140
120.832000	0.162140
120.896000	0.162140
120.960000	0.162140
121.024000	0.162140
121.088000	0.162140
121.152000	0.162140
121.216000	0.162140
121.280000	0.162140
121.344000	0.162140
121.408000	0.296349
121.472000	0.379279
121.536000	0.379279
121.600000	0.379279
121.664000	0.379279
121.728000	0.379279
121.792000	0.379279
121.856000	0.379279
121.920000	0.379279
121.984000	0.379279
122.048000	0.379279
122.112000	0.379279
122.176000	0.379279
122.240000	0.379279
122.304000	0.379279
122.368000	0.379279
122.432000	0.379279
122.496000	0.379279
122.560000	0.379279
122.624000	0.379279
122.688000	0.379279
122.752000	0.379279
122.816000	0.379279
122.880000	0.379279
122.944000	0.379279
123.008000	0.379279
123.072000	0.379279
123.136000	0.379279
123.200000	0.379279
123.264000	0.379279
123.328000	0.379279
123.392000	0.379279
123.456000	0.379279
123.520000	0.379279
123.584000	0.379279
123.648000	0.379279
123.712000	0.379279
123.776000	0.379279
123.840000	0.379279
123.904000	0.379279
123.968000	0.379279
124.032000	0.379279
124.096000	0.392795
124.160000	0.392795
124.224000	0.392795
124.288000	0.392795
124.352000	0.392795
124.416000	0.392795
124.480000	0.484955
124.544000	0.484955
124.608000	0.484955
124.672000	0.484955
124.736000	0.484955
124.800000	0.484955
124.864000	0.484955
124.928000	0.484955
124.992000	0.484955
125.056000	0.366488
125.120000	0.366488
125.184000	0.366488
125.248000	0.366488
125.312000	0.366488
125.376000	0.366488
125.440000	0.366488
125.504000	0.366488
125.568000	0.366488
125.632000	0.366488
125.696000	0.366488
125.760000	0.366488
125.824000	0.366488
125.888000	0.366488
125.952000	0.366488
126.016000	0.366488
126.080000	0.366488
126.144000	0.366488
126.208000	0.366488
126.272000	0.366488
126.336000	0.366488
126.400000	0.366488
126.464000	0.366488
126.528000	0.366488
126.592000	0.366488
126.656000	0.366488
126.720000	0.366488
126.784000	0.366488
126.848000	0.366488
126.912000	0.366488
126.976000	0.366488
127.040000	0.366488
127.104000	0.366488
127.168000	0.366488
127.232000	0.366488
127.296000	0.366488
127.360000	0.366488
127.424000	0.366488
127.488000	0.366488
127.552000	0.366488
127.616000	0.366488
127.680000	0.366488
127.744000	0.366488
127.808000	0.366488
127.872000	0.366488
127.936000	0.366488
128.000000	0.366488
128.064000	0.366488
128.128000	0.366488
128.192000	0.366488
128.256000	0.366488
128.320000	0.366488
128.384000	0.366488
128.448000	0.366488
128.512000	0.366488
128.576000	0.366488
128.640000	0.366488
128.704000	0.366488
128.768000	0.366488
128.832000	0.366488
128.896000	0.366488
128.960000	0.366488
129.024000	0.366488
129.088000	0.366488
129.152000	0.366488
129.216000	0.366488
129.280000	0.366488
129.344000	0.366488
129.408000	0.366488
129.472000	0.366488
129.536000	0.366488
129.600000	0.366488
129.664000	0.366488
129.728000	0.366488
129.792000	0.366488
129.856000	0.366488
129.920000	0.366488
129.984000	0.366488
130.048000	0.366488
130.112000	0.366488
130.176000	0.366488
130.240000	0.366488
130.304000	0.366488
130.368000	0.366488
130.432000	0.366488
130.496000	0.366488
130.560000	0.366488
130.624000	0.366488
130.688000	0.366488
130.752000	0.366488
130.816000	0.366488
130.880000	0.366488
130.944000	0.366488
131.008000	0.366488
131.072000	0.366488
131.136000	0.366488
131.200000	0.366488
131.264000	0.366488
131.328000	0.366488
131.392000	0.366488
131.456000	0.442711
131.520000	0.442711
131.584000	0.442711
131.648000	0.442711
131.712000	0.442711
131.776000	0.442711
131.840000	0.442711
131.904000	0.442711
131.968000	0.442711
132.032000	0.442711
132.096000	0.442711
132.160000	0.442711
132.224000	0.442711
132.288000	0.442711
132.352000	0.442711
132.416000	0.442711
132.480000	0.442711
132.544000	0.442711
132.608000	0.442711
132.672000	0.442711
132.736000	0.442711
132.800000	0.442711
132.864000	0.442711
132.928000	0.442711
132.992000	0.442711
133.056000	0.442711
133.120000	0.442711
133.184000	0.442711
133.248000	0.442711
133.312000	0.442711
133.376000	0.442711
133.440000	0.435147
133.504000	0.435147
133.568000	0.435147
133.632000	0.435147
133.696000	0.435147
133.760000	0.435147
133.824000	0.435147
133.888000	0.435147
133.952000	0.368751
134.016000	0.368751
134.080000	0.368751
134.144000	0.368751
134.208000	0.368751
134.272000	0.368751
134.336000	0.368751
134.400000	0.368751
134.464000	0.368751
134.528000	0.368751
134.592000	0.368751
134.656000	0.368751
134.720000	0.368751
134.784000	0.368751
134.848000	0.368751
134.912000	0.368751
134.976000	0.368751
135.040000	0.368751
135.104000	0.368751
135.168000	0.368751
135.232000	0.368751
135.296000	0.368751
135.360000	0.368751
135.424000	0.368751
135.488000	0.368751
135.552000	0.368751
135.616000	0.368751
135.680000	0.368751
135.744000	0.368751
135.808000	0.368751
135.872000	0.368751
135.936000	0.368751
136.000000	0.368751
136.064000	0.368751
136.128000	0.368751
136.192000	0.368751
136.256000	0.368751
136.320000	0.368751
136.384000	0.368751
136.448000	0.368751
136.512000	0.368751
136.576000	0.368751
136.640000	0.368751
136.704000	0.368751
136.768000	0.368751
136.832000	0.368751
136.896000	0.368751
136.960000	0.368751
137.024000	0.368751
137.088000	0.368751
137.152000	0.368751
137.216000	0.368751
137.280000	0.368751
137.344000	0.368751
137.408000	0.368751
137.472000	0.368751
137.536000	0.368751
137.600000	0.368751
137.664000	0.368751
137.728000	0.368751
137.792000	0.368751
137.856000	0.368751
137.920000	0.368751
137.984000	0.368751
138.048000	0.368751
138.112000	0.368751
138.176000	0.368751
138.240000	0.368751
138.304000	0.368751
138.368000	0.368751
138.432000	0.368751
138.496000	0.368751
138.560000	0.368751
138.624000	0.368751
138.688000	0.368751
138.752000	0.368751
138.816000	0.368751
138.880000	0.368751
138.944000	0.368751
139.008000	0.368751
139.072000	0.368751
139.136000	0.368751
139.200000	0.368751
139.264000	0.368751
139.328000	0.368751
139.392000	0.368751
139.456000	0.368751
139.520000	0.368751
139.584000	0.368751
139.648000	0.368751
139.712000	0.368751
139.776000	0.368751
139.840000	0.368751
139.904000	0.368751
139.968000	0.368751
140.032000	0.368751
140.096000	0.368751
140.160000	0.368751
140.224000	0.368751
140.288000	0.368751
140.352000	0.529633
140.416000	0.529633
140.480000	0.529633
140.544000	0.529633
140.608000	0.529633
140.672000	0.529633
140.736000	0.529633
140.800000	0.529633
140.864000	0.529633
140.928000	0.529633
140.992000	0.529633
141.056000	0.529633
141.120000	0.529633
141.184000	0.529633
141.248000	0.529633
141.312000	0.529633
141.376000	0.529633
141.440000	0.529633
141.504000	0.529633
141.568000	0.529633
141.632000	0.529633
141.696000	0.529633
141.760000	0.529633
141.824000	0.529633
141.888000	0.529633
141.952000	0.529633
142.016000	0.529633
142.080000	0.529633
142.144000	0.529633
142.208000	0.529633
142.272000	0.529633
142.336000	0.529633
142.400000	0.529633
142.464000	0.529633
142.528000	0.529633
142.592000	0.529633
142.656000	0.529633
142.720000	0.529633
142.784000	0.529633
142.848000	0.529633
142.912000	0.529633
142.976000	0.529633
143.040000	0.529633
143.104000	0.529633
143.168000	0.529633
143.232000	0.529633
143.296000	0.529633
143.360000	0.529633
143.424000	0.529633
143.488000	0.529633
143.552000	0.529633
143.616000	0.529633
143.680000	0.529633
143.744000	0.529633
143.808000	0.529633
143.872000	0.529633
143.936000	0.529633
144.000000	0.529633
144.064000	0.529633
144.128000	0.529633
144.192000	0.529633
144.256000	0.529633
144.320000	0.529633
144.384000	0.529633
144.448000	0.529633
144.512000	0.529633
144.576000	0.529633
144.640000	0.529633
144.704000	0.529633
144.768000	0.529633
144.832000	0.529633
144.896000	0.529633
144.960000	0.529633
145.024000	0.529633
145.088000	0.529633
145.152000	0.529633
145.216000	0.529633
145.280000	0.529633
145.344000	0.529633
145.408000	0.529633
145.472000	0.529633
145.536000	0.529633
145.600000	0.529633
145.664000	0.529633
145.728000	0.626036
145.792000	0.626036
145.856000	0.626036
145.920000	0.626036
145.984000	0.626036
146.048000	0.626036
146.112000	0.626036
146.176000	0.510225
146.240000	0.510225
146.304000	0.510225
146.368000	0.510225
146.432000	0.510225
146.496000	0.510225
146.560000	0.510225
146.624000	0.510225
146.688000	0.510225
146.752000	0.510225
146.816000	0.510225
146.880000	0.510225
146.944000	0.510225
147.008000	0.510225
147.072000	0.510225
147.136000	0.510225
147.200000	0.510225
147.264000	0.510225
147.328000	0.510225
147.392000	0.510225
147.456000	0.510225
147.520000	0.510225
147.584000	0.510225
147.648000	0.419449
147.712000	0.419449
147.776000	0.419449
147.840000	0.419449
147.904000	0.419449
147.968000	0.419449
148.032000	0.419449
148.096000	0.419449
148.160000	0.419449
148.224000	0.419449
148.288000	0.419449
148.352000	0.419449
148.416000	0.419449
148.480000	0.419449
148.544000	0.419449
148.608000	0.419449
148.672000	0.319521
148.736000	0.319521
148.800000	0.319521
148.864000	0.319521
148.928000	0.319521
148.992000	0.319521
149.056000	0.319521
149.120000	0.319521
149.184000	0.319521
149.248000	0.319521
149.312000	0.319521
149.376000	0.319521
149.440000	0.319521
149.504000	0.319521
149.568000	0.319521
149.632000	0.319521
149.696000	0.319521
149.760000	0.319521
149.824000	0.319521
149.888000	0.319521
149.952000	0.319521
150.016000	0.319521
150.080000	0.319521
150.144000	0.319521
150.208000	0.319521
150.272000	0.319521
150.336000	0.319521
150.400000	0.319521
150.464000	0.319521
150.528000	0.319521
150.592000	0.319521
150.656000	0.319521
150.720000	0.319521
150.784000	0.319521
150.848000	0.319521
150.912000	0.319521
150.976000	0.319521
151.040000	0.319521
151.104000	0.319521
151.168000	0.319521
151.232000	0.319521
151.296000	0.319521
151.360000	0.319521
151.424000	0.319521
151.488000	0.319521
151.552000	0.319521
151.616000	0.319521
151.680000	0.319521
151.744000	0.319521
151.808000	0.319521
151.872000	0.319521
151.936000	0.319521
152.000000	0.319521
152.064000	0.319521
152.128000	0.319521
152.192000	0.319521
152.256000	0.319521
152.320000	0.319521
152.384000	0.319521
152.448000	0.310979
152.512000	0.310979
152.576000	0.310979
152.640000	0.310979
152.704000	0.310979
152.768000	0.310979
152.832000	0.310979
152.896000	0.310979
152.960000	0.310979
153.024000	0.310979
153.088000	0.310979
153.152000	0.310979
153.216000	0.310979
153.280000	0.310979
153.344000	0.310979
153.408000	0.285385
153.472000	0.285385
153.536000	0.285385
153.600000	0.285385
153.664000	0.285385
153.728000	0.285385
153.792000	0.285385
153.856000	0.285385
153.920000	0.285385
153.984000	0.285385
154.048000	0.285385
154.112000	0.285385
154.176000	0.285385
154.240000	0.285385
154.304000	0.285385
154.368000	0.285385
154.432000	0.285385
154.496000	0.285385
154.560000	0.285385
154.624000	0.285385
154.688000	0.285385
154.752000	0.285385
154.816000	0.285385
154.880000	0.285385
154.944000	0.285385
155.008000	0.285385
155.072000	0.285385
155.136000	0.285385
155.200000	0.285385
155.264000	0.285385
155.328000	0.285385
155.392000	0.285385
155.456000	0.285385
155.520000	0.285385
155.584000	0.285385
155.648000	0.285385
155.712000	0.285385
155.776000	0.285385
155.840000	0.285385
155.904000	0.285385
155.968000	0.285385
156.032000	0.285385
156.096000	0.285385
156.160000	0.285385
156.224000	0.285385
156.288000	0.285385
156.352000	0.285385
156.416000	0.285385
156.480000	0.285385
156.544000	0.285385
156.608000	0.285385
156.672000	0.285385
156.736000	0.285385
156.800000	0.285385
156.864000	0.285385
156.928000	0.285385
156.992000	0.285385
157.056000	0.285385
157.120000	0.285385
157.184000	0.285385
157.248000	0.285385
157.312000	0.285385
157.376000	0.285385
157.440000	0.285385
157.504000	0.285385
157.568000	0.285385
157.632000	0.285385
157.696000	0.212603
157.760000	0.212603
157.824000	0.212603
157.888000	0.212603
157.952000	0.212603
158.016000	0.212603
158.080000	0.212603
158.144000	0.212603
158.208000	0.212603
158.272000	0.212603
158.336000	0.212603
158.400000	0.212603
158.464000	0.212603
158.528000	0.212603
158.592000	0.212603
158.656000	0.212603
158.720000	0.212603
158.784000	0.212603
158.848000	0.212603
158.912000	0.212603
158.976000	0.212603
159.040000	0.212603
159.104000	0.212603
159.168000	0.212603
159.232000	0.212603
159.296000	0.212603
159.360000	0.212603
159.424000	0.212603
159.488000	0.212603
159.552000	0.212603
159.616000	0.212603
159.680000	0.212603
159.744000	0.212603
159.808000	0.212603
159.872000	0.212603
159.936000	0.212603
160.000000	0.212603
160.064000	0.212603
160.128000	0.212603
160.192000	0.212603
160.256000	0.212603
160.320000	0.212603
160.384000	0.212603
160.448000	0.212603
160.512000	0.212603
160.576000	0.212603
160.640000	0.212603
160.704000	0.212603
160.768000	0.212603
160.832000	0.212603
160.896000	0.212603
160.960000	0.212603
161.024000	0.212603
161.088000	0.212603
161.152000	0.212603
161.216000	0.212603
161.280000	0.212603
161.344000	0.212603
161.408000	0.212603
161.472000	0.212603
161.536000	0.212603
161.600000	0.212603
161.664000	0.212603
161.728000	0.212603
161.792000	0.212603
161.856000	0.212603
161.920000	0.212603
161.984000	0.212603
162.048000	0.212603
162.112000	0.212603
162.176000	0.212603
162.240000	0.212603
162.304000	0.212603
162.368000	0.212603
162.432000	0.212603
162.496000	0.212603
162.560000	0.212603
162.624000	0.212603
162.688000	0.212603
162.752000	0.212603
162.816000	0.212603
162.880000	0.212603
162.944000	0.212603
163.008000	0.212603
163.072000	0.212603
163.136000	0.212603
163.200000	0.212603
163.264000	0.212603
163.328000	0.212603
163.392000	0.212603
163.456000	0.212603
163.520000	0.212603
163.584000	0.212603
163.648000	0.212603
163.712000	0.212603
163.776000	0.212603
163.840000	0.212603
163.904000	0.212603
163.968000	0.212603
164.032000	0.212603
164.096000	0.215721
164.160000	0.215721
164.224000	0.215721
164.288000	0.215721
164.352000	0.215721
164.416000	0.215721
164.480000	0.215721
164.544000	0.215721
164.608000	0.151294
164.672000	0.151294
164.736000	0.151294
164.800000	0.151294
164.864000	0.151294
164.928000	0.151294
164.992000	0.151294
165.056000	0.151294
165.120000	0.151294
165.184000	0.151294
165.248000	0.151294
165.312000	0.151294
165.376000	0.151294
165.440000	0.151294
165.504000	0.151294
165.568000	0.151294
165.632000	0.151294
165.696000	0.151294
165.760000	0.151294
165.824000	0.151294
165.888000	0.151294
165.952000	0.151294
166.016000	0.151294
166.080000	0.151294
166.144000	0.151294
166.208000	0.151294
166.272000	0.151294
166.336000	0.151294
166.400000	0.151294
166.464000	0.151294
166.528000	0.151294
166.592000	0.151294
166.656000	0.151294
166.720000	0.151294
166.784000	0.151294
166.848000	0.151294
166.912000	0.151294
166.976000	0.151294
167.040000	0.151294
167.104000	0.151294
167.168000	0.151294
167.232000	0.151294
167.296000	0.151294
167.360000	0.151294
167.424000	0.151294
167.488000	0.151294
167.552000	0.151294
167.616000	0.151294
167.680000	0.151294
167.744000	0.151294
167.808000	0.151294
167.872000	0.151294
167.936000	0.151294
168.000000	0.151294
168.064000	0.151294
168.128000	0.151294
168.192000	0.151294
168.256000	0.151294
168.320000	0.151294
168.384000	0.151294
168.448000	0.151294
168.512000	0.151294
168.576000	0.151294
168.640000	0.151294
168.704000	0.151294
168.768000	0.151294
168.832000	0.151294
168.896000	0.151294
168.960000	0.151294
169.024000	0.151294
169.088000	0.151294
169.152000	0.151294
169.216000	0.151294
169.280000	0.151294
169.344000	0.151294
169.408000	0.151294
169.472000	0.151294
169.536000	0.151294
169.600000	0.151294
169.664000	0.151294
169.728000	0.151294
169.792000	0.151294
169.856000	0.151294
169.920000	0.151294
169.984000	0.151294
170.048000	0.151294
170.112000	0.151294
170.176000	0.151294
170.240000	0.151294
170.304000	0.151294
170.368000	0.151294
170.432000	0.151294
170.496000	0.151294
170.560000	0.151294
170.624000	0.151294
170.688000	0.151294
170.752000	0.151294
170.816000	0.151294
170.880000	0.151294
170.944000	0.151294
171.008000	0.214660
171.072000	0.214660
171.136000	0.214660
171.200000	0.214660
171.264000	0.214660
171.328000	0.214660
171.392000	0.214660
171.456000	0.214660
171.520000	0.214660
171.584000	0.214660
171.648000	0.214660
171.712000	0.214660
171.776000	0.214660
171.840000	0.214660
171.904000	0.214660
171.968000	0.214660
172.032000	0.214660
172.096000	0.214660
172.160000	0.214660
172.224000	0.214660
172.288000	0.214660
172.352000	0.214660
172.416000	0.214660
172.480000	0.214660
172.544000	0.214660
172.608000	0.214660
172.672000	0.214660
172.736000	0.214660
172.800000	0.214660
172.864000	0.214660
172.928000	0.214660
172.992000	0.214660
173.056000	0.214660
173.120000	0.214660
173.184000	0.214660
173.248000	0.214660
173.312000	0.214660
173.376000	0.214660
173.440000	0.214660
173.504000	0.214660
173.568000	0.214660
173.632000	0.214660
173.696000	0.214660
173.760000	0.214660
173.824000	0.214660
173.888000	0.214660
173.952000	0.214660
174.016000	0.214660
174.080000	0.214660
174.144000	0.214660
174.208000	0.214660
174.272000	0.214660
174.336000	0.214660
174.400000	0.214660
174.464000	0.214660
174.528000	0.214660
174.592000	0.214660
174.656000	0.214660
174.720000	0.214660
174.784000	0.214660
174.848000	0.214660
174.912000	0.214660
174.976000	0.214660
175.040000	0.214660
175.104000	0.214660
175.168000	0.214660
175.232000	0.116874
175.296000	0.116874
175.360000	0.116874
175.424000	0.116874
175.488000	0.116874
175.552000	0.116874
175.616000	0.116874
175.680000	0.116874
175.744000	0.116874
175.808000	0.116874
175.872000	0.116874
175.936000	0.116874
176.000000	0.116874
176.064000	0.116874
176.128000	0.116874
176.192000	0.116874
176.256000	0.116874
176.320000	0.116874
176.384000	0.116874
176.448000	0.116874
176.512000	0.116874
176.576000	0.116874
176.640000	0.116874
176.704000	0.116874
176.768000	0.116874
176.832000	0.116874
176.896000	0.116874
176.960000	0.116874
177.024000	0.116874
177.088000	0.116874
177.152000	0.116874
177.216000	0.116874
177.280000	0.116874
177.344000	0.116874
177.408000	0.116874
177.472000	0.116874
177.536000	0.116874
177.600000	0.116874
177.664000	0.116874
177.728000	0.116874
177.792000	0.116874
177.856000	0.116874
177.920000	0.116874
177.984000	0.116874
178.048000	0.116874
178.112000	0.116874
178.176000	0.116874
178.240000	0.116874
178.304000	0.116874
178.368000	0.116874
178.432000	0.116874
178.496000	0.116874
178.560000	0.116874
178.624000	0.116874
178.688000	0.116874
178.752000	0.116874
178.816000	0.116874
178.880000	0.116874
178.944000	0.116874
179.008000	0.116874
179.072000	0.116874
179.136000	0.116874
179.200000	0.116874
179.264000	0.116874
179.328000	0.116874
179.392000	0.116874
179.456000	0.116874
179.520000	0.116874
179.584000	0.116874
179.648000	0.116874
179.712000	0.116874
179.776000	0.116874
179.840000	0.116874
179.904000	0.116874
179.968000	0.116874
180.032000	0.116874
180.096000	0.116874
180.160000	0.116874
180.224000	0.116874
180.288000	0.116874
180.352000	0.116874
180.416000	0.116874
180.480000	0.116874
180.544000	0.116874
180.608000	0.116874
180.672000	0.116874
180.736000	0.116874
180.800000	0.116874
180.864000	0.116874
180.928000	0.116874
180.992000	0.116874
181.056000	0.116874
181.120000	0.116874
181.184000	0.116874
181.248000	0.116874
181.312000	0.116874
181.376000	0.116874
181.440000	0.116874
181.504000	0.116874
181.568000	0.116874
181.632000	0.174453
181.696000	0.174453
181.760000	0.174453
181.824000	0.174453
181.888000	0.174453
181.952000	0.174453
182.016000	0.174453
182.080000	0.174453
182.144000	0.174453
182.208000	0.174453
182.272000	0.174453
182.336000	0.174453
182.400000	0.174453
182.464000	0.174453
182.528000	0.142704
182.592000	0.142704
182.656000	0.142704
182.720000	0.142704
182.784000	0.142704
182.848000	0.142704
182.912000	0.142704
182.976000	0.142704
183.040000	0.142704
183.104000	0.142704
183.168000	0.142704
183.232000	0.142704
183.296000	0.142704
183.360000	0.142704
183.424000	0.142704
183.488000	0.142704
183.552000	0.142704
183.616000	0.142704
183.680000	0.142704
183.744000	0.142704
183.808000	0.142704
183.872000	0.142704
183.936000	0.142704
184.000000	0.142704
184.064000	0.142704
184.128000	0.142704
184.192000	0.142704
184.256000	0.142704
184.320000	0.142704
184.384000	0.142704
184.448000	0.142704
184.512000	0.142704
184.576000	0.142704
184.640000	0.142704
184.704000	0.142704
184.768000	0.142704
184.832000	0.142704
184.896000	0.142704
184.960000	0.142704
185.024000	0.142704
185.088000	0.142704
185.152000	0.142704
185.216000	0.142704
185.280000	0.142704
185.344000	0.142704
185.408000	0.142704
185.472000	0.142704
185.536000	0.142704
185.600000	0.142704
185.664000	0.142704
185.728000	0.142704
185.792000	0.142704
185.856000	0.142704
185.920000	0.142704
185.984000	0.142704
186.048000	0.142704
186.112000	0.142704
186.176000	0.142704
186.240000	0.142704
186.304000	0.142704
186.368000	0.142704
186.432000	0.142704
186.496000	0.142704
186.560000	0.142704
186.624000	0.142704
186.688000	0.142704
186.752000	0.142704
186.816000	0.142704
186.880000	0.142704
186.944000	0.142704
187.008000	0.142704
187.072000	0.142704
187.136000	0.142704
187.200000	0.142704
187.264000	0.142704
187.328000	0.142704
187.392000	0.142704
187.456000	0.142704
187.520000	0.142704
187.584000	0.142704
187.648000	0.142704
187.712000	0.142704
187.776000	0.142704
187.840000	0.142704
187.904000	0.142704
187.968000	0.142704
188.032000	0.142704
188.096000	0.142704
188.160000	0.142704
188.224000	0.142704
188.288000	0.142704
188.352000	0.142704
188.416000	0.142704
188.480000	0.142704
188.544000	0.142704
188.608000	0.114712
188.672000	0.114712
188.736000	0.114712
188.800000	0.114712
188.864000	0.114712
188.928000	0.114712
188.992000	0.114712
189.056000	0.114712
189.120000	0.114712
189.184000	0.114712
189.248000	0.114712
189.312000	0.114712
189.376000	0.114712
189.440000	0.114712
189.504000	0.114712
189.568000	0.114712
189.632000	0.114712
189.696000	0.114712
189.760000	0.114712
189.824000	0.114712
189.888000	0.114712
189.952000	0.114712
190.016000	0.114712
190.080000	0.114712
190.144000	0.114712
190.208000	0.114712
190.272000	0.114712
190.336000	0.114712
190.400000	0.114712
190.464000	0.114712
190.528000	0.114712
190.592000	0.114712
190.656000	0.114712
190.720000	0.114712
190.784000	0.114712
190.848000	0.114712
190.912000	0.114712
190.976000	0.114712
191.040000	0.114712
191.104000	0.114712
191.168000	0.114712
191.232000	0.114712
191.296000	0.114712
191.360000	0.114712
191.424000	0.114712
191.488000	0.114712
191.552000	0.114712
191.616000	0.114712
191.680000	0.114712
191.744000	0.114712
191.808000	0.114712
191.872000	0.114712
191.936000	0.114712
192.000000	0.114712
192.064000	0.114712
192.128000	0.114712
192.192000	0.114712
192.256000	0.114712
192.320000	0.114712
192.384000	0.114712
192.448000	0.114712
192.512000	0.114712
192.576000	0.114712
192.640000	0.114712
192.704000	0.114712
192.768000	0.114712
192.832000	0.114712
192.896000	0.114712
192.960000	0.114712
193.024000	0.114712
193.088000	0.114712
193.152000	0.114712
193.216000	0.114712
193.280000	0.114712
193.344000	0.114712
193.408000	0.114712
193.472000	0.114712
193.536000	0.114712
193.600000	0.114712
193.664000	0.114712
193.728000	0.114712
193.792000	0.114712
193.856000	0.114712
193.920000	0.114712
193.984000	0.114712
194.048000	0.114712
194.112000	0.114712
194.176000	0.114712
194.240000	0.114712
194.304000	0.114712
194.368000	0.114712
194.432000	0.114712
194.496000	0.114712
194.560000	0.114712
194.624000	0.114712
194.688000	0.114712
194.752000	0.114712
194.816000	0.114712
194.880000	0.114712
194.944000	0.114712
195.008000	0.194800
195.072000	0.194800
195.136000	0.194800
195.200000	0.194800
195.264000	0.194800
195.328000	0.194800
195.392000	0.194800
195.456000	0.194800
195.520000	0.194800
195.584000	0.194800
195.648000	0.194800
195.712000	0.194800
195.776000	0.194800
195.840000	0.194800
195.904000	0.194800
195.968000	0.194800
196.032000	0.194800
196.096000	0.194800
196.160000	0.194800
196.224000	0.194800
196.288000	0.194800
196.352000	0.194800
196.416000	0.194800
196.480000	0.204465
196.544000	0.204465
196.608000	0.204465
196.672000	0.204465
196.736000	0.204465
196.800000	0.204465
196.864000	0.204465
196.928000	0.204465
196.992000	0.204465
197.056000	0.204465
197.120000	0.204465
197.184000	0.204465
197.248000	0.204465
197.312000	0.204465
197.376000	0.204465
197.440000	0.204465
197.504000	0.204465
197.568000	0.204465
197.632000	0.204465
197.696000	0.204465
197.760000	0.204465
197.824000	0.204465
197.888000	0.204465
197.952000	0.204465
198.016000	0.204465
198.080000	0.204465
198.144000	0.204465
198.208000	0.204465
198.272000	0.204465
198.336000	0.216846
198.400000	0.216846
198.464000	0.216846
198.528000	0.216846
198.592000	0.216846
198.656000	0.216846
198.720000	0.216846
198.784000	0.216846
198.848000	0.216846
198.912000	0.216846
198.976000	0.216846
199.040000	0.216846
199.104000	0.216846
199.168000	0.216846
199.232000	0.216846
199.296000	0.216846
199.360000	0.216846
199.424000	0.216846
199.488000	0.216846
199.552000	0.216846
199.616000	0.216846
199.680000	0.216846
199.744000	0.216846
199.808000	0.216846
199.872000	0.236962
199.936000	0.236962
200.000000	0.236962
200.064000	0.236962
200.128000	0.236962
200.192000	0.236962
200.256000	0.236962
200.320000	0.236962
200.384000	0.226146
200.448000	0.226146
200.512000	0.226146
200.576000	0.226146
200.640000	0.226146
200.704000	0.226146
200.768000	0.226146
200.832000	0.226146
200.896000	0.226146
200.960000	0.226146
201.024000	0.226146
201.088000	0.226146
201.152000	0.226146
201.216000	0.226146
201.280000	0.226146
201.344000	0.226146
201.408000	0.226146
201.472000	0.226146
201.536000	0.226146
201.600000	0.197279
201.664000	0.197279
201.728000	0.197279
201.792000	0.197279
201.856000	0.197279
201.920000	0.197279
201.984000	0.197279
202.048000	0.197279
202.112000	0.197279
202.176000	0.197279
202.240000	0.197279
202.304000	0.197279
202.368000	0.197279
202.432000	0.197279
202.496000	0.197279
202.560000	0.197279
202.624000	0.197279
202.688000	0.197279
202.752000	0.197279
202.816000	0.197279
202.880000	0.197279
202.944000	0.197279
203.008000	0.197279
203.072000	0.197279
203.136000	0.197279
203.200000	0.197279
203.264000	0.197279
203.328000	0.197279
203.392000	0.197279
203.456000	0.197279
203.520000	0.197279
203.584000	0.197279
203.648000	0.197279
203.712000	0.197279
203.776000	0.197279
203.840000	0.197279
203.904000	0.197279
203.968000	0.197279
204.032000	0.197279
204.096000	0.197279
204.160000	0.197279
204.224000	0.197279
204.288000	0.197279
204.352000	0.197279
204.416000	0.197279
204.480000	0.197279
204.544000	0.197279
204.608000	0.197279
204.672000	0.197279
204.736000	0.197279
204.800000	0.109540
204.864000	0.109540
204.928000	0.109540
204.992000	0.109540
205.056000	0.109540
205.120000	0.109540
205.184000	0.109540
205.248000	0.109540
205.312000	0.109540
205.376000	0.109540
205.440000	0.109540
205.504000	0.109540
205.568000	0.109540
205.632000	0.109540
205.696000	0.109540
205.760000	0.109540
205.824000	0.109540
205.888000	0.109540
205.952000	0.109540
206.016000	0.109540
206.080000	0.109540
206.144000	0.109540
206.208000	0.109540
206.272000	0.109540
206.336000	0.109540
206.400000	0.109540
206.464000	0.109540
206.528000	0.109540
206.592000	0.109540
206.656000	0.109540
206.720000	0.109540
206.784000	0.109540
206.848000	0.109540
206.912000	0.109540
206.976000	0.109540
207.040000	0.109540
207.104000	0.109540
207.168000	0.109540
207.232000	0.109540
207.296000	0.109540
207.360000	0.109540
207.424000	0.109540
207.488000	0.109540
207.552000	0.109540
207.616000	0.109540
207.680000	0.109540
207.744000	0.109540
207.808000	0.109540
207.872000	0.109540
207.936000	0.109540
208.000000	0.109540
208.064000	0.109540
208.128000	0.109540
208.192000	0.109540
208.256000	0.109540
208.320000	0.109540
208.384000	0.109540
208.448000	0.109540
208.512000	0.109540
208.576000	0.109540
208.640000	0.109540
208.704000	0.109540
208.768000	0.109540
208.832000	0.109540
208.896000	0.109540
208.960000	0.109540
209.024000	0.109540
209.088000	0.109540
209.152000	0.109540
209.216000	0.109540
209.280000	0.109540
209.344000	0.109540
209.408000	0.109540
209.472000	0.109540
209.536000	0.109540
209.600000	0.109540
209.664000	0.109540
209.728000	0.109540
209.792000	0.109540
209.856000	0.109540
209.920000	0.109540
209.984000	0.109540
210.048000	0.109540
210.112000	0.109540
210.176000	0.109540
210.240000	0.109540
210.304000	0.109540
210.368000	0.109540
210.432000	0.109540
210.496000	0.109540
210.560000	0.109540
210.624000	0.109540
210.688000	0.109540
210.752000	0.109540
210.816000	0.109540
210.880000	0.109540
210.944000	0.109540
211.008000	0.109540
211.072000	0.109540
211.136000	0.109540
211.200000	0.198756
211.264000	0.198756
211.328000	0.198756
211.392000	0.198756
211.456000	0.198756
211.520000	0.198756
211.584000	0.198756
211.648000	0.198756
211.712000	0.198756
211.776000	0.198756
211.840000	0.198756
211.904000	0.198756
211.968000	0.198756
212.032000	0.198756
212.096000	0.198756
212.160000	0.198756
212.224000	0.204254
212.288000	0.204254
212.352000	0.204254
212.416000	0.204254
212.480000	0.204254
212.544000	0.204254
212.608000	0.204254
212.672000	0.204254
212.736000	0.204254
212.800000	0.204254
212.864000	0.204254
212.928000	0.204254
212.992000	0.204254
213.056000	0.204254
213.120000	0.204254
213.184000	0.204254
213.248000	0.204254
213.312000	0.204254
213.376000	0.204254
213.440000	0.204254
213.504000	0.204254
213.568000	0.204254
213.632000	0.204254
213.696000	0.204254
213.760000	0.204254
213.824000	0.323590
213.888000	0.323590
213.952000	0.323590
214.016000	0.323590
214.080000	0.323590
214.144000	0.323590
214.208000	0.323590
214.272000	0.323590
214.336000	0.323590
214.400000	0.323590
214.464000	0.323590
214.528000	0.323590
214.592000	0.323590
214.656000	0.323590
214.720000	0.323590
214.784000	0.323590
214.848000	0.323590
214.912000	0.323590
214.976000	0.323590
215.040000	0.323590
215.104000	0.323590
215.168000	0.323590
215.232000	0.323590
215.296000	0.323590
215.360000	0.323590
215.424000	0.323590
215.488000	0.323590
215.552000	0.323590
215.616000	0.323590
215.680000	0.323590
215.744000	0.323590
215.808000	0.323590
215.872000	0.323590
215.936000	0.323590
216.000000	0.323590
216.064000	0.323590
216.128000	0.323590
216.192000	0.323590
216.256000	0.323590
216.320000	0.323590
216.384000	0.323590
216.448000	0.323590
216.512000	0.323590
216.576000	0.323590
216.640000	0.323590
216.704000	0.323590
216.768000	0.323590
216.832000	0.323590
216.896000	0.323590
216.960000	0.323590
217.024000	0.323590
217.088000	0.323590
217.152000	0.323590
217.216000	0.323590
217.280000	0.323590
217.344000	0.323590
217.408000	0.323590
217.472000	0.323590
217.536000	0.323590
217.600000	0.323590
217.664000	0.323590
217.728000	0.323590
217.792000	0.323590
217.856000	0.323590
217.920000	0.323590
217.984000	0.323590
218.048000	0.323590
218.112000	0.323590
218.176000	0.323590
218.240000	0.323590
218.304000	0.323590
218.368000	0.323590
218.432000	0.323590
218.496000	0.323590
218.560000	0.323590
218.624000	0.323590
218.688000	0.323590
218.752000	0.323590
218.816000	0.323590
218.880000	0.323590
218.944000	0.323590
219.008000	0.323590
219.072000	0.323590
219.136000	0.323590
219.200000	0.323590
219.264000	0.323590
219.328000	0.323590
219.392000	0.323590
219.456000	0.323590
219.520000	0.323590
219.584000	0.337553
219.648000	0.337553
219.712000	0.337553
219.776000	0.337553
219.840000	0.337553
219.904000	0.337553
219.968000	0.337553
220.032000	0.337553
220.096000	0.337553
220.160000	0.337553
220.224000	0.337553
220.288000	0.337553
220.352000	0.337553
220.416000	0.337553
220.480000	0.337553
220.544000	0.337553
220.608000	0.337553
220.672000	0.337553
220.736000	0.337553
220.800000	0.360241
220.864000	0.360241
220.928000	0.360241
220.992000	0.360241
221.056000	0.360241
221.120000	0.360241
221.184000	0.360241
221.248000	0.360241
221.312000	0.360241
221.376000	0.360241
221.440000	0.360241
221.504000	0.360241
221.568000	0.360241
221.632000	0.360241
221.696000	0.360241
221.760000	0.360241
221.824000	0.360241
221.888000	0.384555
221.952000	0.384555
222.016000	0.384555
222.080000	0.384555
222.144000	0.384555
222.208000	0.384555
222.272000	0.348034
222.336000	0.348034
222.400000	0.348034
222.464000	0.348034
222.528000	0.348034
222.592000	0.348034
222.656000	0.348034
222.720000	0.348034
222.784000	0.348034
222.848000	0.348034
222.912000	0.348034
222.976000	0.348034
223.040000	0.348034
223.104000	0.348034
223.168000	0.348034
223.232000	0.348034
223.296000	0.348034
223.360000	0.348034
223.424000	0.348034
223.488000	0.348034
223.552000	0.348034
223.616000	0.348034
223.680000	0.348034
223.744000	0.348034
223.808000	0.348034
223.872000	0.348034
223.936000	0.348034
224.000000	0.348034
224.064000	0.348034
224.128000	0.348034
224.192000	0.348034
224.256000	0.348034
224.320000	0.348034
224.384000	0.348034
224.448000	0.348034
224.512000	0.348034
224.576000	0.348034
224.640000	0.348034
224.704000	0.348034
224.768000	0.348034
224.832000	0.348034
224.896000	0.348034
224.960000	0.348034
225.024000	0.348034
225.088000	0.348034
225.152000	0.348034
225.216000	0.348034
225.280000	0.348034
225.344000	0.348034
225.408000	0.348034
225.472000	0.348034
225.536000	0.348034
225.600000	0.348034
225.664000	0.348034
225.728000	0.348034
225.792000	0.348034
225.856000	0.348034
225.920000	0.348034
225.984000	0.348034
226.048000	0.348034
226.112000	0.348034
226.176000	0.348034
226.240000	0.348034
226.304000	0.348034
226.368000	0.348034
226.432000	0.348034
226.496000	0.346423
226.560000	0.346423
226.624000	0.346423
226.688000	0.346423
226.752000	0.346423
226.816000	0.346423
226.880000	0.346423
226.944000	0.346423
227.008000	0.346423
227.072000	0.346423
227.136000	0.346423
227.200000	0.346423
227.264000	0.346423
227.328000	0.302025
227.392000	0.293847
227.456000	0.238829
227.520000	0.238829
227.584000	0.238829
227.648000	0.238829
227.712000	0.238829
227.776000	0.238829
227.840000	0.238829
227.904000	0.238829
227.968000	0.238829
228.032000	0.238829
228.096000	0.238829
228.160000	0.238829
228.224000	0.238829
228.288000	0.238829
228.352000	0.238829
228.416000	0.238829
228.480000	0.238829
228.544000	0.238829
228.608000	0.238829
228.672000	0.238829
228.736000	0.238829
228.800000	0.238829
228.864000	0.238829
228.928000	0.238829
228.992000	0.238829
229.056000	0.238829
229.120000	0.238829
229.184000	0.238829
229.248000	0.238829
229.312000	0.238829
229.376000	0.238829
229.440000	0.238829
229.504000	0.238829
229.568000	0.238829
229.632000	0.238829
229.696000	0.238829
229.760000	0.238829
229.824000	0.238829
229.888000	0.238829
229.952000	0.238829
230.016000	0.238829
230.080000	0.238829
230.144000	0.238829
230.208000	0.238829
230.272000	0.238829
230.336000	0.238829
230.400000	0.238829
230.464000	0.238829
230.528000	0.238829
230.592000	0.238829
230.656000	0.238829
230.720000	0.238829
230.784000	0.238829
230.848000	0.238829
230.912000	0.238829
230.976000	0.238829
231.040000	0.238829
231.104000	0.238829
231.168000	0.238829
231.232000	0.238829
231.296000	0.238829
231.360000	0.238829
231.424000	0.238829
231.488000	0.238829
231.552000	0.219466
231.616000	0.219466
231.680000	0.219466
231.744000	0.219466
231.808000	0.219466
231.872000	0.214804
231.936000	0.214804
232.000000	0.214804
232.064000	0.214804
232.128000	0.214804
232.192000	0.214804
232.256000	0.214804
232.320000	0.214804
232.384000	0.214804
232.448000	0.214804
232.512000	0.214804
232.576000	0.214804
232.640000	0.214804
232.704000	0.214804
232.768000	0.214804
232.832000	0.214804
232.896000	0.214804
232.960000	0.214804
233.024000	0.214804
233.088000	0.214804
233.152000	0.214804
233.216000	0.214804
233.280000	0.214804
233.344000	0.214804
233.408000	0.214804
233.472000	0.214804
233.536000	0.214804
233.600000	0.214804
233.664000	0.214804
233.728000	0.214804
233.792000	0.214804
233.856000	0.214804
233.920000	0.214804
233.984000	0.214804
234.048000	0.214804
234.112000	0.214804
234.176000	0.214804
234.240000	0.214804
234.304000	0.214804
234.368000	0.214804
234.432000	0.214804
234.496000	0.214804
234.560000	0.214804
234.624000	0.214804
234.688000	0.214804
234.752000	0.214804
234.816000	0.214804
234.880000	0.214804
234.944000	0.214804
235.008000	0.214804
235.072000	0.214804
235.136000	0.214804
235.200000	0.214804
235.264000	0.214804
235.328000	0.214804
235.392000	0.214804
235.456000	0.214804
235.520000	0.214804
235.584000	0.214804
235.648000	0.214804
235.712000	0.214804
235.776000	0.214804
235.840000	0.214804
235.904000	0.214804
235.968000	0.214804
236.032000	0.214804
236.096000	0.214804
236.160000	0.214804
236.224000	0.214804
236.288000	0.214804
236.352000	0.214804
236.416000	0.214804
236.480000	0.214804
236.544000	0.214804
236.608000	0.214804
236.672000	0.214804
236.736000	0.214804
236.800000	0.214804
236.864000	0.214804
236.928000	0.214804
236.992000	0.214804
237.056000	0.214804
237.120000	0.214804
237.184000	0.214804
237.248000	0.214804
237.312000	0.214804
237.376000	0.214804
237.440000	0.214804
237.504000	0.214804
237.568000	0.214804
237.632000	0.214804
237.696000	0.214804
237.760000	0.214804
237.824000	0.214804
237.888000	0.214804
237.952000	0.214804
238.016000	0.214804
238.080000	0.214804
238.144000	0.214804
238.208000	0.214804
238.272000	0.347549
238.336000	0.347549
238.400000	0.347549
238.464000	0.347549
238.528000	0.347549
238.592000	0.347549
238.656000	0.347549
238.720000	0.347549
238.784000	0.347549
238.848000	0.459307
238.912000	0.459307
238.976000	0.387725
239.040000	0.387725
239.104000	0.387725
239.168000	0.387725
239.232000	0.387725
239.296000	0.387725
239.360000	0.387725
239.424000	0.387725
239.488000	0.387725
239.552000	0.387725
239.616000	0.387725
239.680000	0.387725
239.744000	0.387725
239.808000	0.387725
239.872000	0.387725
239.936000	0.387725
240.000000	0.387725
240.064000	0.387725
240.128000	0.387725
240.192000	0.387725
240.256000	0.387725
240.320000	0.387725
240.384000	0.387725
240.448000	0.387725
240.512000	0.387725
240.576000	0.387725
240.640000	0.387725
240.704000	0.387725
240.768000	0.387725
240.832000	0.387725
240.896000	0.387725
240.960000	0.387725
241.024000	0.387725
241.088000	0.387725
241.152000	0.387725
241.216000	0.387725
241.280000	0.387725
241.344000	0.387725
241.408000	0.387725
241.472000	0.387725
241.536000	0.387725
241.600000	0.387725
241.664000	0.387725
241.728000	0.387725
241.792000	0.387725
241.856000	0.387725
241.920000	0.387725
241.984000	0.387725
242.048000	0.387725
242.112000	0.387725
242.176000	0.387725
242.240000	0.387725
242.304000	0.387725
242.368000	0.387725
242.432000	0.387725
242.496000	0.387725
242.560000	0.387725
242.624000	0.387725
242.688000	0.387725
242.752000	0.387725
242.816000	0.387725
242.880000	0.387725
242.944000	0.387725
243.008000	0.387725
243.072000	0.387725
243.136000	0.387725
243.200000	0.387725
243.264000	0.387725
243.328000	0.387725
243.392000	0.387725
243.456000	0.387725
243.520000	0.387725
243.584000	0.387725
243.648000	0.387725
243.712000	0.387725
243.776000	0.387725
243.840000	0.387725
243.904000	0.387725
243.968000	0.387725
244.032000	0.387725
244.096000	0.387725
244.160000	0.387725
244.224000	0.387725
244.288000	0.387725
244.352000	0.387725
244.416000	0.387725
244.480000	0.387725
244.544000	0.387725
244.608000	0.387725
244.672000	0.387725
244.736000	0.387725
244.800000	0.387725
244.864000	0.387725
244.928000	0.387725
244.992000	0.387725
245.056000	0.387725
245.120000	0.387725
245.184000	0.387725
245.248000	0.387725
245.312000	0.387725
245.376000	0.442547
245.440000	0.442547
245.504000	0.442547
245.568000	0.442547
245.632000	0.442547
245.696000	0.442547
245.760000	0.442547
245.824000	0.442547
245.888000	0.442547
245.952000	0.442547
246.016000	0.442547
246.080000	0.442547
246.144000	0.442547
246.208000	0.442547
246.272000	0.442547
246.336000	0.710664
246.400000	0.710664
246.464000	0.710664
246.528000	0.710664
246.592000	0.710664
246.656000	0.710664
246.720000	0.513931
246.784000	0.513931
246.848000	0.513931
246.912000	0.513931
246.976000	0.513931
247.040000	0.513931
247.104000	0.513931
247.168000	0.513931
247.232000	0.513931
247.296000	0.513931
247.360000	0.513931
247.424000	0.513931
247.488000	0.513931
247.552000	0.513931
247.616000	0.513931
247.680000	0.513931
247.744000	0.513931
247.808000	0.513931
247.872000	0.513931
247.936000	0.513931
248.000000	0.513931
248.064000	0.513931
248.128000	0.513931
248.192000	0.513931
248.256000	0.513931
248.320000	0.513931
248.384000	0.513931
248.448000	0.513931
248.512000	0.513931
248.576000	0.513931
248.640000	0.513931
248.704000	0.513931
248.768000	0.513931
248.832000	0.513931
248.896000	0.513931
248.960000	0.513931
249.024000	0.513931
249.088000	0.513931
249.152000	0.513931
249.216000	0.513931
249.280000	0.459414
249.344000	0.459414
249.408000	0.459414
249.472000	0.459414
249.536000	0.459414
249.600000	0.459414
249.664000	0.459414
249.728000	0.459414
249.792000	0.459414
249.856000	0.459414
249.920000	0.459414
249.984000	0.459414
250.048000	0.459414
250.112000	0.418104
250.176000	0.418104
250.240000	0.418104
250.304000	0.418104
250.368000	0.418104
250.432000	0.418104
250.496000	0.418104
250.560000	0.418104
250.624000	0.418104
250.688000	0.418104
250.752000	0.418104
250.816000	0.418104
250.880000	0.418104
250.944000	0.418104
251.008000	0.418104
251.072000	0.418104
251.136000	0.345568
251.200000	0.345568
251.264000	0.345568
251.328000	0.345568
251.392000	0.345568
251.456000	0.345568
251.520000	0.345568
251.584000	0.345568
251.648000	0.345568
251.712000	0.345568
251.776000	0.345568
251.840000	0.345568
251.904000	0.345568
251.968000	0.345568
252.032000	0.345568
252.096000	0.345568
252.160000	0.345568
252.224000	0.345568
252.288000	0.345568
252.352000	0.345568
252.416000	0.345568
252.480000	0.345568
252.544000	0.345568
252.608000	0.345568
252.672000	0.345568
252.736000	0.345568
252.800000	0.345568
252.864000	0.345568
252.928000	0.345568
252.992000	0.345568
253.056000	0.345568
253.120000	0.345568
253.184000	0.345568
253.248000	0.345568
253.312000	0.345568
253.376000	0.345568
253.440000	0.345568
253.504000	0.345568
253.568000	0.345568
253.632000	0.345568
253.696000	0.345568
253.760000	0.345568
253.824000	0.345568
253.888000	0.345568
253.952000	0.345568
254.016000	0.345568
254.080000	0.283327
254.144000	0.283327
254.208000	0.283327
254.272000	0.283327
254.336000	0.283327
254.400000	0.283327
254.464000	0.283327
254.528000	0.283327
254.592000	0.283327
254.656000	0.283327
254.720000	0.283327
254.784000	0.283327
254.848000	0.283327
254.912000	0.283327
254.976000	0.283327
255.040000	0.283327
255.104000	0.283327
255.168000	0.283327
255.232000	0.283327
255.296000	0.283327
255.360000	0.283327
255.424000	0.283327
255.488000	0.283327
255.552000	0.283327
255.616000	0.283327
255.680000	0.283327
255.744000	0.283327
255.808000	0.283327
255.872000	0.283327
255.936000	0.283327
256.000000	0.283327
256.064000	0.283327
256.128000	0.283327
256.192000	0.283327
256.256000	0.283327
256.320000	0.283327
256.384000	0.283327
256.448000	0.283327
256.512000	0.283327
256.576000	0.283327
256.640000	0.283327
256.704000	0.283327
256.768000	0.283327
256.832000	0.283327
256.896000	0.283327
256.960000	0.283327
257.024000	0.283327
257.088000	0.283327
257.152000	0.283327
257.216000	0.283327
257.280000	0.283327
257.344000	0.283327
257.408000	0.283327
257.472000	0.283327
257.536000	0.283327
257.600000	0.283327
257.664000	0.283327
257.728000	0.283327
257.792000	0.283327
257.856000	0.283327
257.920000	0.283327
257.984000	0.283327
258.048000	0.283327
258.112000	0.283327
258.176000	0.283327
258.240000	0.283327
258.304000	0.283327
258.368000	0.283327
258.432000	0.283327
258.496000	0.283327
258.560000	0.283327
258.624000	0.283327
258.688000	0.283327
258.752000	0.283327
258.816000	0.283327
258.880000	0.283327
258.944000	0.283327
259.008000	0.283327
259.072000	0.283327
259.136000	0.283327
259.200000	0.283327
259.264000	0.283327
259.328000	0.283327
259.392000	0.283327
259.456000	0.283327
259.520000	0.283327
259.584000	0.283327
259.648000	0.283327
259.712000	0.283327
259.776000	0.283327
259.840000	0.283327
259.904000	0.283327
259.968000	0.283327
260.032000	0.283327
260.096000	0.283327
260.160000	0.283327
260.224000	0.283327
260.288000	0.283327
260.352000	0.283327
260.416000	0.283327
260.480000	0.321467
260.544000	0.321467
260.608000	0.321467
260.672000	0.321467
260.736000	0.321467
260.800000	0.321467
260.864000	0.321467
260.928000	0.321467
260.992000	0.321467
261.056000	0.321467
261.120000	0.321467
261.184000	0.321467
261.248000	0.321467
261.312000	0.321467
261.376000	0.321467
261.440000	0.321467
261.504000	0.321467
261.568000	0.321467
261.632000	0.321467
261.696000	0.321467
261.760000	0.321467
261.824000	0.321467
261.888000	0.321467
261.952000	0.321467
262.016000	0.321467
262.080000	0.321467
262.144000	0.321467
262.208000	0.321467
262.272000	0.321467
262.336000	0.321467
262.400000	0.321467
262.464000	0.321467
262.528000	0.321467
262.592000	0.321467
262.656000	0.321467
262.720000	0.321467
262.784000	0.321467
262.848000	0.321467
262.912000	0.321467
262.976000	0.321467
263.040000	0.321467
263.104000	0.321467
263.168000	0.321467
263.232000	0.321467
263.296000	0.321467
263.360000	0.321467
263.424000	0.321467
263.488000	0.321467
263.552000	0.321467
263.616000	0.321467
263.680000	0.321467
263.744000	0.321467
263.808000	0.321467
263.872000	0.321467
263.936000	0.321467
264.000000	0.321467
264.064000	0.321467
264.128000	0.321467
264.192000	0.321467
264.256000	0.321467
264.320000	0.321467
264.384000	0.321467
264.448000	0.321467
264.512000	0.321467
264.576000	0.321467
264.640000	0.321467
264.704000	0.321467
264.768000	0.311031
264.832000	0.311031
264.896000	0.311031
264.960000	0.311031
265.024000	0.311031
265.088000	0.311031
265.152000	0.311031
265.216000	0.311031
265.280000	0.310238
265.344000	0.294614
265.408000	0.282431
265.472000	0.282431
265.536000	0.282431
265.600000	0.282431
265.664000	0.282431
265.728000	0.282431
265.792000	0.282431
265.856000	0.282431
265.920000	0.282431
265.984000	0.282431
266.048000	0.282431
266.112000	0.282431
266.176000	0.282431
266.240000	0.282431
266.304000	0.282431
266.368000	0.282431
266.432000	0.282431
266.496000	0.282431
266.560000	0.282431
266.624000	0.282431
266.688000	0.282431
266.752000	0.282431
266.816000	0.282431
266.880000	0.282431
266.944000	0.282431
267.008000	0.282431
267.072000	0.282431
267.136000	0.282431
267.200000	0.282431
267.264000	0.282431
267.328000	0.282431
267.392000	0.282431
267.456000	0.282431
267.520000	0.282431
267.584000	0.282431
267.648000	0.282431
267.712000	0.282431
267.776000	0.282431
267.840000	0.282431
267.904000	0.282431
267.968000	0.282431
268.032000	0.282431
268.096000	0.282431
268.160000	0.282431
268.224000	0.282431
268.288000	0.282431
268.352000	0.282431
268.416000	0.282431
268.480000	0.282431
268.544000	0.282431
268.608000	0.282431
268.672000	0.282431
268.736000	0.282431
268.800000	0.282431
268.864000	0.282431
268.928000	0.282431
268.992000	0.282431
269.056000	0.282431
269.120000	0.282431
269.184000	0.282431
269.248000	0.282431
269.312000	0.282431
269.376000	0.282431
269.440000	0.282431
269.504000	0.282431
269.568000	0.282431
269.632000	0.282431
269.696000	0.282431
269.760000	0.282431
269.824000	0.282431
269.888000	0.282431
269.952000	0.282431
270.016000	0.282431
270.080000	0.282431
270.144000	0.282431
270.208000	0.282431
270.272000	0.282431
270.336000	0.282431
270.400000	0.282431
270.464000	0.282431
270.528000	0.282431
270.592000	0.282431
270.656000	0.282431
270.720000	0.282431
270.784000	0.282431
270.848000	0.282431
270.912000	0.282431
270.976000	0.282431
271.040000	0.282431
271.104000	0.282431
271.168000	0.282431
271.232000	0.282431
271.296000	0.282431
271.360000	0.282431
271.424000	0.282431
271.488000	0.282431
271.552000	0.282431
271.616000	0.282431
271.680000	0.282431
271.744000	0.282431
271.808000	0.304711
271.872000	0.304711
271.936000	0.304711
272.000000	0.304711
272.064000	0.242134
272.128000	0.182282
272.192000	0.182282
272.256000	0.182282
272.320000	0.182282
272.384000	0.182282
272.448000	0.182282
272.512000	0.182282
272.576000	0.182282
272.640000	0.182282
272.704000	0.182282
272.768000	0.182282
272.832000	0.182282
272.896000	0.182282
272.960000	0.182282
273.024000	0.182282
273.088000	0.182282
273.152000	0.182282
273.216000	0.182282
273.280000	0.182282
273.344000	0.182282
273.408000	0.182282
273.472000	0.182282
273.536000	0.182282
273.600000	0.182282
273.664000	0.182282
273.728000	0.182282
273.792000	0.182282
273.856000	0.182282
273.920000	0.182282
273.984000	0.182282
274.048000	0.182282
274.112000	0.182282
274.176000	0.182282
274.240000	0.182282
274.304000	0.182282
274.368000	0.182282
274.432000	0.182282
274.496000	0.182282
274.560000	0.182282
274.624000	0.182282
274.688000	0.182282
274.752000	0.182282
274.816000	0.182282
274.880000	0.182282
274.944000	0.182282
275.008000	0.182282
275.072000	0.182282
275.136000	0.182282
275.200000	0.182282
275.264000	0.182282
275.328000	0.182282
275.392000	0.182282
275.456000	0.182282
275.520000	0.182282
275.584000	0.182282
275.648000	0.182282
275.712000	0.182282
275.776000	0.182282
275.840000	0.182282
275.904000	0.182282
275.968000	0.182282
276.032000	0.182282
276.096000	0.182282
276.160000	0.182282
276.224000	0.182282
276.288000	0.182282
276.352000	0.182282
276.416000	0.182282
276.480000	0.182282
276.544000	0.182282
276.608000	0.182282
276.672000	0.146702
276.736000	0.146702
276.800000	0.146702
276.864000	0.146702
276.928000	0.146702
276.992000	0.146702
277.056000	0.146702
277.120000	0.146702
277.184000	0.146702
277.248000	0.146702
277.312000	0.146702
277.376000	0.146702
277.440000	0.146702
277.504000	0.146702
277.568000	0.146702
277.632000	0.146702
277.696000	0.146702
277.760000	0.146702
277.824000	0.146702
277.888000	0.146702
277.952000	0.146702
278.016000	0.146702
278.080000	0.146702
278.144000	0.146702
278.208000	0.146702
278.272000	0.146702
278.336000	0.146702
278.400000	0.146702
278.464000	0.146702
278.528000	0.146702
278.592000	0.146702
278.656000	0.146702
278.720000	0.146702
278.784000	0.146702
278.848000	0.146702
278.912000	0.146702
278.976000	0.146702
279.040000	0.146702
279.104000	0.146702
279.168000	0.146702
279.232000	0.146702
279.296000	0.146702
279.360000	0.146702
279.424000	0.146702
279.488000	0.146702
279.552000	0.146702
279.616000	0.146702
279.680000	0.146702
279.744000	0.146702
279.808000	0.146702
279.872000	0.146702
279.936000	0.146702
280.000000	0.146702
280.064000	0.146702
280.128000	0.146702
280.192000	0.146702
280.256000	0.146702
280.320000	0.146702
280.384000	0.146702
280.448000	0.146702
280.512000	0.146702
280.576000	0.146702
280.640000	0.146702
280.704000	0.146702
280.768000	0.146702
280.832000	0.146702
280.896000	0.146702
280.960000	0.146702
281.024000	0.146702
281.088000	0.146702
281.152000	0.146702
281.216000	0.146702
281.280000	0.146702
281.344000	0.146702
281.408000	0.146702
281.472000	0.146702
281.536000	0.146702
281.600000	0.146702
281.664000	0.146702
281.728000	0.146702
281.792000	0.146702
281.856000	0.146702
281.920000	0.146702
281.984000	0.146702
282.048000	0.146702
282.112000	0.146702
282.176000	0.146702
282.240000	0.146702
282.304000	0.146702
282.368000	0.146702
282.432000	0.146702
282.496000	0.146702
282.560000	0.146702
282.624000	0.146702
282.688000	0.146702
282.752000	0.146702
282.816000	0.146702
282.880000	0.146702
282.944000	0.146702
283.008000	0.146702
283.072000	0.152693
283.136000	0.152693
283.200000	0.152693
283.264000	0.152693
283.328000	0.152693
283.392000	0.152693
283.456000	0.152693
283.520000	0.152693
283.584000	0.126275
283.648000	0.126275
283.712000	0.126275
283.776000	0.126275
283.840000	0.126275
283.904000	0.126275
283.968000	0.126275
284.032000	0.126275
284.096000	0.126275
284.160000	0.126275
284.224000	0.126275
284.288000	0.126275
284.352000	0.126275
284.416000	0.126275
284.480000	0.126275
284.544000	0.126275
284.608000	0.126275
284.672000	0.126275
284.736000	0.126275
284.800000	0.126275
284.864000	0.126275
284.928000	0.126275
284.992000	0.126275
285.056000	0.126275
285.120000	0.126275
285.184000	0.126275
285.248000	0.126275
285.312000	0.126275
285.376000	0.126275
285.440000	0.126275
285.504000	0.126275
285.568000	0.126275
285.632000	0.126275
285.696000	0.126275
285.760000	0.126275
285.824000	0.126275
285.888000	0.126275
285.952000	0.126275
286.016000	0.126275
286.080000	0.126275
286.144000	0.126275
286.208000	0.126275
286.272000	0.126275
286.336000	0.126275
286.400000	0.126275
286.464000	0.126275
286.528000	0.126275
286.592000	0.126275
286.656000	0.126275
286.720000	0.126275
286.784000	0.126275
286.848000	0.126275
286.912000	0.126275
286.976000	0.126275
287.040000	0.126275
287.104000	0.126275
287.168000	0.126275
287.232000	0.126275
287.296000	0.126275
287.360000	0.126275
287.424000	0.126275
287.488000	0.126275
287.552000	0.126275
287.616000	0.126275
287.680000	0.126275
287.744000	0.126275
287.808000	0.126275
287.872000	0.126275
287.936000	0.126275
288.000000	0.126275
288.064000	0.126275
288.128000	0.126275
288.192000	0.126275
288.256000	0.126275
288.320000	0.126275
288.384000	0.126275
288.448000	0.126275
288.512000	0.126275
288.576000	0.126275
288.640000	0.126275
288.704000	0.126275
288.768000	0.126275
288.832000	0.126275
288.896000	0.126275
288.960000	0.126275
289.024000	0.126275
289.088000	0.126275
289.152000	0.126275
289.216000	0.126275
289.280000	0.126275
289.344000	0.126275
289.408000	0.126275
289.472000	0.126275
289.536000	0.126275
289.600000	0.126275
289.664000	0.126275
289.728000	0.126275
289.792000	0.126275
289.856000	0.126275
289.920000	0.126275
289.984000	0.138137
290.048000	0.199570
290.112000	0.199570
290.176000	0.199570
290.240000	0.199570
290.304000	0.199570
290.368000	0.199570
290.432000	0.199570
290.496000	0.199570
290.560000	0.199570
290.624000	0.199570
290.688000	0.199570
290.752000	0.199570
290.816000	0.199570
290.880000	0.199570
290.944000	0.199570
291.008000	0.199570
291.072000	0.199570
291.136000	0.199570
291.200000	0.199570
291.264000	0.199570
291.328000	0.199570
291.392000	0.199570
291.456000	0.199570
291.520000	0.199570
291.584000	0.199570
291.648000	0.199570
291.712000	0.199570
291.776000	0.199570
291.840000	0.199570
291.904000	0.199570
291.968000	0.204768
292.032000	0.204768
292.096000	0.204768
292.160000	0.204768
292.224000	0.207263
292.288000	0.207263
292.352000	0.207263
292.416000	0.207263
292.480000	0.207263
292.544000	0.207263
292.608000	0.207263
292.672000	0.207263
292.736000	0.207263
292.800000	0.207263
292.864000	0.207263
292.928000	0.217125
292.992000	0.217125
293.056000	0.217125
293.120000	0.217125
293.184000	0.217125
293.248000	0.217125
293.312000	0.217125
293.376000	0.217125
293.440000	0.217125
293.504000	0.217125
293.568000	0.251232
293.632000	0.251232
293.696000	0.251232
293.760000	0.251232
293.824000	0.251232
293.888000	0.259238
293.952000	0.259238
294.016000	0.259238
294.080000	0.259238
294.144000	0.259238
294.208000	0.259238
294.272000	0.259238
294.336000	0.264389
294.400000	0.278118
294.464000	0.278118
294.528000	0.278118
294.592000	0.278118
294.656000	0.278118
294.720000	0.278118
294.784000	0.278118
294.848000	0.268797
294.912000	0.268797
294.976000	0.268797
295.040000	0.268797
295.104000	0.136441
295.168000	0.136441
295.232000	0.136441
295.296000	0.136441
295.360000	0.136441
295.424000	0.136441
295.488000	0.136441
295.552000	0.136441
295.616000	0.136441
295.680000	0.136441
295.744000	0.136441
295.808000	0.136441
295.872000	0.136441
295.936000	0.136441
296.000000	0.136441
296.064000	0.136441
296.128000	0.136441
296.192000	0.136441
296.256000	0.136441
296.320000	0.136441
296.384000	0.136441
296.448000	0.136441
296.512000	0.136441
296.576000	0.136441
296.640000	0.136441
296.704000	0.136441
296.768000	0.136441
296.832000	0.136441
296.896000	0.136441
296.960000	0.136441
297.024000	0.136441
297.088000	0.136441
297.152000	0.136441
297.216000	0.136441
297.280000	0.136441
297.344000	0.136441
297.408000	0.136441
297.472000	0.136441
297.536000	0.136441
297.600000	0.136441
297.664000	0.136441
297.728000	0.136441
297.792000	0.136441
297.856000	0.136441
297.920000	0.136441
297.984000	0.136441
298.048000	0.136441
298.112000	0.136441
298.176000	0.136441
298.240000	0.136441
298.304000	0.136441
298.368000	0.136441
298.432000	0.136441
298.496000	0.136441
298.560000	0.000038
298.624000	0.000034
298.688000	0.000018
298.752000	0.000018
298.816000	0.000016
298.880000	0.000014
298.944000	0.000014
299.008000	0.000014
299.072000	0.000014
299.136000	0.000014
299.200000	0.000014
299.264000	0.000014
299.328000	0.000014
299.392000	0.000000
299.456000	0.000000
299.520000	0.000000
299.584000	0.000000
299.648000	0.000000
299.712000	0.000000
299.776000	0.000000
299.840000	0.000000
299.904000	0.000000
299.968000	0.000000
300.032000	0.000000
300.096000	0.000000
300.160000	0.000000
300.224000	0.000000
300.288000	0.000000
300.352000	0.000000
300.416000	0.000000
300.480000	0.000000
300.544000	0.000000
300.608000	0.000000
300.672000	0.000000
300.736000	0.000000
300.800000	0.000000
300.864000	0.000000
300.928000	0.000000
300.992000	0.000000
301.056000	0.000000
301.120000	0.000000
301.184000	0.000000
301.248000	0.000000
301.312000	0.000000
301.376000	0.000000
301.440000	0.000000
301.504000	0.000000
301.568000	0.000000
301.632000	0.000000
301.696000	0.000000
301.760000	0.000000
301.824000	0.000000
301.888000	0.000000
301.952000	0.000000
302.016000	0.000000
302.080000	0.000000
302.144000	0.000000
302.208000	0.000000
302.272000	0.000000
302.336000	0.000000
302.400000	0.000000
302.464000	0.000000
302.528000	0.000000
