0.064000	0.000000
0.128000	0.000000
0.192000	0.000000
0.256000	0.000000
0.320000	0.000000
0.384000	0.000000
0.448000	0.000000
0.512000	0.000000
0.576000	0.000000
0.640000	0.000000
0.704000	0.000000
0.768000	0.000000
0.832000	0.000000
0.896000	0.000000
0.960000	0.000000
1.024000	0.000000
1.088000	0.000000
1.152000	0.000000
1.216000	0.000000
1.280000	0.000000
1.344000	0.000000
1.408000	0.000000
1.472000	0.000000
1.536000	0.000000
1.600000	0.000000
1.664000	0.000000
1.728000	0.000000
1.792000	0.000000
1.856000	0.000000
1.920000	0.000000
1.984000	0.000000
2.048000	0.000000
2.112000	0.000000
2.176000	0.000000
2.240000	0.000000
2.304000	0.000000
2.368000	0.000000
2.432000	0.000000
2.496000	0.000000
2.560000	0.000000
2.624000	0.000000
2.688000	0.000000
2.752000	0.000000
2.816000	0.000000
2.880000	0.000000
2.944000	0.000000
3.008000	0.000000
3.072000	0.000000
3.136000	0.000000
3.200000	0.000000
3.264000	0.215536
3.328000	0.215536
3.392000	0.215536
3.456000	0.215536
3.520000	0.215536
3.584000	0.215536
3.648000	0.215536
3.712000	0.215536
3.776000	0.215536
3.840000	0.371953
3.904000	0.427606
3.968000	0.427606
4.032000	0.427606
4.096000	0.427606
4.160000	0.427606
4.224000	0.427606
4.288000	0.427606
4.352000	0.427606
4.416000	0.427606
4.480000	0.427606
4.544000	0.427606
4.608000	0.407652
4.672000	0.318650
4.736000	0.302250
4.800000	0.164435
4.864000	0.164435
4.928000	0.164435
4.992000	0.164435
5.056000	0.164435
5.120000	0.164435
5.184000	0.164435
5.248000	0.164435
5.312000	0.164435
5.376000	0.164435
5.440000	0.164435
5.504000	0.164435
5.568000	0.164435
5.632000	0.164435
5.696000	0.164435
5.760000	0.164435
5.824000	0.164435
5.888000	0.164435
5.952000	0.164435
6.016000	0.164435
6.080000	0.164435
6.144000	0.164435
6.208000	0.164435
6.272000	0.164435
6.336000	0.164435
6.400000	0.164435
6.464000	0.164435
6.528000	0.164435
6.592000	0.164435
6.656000	0.164435
6.720000	0.164435
6.784000	0.164435
6.848000	0.164435
6.912000	0.164435
6.976000	0.164435
7.040000	0.164435
7.104000	0.164435
7.168000	0.164435
7.232000	0.164435
7.296000	0.164435
7.360000	0.164435
7.424000	0.164435
7.488000	0.164435
7.552000	0.164435
7.616000	0.164435
7.680000	0.164435
7.744000	0.164435
7.808000	0.164435
7.872000	0.164435
7.936000	0.164435
8.000000	0.164435
8.064000	0.164435
8.128000	0.164435
8.192000	0.164435
8.256000	0.164435
8.320000	0.164435
8.384000	0.164435
8.448000	0.164435
8.512000	0.164435
8.576000	0.164435
8.640000	0.164435
8.704000	0.164435
8.768000	0.164435
8.832000	0.164435
8.896000	0.164435
8.960000	0.164435
9.024000	0.164435
9.088000	0.164435
9.152000	0.164435
9.216000	0.164435
9.280000	0.164435
9.344000	0.164435
9.408000	0.164435
9.472000	0.164435
9.536000	0.164435
9.600000	0.164435
9.664000	0.164435
9.728000	0.164435
9.792000	0.164435
9.856000	0.164435
9.920000	0.164435
9.984000	0.164435
10.048000	0.164435
10.112000	0.164435
10.176000	0.164435
10.240000	0.164435
10.304000	0.164435
10.368000	0.164435
10.432000	0.164435
10.496000	0.164435
10.560000	0.164435
10.624000	0.164435
10.688000	0.164435
10.752000	0.164435
10.816000	0.164435
10.880000	0.164435
10.944000	0.164435
11.008000	0.164435
11.072000	0.164435
11.136000	0.164435
11.200000	0.178964
11.264000	0.178964
11.328000	0.178964
11.392000	0.178964
11.456000	0.178964
11.520000	0.178964
11.584000	0.178964
11.648000	0.178964
11.712000	0.178964
11.776000	0.178964
11.840000	0.183595
11.904000	0.183595
11.968000	0.182847
12.032000	0.182847
12.096000	0.182847
12.160000	0.182847
12.224000	0.182847
12.288000	0.182847
12.352000	0.182847
12.416000	0.182847
12.480000	0.182847
12.544000	0.182847
12.608000	0.182847
12.672000	0.182847
12.736000	0.182847
12.800000	0.182847
12.864000	0.182847
12.928000	0.182847
12.992000	0.182847
13.056000	0.182847
13.120000	0.182847
13.184000	0.182847
13.248000	0.182847
13.312000	0.182847
13.376000	0.182847
13.440000	0.182847
13.504000	0.182847
13.568000	0.182847
13.632000	0.182847
13.696000	0.182847
13.760000	0.182847
13.824000	0.182847
13.888000	0.182847
13.952000	0.182847
14.016000	0.182847
14.080000	0.182847
14.144000	0.182847
14.208000	0.182847
14.272000	0.182847
14.336000	0.182847
14.400000	0.182847
14.464000	0.182847
14.528000	0.182847
14.592000	0.182847
14.656000	0.182847
14.720000	0.182847
14.784000	0.182847
14.848000	0.182847
14.912000	0.182847
14.976000	0.182847
15.040000	0.182847
15.104000	0.182847
15.168000	0.182847
15.232000	0.182847
15.296000	0.182847
15.360000	0.182847
15.424000	0.160576
15.488000	0.160576
15.552000	0.160576
15.616000	0.160576
15.680000	0.160576
15.744000	0.160576
15.808000	0.160576
15.872000	0.160576
15.936000	0.160576
16.000000	0.160576
16.064000	0.160576
16.128000	0.160576
16.192000	0.160576
16.256000	0.160576
16.320000	0.160576
16.384000	0.160576
16.448000	0.160576
16.512000	0.160576
16.576000	0.160576
16.640000	0.160576
16.704000	0.160576
16.768000	0.160576
16.832000	0.160576
16.896000	0.160576
16.960000	0.160576
17.024000	0.160576
17.088000	0.160576
17.152000	0.160576
17.216000	0.160576
17.280000	0.160576
17.344000	0.160576
17.408000	0.160576
17.472000	0.160576
17.536000	0.160576
17.600000	0.160576
17.664000	0.160576
17.728000	0.160576
17.792000	0.160576
17.856000	0.160576
17.920000	0.160576
17.984000	0.160576
18.048000	0.160576
18.112000	0.160576
18.176000	0.160576
18.240000	0.160576
18.304000	0.160576
18.368000	0.160576
18.432000	0.160576
18.496000	0.160576
18.560000	0.160576
18.624000	0.160576
18.688000	0.160576
18.752000	0.160576
18.816000	0.160576
18.880000	0.160576
18.944000	0.160576
19.008000	0.160576
19.072000	0.160576
19.136000	0.160576
19.200000	0.160576
19.264000	0.160576
19.328000	0.160576
19.392000	0.160576
19.456000	0.160576
19.520000	0.160576
19.584000	0.160576
19.648000	0.160576
19.712000	0.160576
19.776000	0.160576
19.840000	0.160576
19.904000	0.160576
19.968000	0.160576
20.032000	0.160576
20.096000	0.160576
20.160000	0.160576
20.224000	0.160576
20.288000	0.160576
20.352000	0.160576
20.416000	0.160576
20.480000	0.160576
20.544000	0.160576
20.608000	0.160576
20.672000	0.160576
20.736000	0.160576
20.800000	0.160576
20.864000	0.160576
20.928000	0.160576
20.992000	0.160576
21.056000	0.160576
21.120000	0.160576
21.184000	0.160576
21.248000	0.160576
21.312000	0.160576
21.376000	0.160576
21.440000	0.160576
21.504000	0.160576
21.568000	0.160576
21.632000	0.160576
21.696000	0.160576
21.760000	0.160576
21.824000	0.203092
21.888000	0.203092
21.952000	0.203092
22.016000	0.203092
22.080000	0.203092
22.144000	0.203092
22.208000	0.203092
22.272000	0.203092
22.336000	0.203092
22.400000	0.203092
22.464000	0.203092
22.528000	0.203092
22.592000	0.203092
22.656000	0.203092
22.720000	0.203092
22.784000	0.203092
22.848000	0.203092
22.912000	0.203092
22.976000	0.203092
23.040000	0.203092
23.104000	0.203092
23.168000	0.203092
23.232000	0.214284
23.296000	0.214284
23.360000	0.214284
23.424000	0.214284
23.488000	0.214284
23.552000	0.214284
23.616000	0.214284
23.680000	0.214284
23.744000	0.214284
23.808000	0.214284
23.872000	0.214284
23.936000	0.214284
24.000000	0.214284
24.064000	0.214284
24.128000	0.214284
24.192000	0.214284
24.256000	0.214284
24.320000	0.198345
24.384000	0.198345
24.448000	0.198345
24.512000	0.198345
24.576000	0.198345
24.640000	0.198345
24.704000	0.198345
24.768000	0.198345
24.832000	0.198345
24.896000	0.198345
24.960000	0.198345
25.024000	0.198345
25.088000	0.198345
25.152000	0.198345
25.216000	0.198345
25.280000	0.198345
25.344000	0.198345
25.408000	0.198345
25.472000	0.198345
25.536000	0.198345
25.600000	0.198345
25.664000	0.198345
25.728000	0.198345
25.792000	0.198345
25.856000	0.198345
25.920000	0.198345
25.984000	0.198345
26.048000	0.198345
26.112000	0.198345
26.176000	0.198345
26.240000	0.198345
26.304000	0.198345
26.368000	0.198345
26.432000	0.198345
26.496000	0.198345
26.560000	0.198345
26.624000	0.198345
26.688000	0.198345
26.752000	0.197024
26.816000	0.178311
26.880000	0.178311
26.944000	0.178311
27.008000	0.178311
27.072000	0.178311
27.136000	0.178311
27.200000	0.178311
27.264000	0.178311
27.328000	0.178311
27.392000	0.178311
27.456000	0.178311
27.520000	0.178311
27.584000	0.178311
27.648000	0.178311
27.712000	0.178311
27.776000	0.178311
27.840000	0.178311
27.904000	0.178311
27.968000	0.178311
28.032000	0.178311
28.096000	0.178311
28.160000	0.178311
28.224000	0.178311
28.288000	0.178311
28.352000	0.178311
28.416000	0.178311
28.480000	0.178311
28.544000	0.178311
28.608000	0.178311
28.672000	0.178311
28.736000	0.178311
28.800000	0.178311
28.864000	0.178311
28.928000	0.178311
28.992000	0.178311
29.056000	0.178311
29.120000	0.178311
29.184000	0.178311
29.248000	0.178311
29.312000	0.178311
29.376000	0.178311
29.440000	0.178311
29.504000	0.178311
29.568000	0.178311
29.632000	0.178311
29.696000	0.178311
29.760000	0.178311
29.824000	0.178311
29.888000	0.178311
29.952000	0.178311
30.016000	0.178311
30.080000	0.178311
30.144000	0.178311
30.208000	0.178311
30.272000	0.178311
30.336000	0.178311
30.400000	0.178311
30.464000	0.178311
30.528000	0.178311
30.592000	0.178311
30.656000	0.178311
30.720000	0.178311
30.784000	0.178311
30.848000	0.178311
30.912000	0.178311
30.976000	0.178311
31.040000	0.178311
31.104000	0.178311
31.168000	0.178311
31.232000	0.178311
31.296000	0.178311
31.360000	0.178311
31.424000	0.178311
31.488000	0.178311
31.552000	0.178311
31.616000	0.178311
31.680000	0.178311
31.744000	0.178311
31.808000	0.178311
31.872000	0.178311
31.936000	0.178311
32.000000	0.178311
32.064000	0.178311
32.128000	0.178311
32.192000	0.178311
32.256000	0.178311
32.320000	0.178311
32.384000	0.178311
32.448000	0.178311
32.512000	0.178311
32.576000	0.178311
32.640000	0.178311
32.704000	0.178311
32.768000	0.178311
32.832000	0.178311
32.896000	0.178311
32.960000	0.178311
33.024000	0.178311
33.088000	0.178311
33.152000	0.178311
33.216000	0.195427
33.280000	0.195427
33.344000	0.195427
33.408000	0.195427
33.472000	0.195427
33.536000	0.202631
33.600000	0.202631
33.664000	0.202631
33.728000	0.202631
33.792000	0.202631
33.856000	0.202631
33.920000	0.202631
33.984000	0.202631
34.048000	0.202631
34.112000	0.202631
34.176000	0.202631
34.240000	0.202631
34.304000	0.202631
34.368000	0.202631
34.432000	0.202631
34.496000	0.202631
34.560000	0.202631
34.624000	0.202631
34.688000	0.202631
34.752000	0.202631
34.816000	0.202631
34.880000	0.202631
34.944000	0.202631
35.008000	0.202631
35.072000	0.202631
35.136000	0.202631
35.200000	0.202631
35.264000	0.202631
35.328000	0.202631
35.392000	0.202631
35.456000	0.202631
35.520000	0.202631
35.584000	0.202631
35.648000	0.202631
35.712000	0.202631
35.776000	0.202631
35.840000	0.202631
35.904000	0.202631
35.968000	0.202631
36.032000	0.202631
36.096000	0.202631
36.160000	0.202631
36.224000	0.202631
36.288000	0.202631
36.352000	0.202631
36.416000	0.202631
36.480000	0.202631
36.544000	0.202631
36.608000	0.202631
36.672000	0.202631
36.736000	0.202631
36.800000	0.202631
36.864000	0.202631
36.928000	0.202631
36.992000	0.202631
37.056000	0.202631
37.120000	0.202631
37.184000	0.202631
37.248000	0.202631
37.312000	0.202631
37.376000	0.202631
37.440000	0.202631
37.504000	0.202631
37.568000	0.202631
37.632000	0.202631
37.696000	0.202631
37.760000	0.202631
37.824000	0.202631
37.888000	0.202631
37.952000	0.202631
38.016000	0.202631
38.080000	0.202631
38.144000	0.202631
38.208000	0.202631
38.272000	0.202631
38.336000	0.202631
38.400000	0.202631
38.464000	0.202631
38.528000	0.202631
38.592000	0.202631
38.656000	0.202631
38.720000	0.202631
38.784000	0.202631
38.848000	0.202631
38.912000	0.202631
38.976000	0.202631
39.040000	0.202631
39.104000	0.202631
39.168000	0.202631
39.232000	0.202631
39.296000	0.202631
39.360000	0.202631
39.424000	0.202631
39.488000	0.202631
39.552000	0.202631
39.616000	0.202631
39.680000	0.202631
39.744000	0.202631
39.808000	0.202631
39.872000	0.652130
39.936000	0.652130
40.000000	0.652130
40.064000	0.652130
40.128000	0.652130
40.192000	0.652130
40.256000	0.652130
40.320000	0.497834
40.384000	0.368978
40.448000	0.368978
40.512000	0.368978
40.576000	0.368978
40.640000	0.368978
40.704000	0.368978
40.768000	0.368978
40.832000	0.368978
40.896000	0.368978
40.960000	0.368978
41.024000	0.368978
41.088000	0.368978
41.152000	0.368978
41.216000	0.368978
41.280000	0.368978
41.344000	0.368978
41.408000	0.368978
41.472000	0.368978
41.536000	0.368978
41.600000	0.368978
41.664000	0.368978
41.728000	0.368978
41.792000	0.368978
41.856000	0.368978
41.920000	0.368978
41.984000	0.368978
42.048000	0.368978
42.112000	0.368978
42.176000	0.368978
42.240000	0.368978
42.304000	0.368978
42.368000	0.361998
42.432000	0.361998
42.496000	0.361998
42.560000	0.223178
42.624000	0.223178
42.688000	0.223178
42.752000	0.223178
42.816000	0.223178
42.880000	0.223178
42.944000	0.223178
43.008000	0.223178
43.072000	0.223178
43.136000	0.223178
43.200000	0.223178
43.264000	0.223178
43.328000	0.223178
43.392000	0.223178
43.456000	0.223178
43.520000	0.223178
43.584000	0.223178
43.648000	0.223178
43.712000	0.223178
43.776000	0.223178
43.840000	0.223178
43.904000	0.223178
43.968000	0.223178
44.032000	0.223178
44.096000	0.223178
44.160000	0.223178
44.224000	0.223178
44.288000	0.223178
44.352000	0.223178
44.416000	0.223178
44.480000	0.223178
44.544000	0.223178
44.608000	0.223178
44.672000	0.223178
44.736000	0.223178
44.800000	0.223178
44.864000	0.223178
44.928000	0.223178
44.992000	0.223178
45.056000	0.223178
45.120000	0.223178
45.184000	0.223178
45.248000	0.223178
45.312000	0.223178
45.376000	0.223178
45.440000	0.223178
45.504000	0.223178
45.568000	0.223178
45.632000	0.223178
45.696000	0.223178
45.760000	0.223178
45.824000	0.223178
45.888000	0.223178
45.952000	0.223178
46.016000	0.223178
46.080000	0.223178
46.144000	0.223178
46.208000	0.223178
46.272000	0.223178
46.336000	0.223178
46.400000	0.223178
46.464000	0.223178
46.528000	0.223178
46.592000	0.223178
46.656000	0.223178
46.720000	0.223178
46.784000	0.223178
46.848000	0.223178
46.912000	0.223178
46.976000	0.223178
47.040000	0.223178
47.104000	0.223178
47.168000	0.223178
47.232000	0.223178
47.296000	0.223178
47.360000	0.223178
47.424000	0.223178
47.488000	0.223178
47.552000	0.223178
47.616000	0.223178
47.680000	0.223178
47.744000	0.223178
47.808000	0.223178
47.872000	0.223178
47.936000	0.223178
48.000000	0.223178
48.064000	0.223178
48.128000	0.223178
48.192000	0.223178
48.256000	0.223178
48.320000	0.223178
48.384000	0.223178
48.448000	0.223178
48.512000	0.223178
48.576000	0.223178
48.640000	0.223178
48.704000	0.223178
48.768000	0.223178
48.832000	0.223178
48.896000	0.223178
48.960000	0.224400
49.024000	0.224400
49.088000	0.224400
49.152000	0.224400
49.216000	0.224400
49.280000	0.224400
49.344000	0.224400
49.408000	0.224400
49.472000	0.224400
49.536000	0.224400
49.600000	0.224400
49.664000	0.224400
49.728000	0.224400
49.792000	0.224400
49.856000	0.224400
49.920000	0.224400
49.984000	0.224400
50.048000	0.224400
50.112000	0.224400
50.176000	0.224400
50.240000	0.224400
50.304000	0.224400
50.368000	0.224400
50.432000	0.224400
50.496000	0.224400
50.560000	0.224400
50.624000	0.224400
50.688000	0.224400
50.752000	0.224400
50.816000	0.224400
50.880000	0.224400
50.944000	0.224400
51.008000	0.224400
51.072000	0.224400
51.136000	0.224400
51.200000	0.224400
51.264000	0.224400
51.328000	0.224400
51.392000	0.224400
51.456000	0.224400
51.520000	0.224400
51.584000	0.224400
51.648000	0.224400
51.712000	0.224400
51.776000	0.224400
51.840000	0.224400
51.904000	0.224400
51.968000	0.224400
52.032000	0.224400
52.096000	0.224400
52.160000	0.224400
52.224000	0.224400
52.288000	0.224400
52.352000	0.224400
52.416000	0.224400
52.480000	0.224400
52.544000	0.224400
52.608000	0.224400
52.672000	0.224400
52.736000	0.224400
52.800000	0.224400
52.864000	0.224400
52.928000	0.224400
52.992000	0.224400
53.056000	0.116994
53.120000	0.116994
53.184000	0.116994
53.248000	0.094849
53.312000	0.094849
53.376000	0.094849
53.440000	0.094849
53.504000	0.094849
53.568000	0.094849
53.632000	0.094849
53.696000	0.094849
53.760000	0.094849
53.824000	0.094849
53.888000	0.094849
53.952000	0.094849
54.016000	0.094849
54.080000	0.094849
54.144000	0.094849
54.208000	0.094849
54.272000	0.094849
54.336000	0.094849
54.400000	0.094849
54.464000	0.094849
54.528000	0.094849
54.592000	0.094849
54.656000	0.094849
54.720000	0.094849
54.784000	0.094849
54.848000	0.094849
54.912000	0.094849
54.976000	0.094849
55.040000	0.094849
55.104000	0.094849
55.168000	0.094849
55.232000	0.094849
55.296000	0.094849
55.360000	0.094849
55.424000	0.094849
55.488000	0.094849
55.552000	0.094849
55.616000	0.094849
55.680000	0.094849
55.744000	0.094849
55.808000	0.094849
55.872000	0.094849
55.936000	0.094849
56.000000	0.094849
56.064000	0.094849
56.128000	0.094849
56.192000	0.094849
56.256000	0.094849
56.320000	0.094849
56.384000	0.094849
56.448000	0.094849
56.512000	0.094849
56.576000	0.094849
56.640000	0.094849
56.704000	0.094849
56.768000	0.094849
56.832000	0.094849
56.896000	0.094849
56.960000	0.094849
57.024000	0.094849
57.088000	0.094849
57.152000	0.094849
57.216000	0.094849
57.280000	0.094849
57.344000	0.094849
57.408000	0.094849
57.472000	0.094849
57.536000	0.094849
57.600000	0.094849
57.664000	0.094849
57.728000	0.094849
57.792000	0.094849
57.856000	0.094849
57.920000	0.094849
57.984000	0.094849
58.048000	0.094849
58.112000	0.094849
58.176000	0.094849
58.240000	0.094849
58.304000	0.094849
58.368000	0.094849
58.432000	0.094849
58.496000	0.094849
58.560000	0.094849
58.624000	0.094849
58.688000	0.094849
58.752000	0.094849
58.816000	0.094849
58.880000	0.094849
58.944000	0.094849
59.008000	0.094849
59.072000	0.094849
59.136000	0.094849
59.200000	0.094849
59.264000	0.094849
59.328000	0.094849
59.392000	0.094849
59.456000	0.094849
59.520000	0.094849
59.584000	0.094849
59.648000	0.107040
59.712000	0.107040
59.776000	0.107040
59.840000	0.107040
59.904000	0.107040
59.968000	0.107040
60.032000	0.107040
60.096000	0.107040
60.160000	0.107040
60.224000	0.107040
60.288000	0.107040
60.352000	0.107040
60.416000	0.107040
60.480000	0.107040
60.544000	0.107040
60.608000	0.107040
60.672000	0.107040
60.736000	0.107040
60.800000	0.112745
60.864000	0.112745
60.928000	0.112745
60.992000	0.112745
61.056000	0.112745
61.120000	0.112745
61.184000	0.112745
61.248000	0.112745
61.312000	0.112745
61.376000	0.112745
61.440000	0.112745
61.504000	0.112745
61.568000	0.112745
61.632000	0.112745
61.696000	0.112745
61.760000	0.112745
61.824000	0.112745
61.888000	0.112745
61.952000	0.112745
62.016000	0.112745
62.080000	0.112745
62.144000	0.112745
62.208000	0.112745
62.272000	0.112745
62.336000	0.171208
62.400000	0.196476
62.464000	0.196476
62.528000	0.196476
62.592000	0.196476
62.656000	0.196476
62.720000	0.196476
62.784000	0.196476
62.848000	0.237701
62.912000	0.237701
62.976000	0.237701
63.040000	0.237701
63.104000	0.237701
63.168000	0.237701
63.232000	0.237701
63.296000	0.237701
63.360000	0.237701
63.424000	0.237701
63.488000	0.237701
63.552000	0.237701
63.616000	0.237701
63.680000	0.237701
63.744000	0.237701
63.808000	0.302924
63.872000	0.302924
63.936000	0.302924
64.000000	0.302924
64.064000	0.302924
64.128000	0.302924
64.192000	0.302924
64.256000	0.302924
64.320000	0.302924
64.384000	0.302924
64.448000	0.302924
64.512000	0.302924
64.576000	0.302924
64.640000	0.302924
64.704000	0.302924
64.768000	0.302924
64.832000	0.238648
64.896000	0.238648
64.960000	0.238648
65.024000	0.238648
65.088000	0.238648
65.152000	0.238648
65.216000	0.238648
65.280000	0.235221
65.344000	0.176892
65.408000	0.176892
65.472000	0.176892
65.536000	0.176892
65.600000	0.176892
65.664000	0.176892
65.728000	0.176892
65.792000	0.176892
65.856000	0.176892
65.920000	0.176892
65.984000	0.176892
66.048000	0.176892
66.112000	0.176892
66.176000	0.176892
66.240000	0.176892
66.304000	0.176892
66.368000	0.176892
66.432000	0.176892
66.496000	0.176892
66.560000	0.176892
66.624000	0.176892
66.688000	0.176892
66.752000	0.176892
66.816000	0.176892
66.880000	0.176892
66.944000	0.176892
67.008000	0.176892
67.072000	0.176892
67.136000	0.176892
67.200000	0.176892
67.264000	0.176892
67.328000	0.176892
67.392000	0.176892
67.456000	0.176892
67.520000	0.176892
67.584000	0.176892
67.648000	0.176892
67.712000	0.176892
67.776000	0.176892
67.840000	0.176892
67.904000	0.176892
67.968000	0.176892
68.032000	0.154636
68.096000	0.154636
68.160000	0.154636
68.224000	0.154636
68.288000	0.154636
68.352000	0.154636
68.416000	0.154636
68.480000	0.154636
68.544000	0.154636
68.608000	0.154636
68.672000	0.154636
68.736000	0.154636
68.800000	0.154636
68.864000	0.154636
68.928000	0.154636
68.992000	0.154636
69.056000	0.154636
69.120000	0.154636
69.184000	0.154636
69.248000	0.154636
69.312000	0.154636
69.376000	0.154636
69.440000	0.154636
69.504000	0.154636
69.568000	0.154636
69.632000	0.154636
69.696000	0.154636
69.760000	0.154636
69.824000	0.154636
69.888000	0.154636
69.952000	0.154636
70.016000	0.154636
70.080000	0.154636
70.144000	0.154636
70.208000	0.154636
70.272000	0.154636
70.336000	0.154636
70.400000	0.154636
70.464000	0.154636
70.528000	0.154636
70.592000	0.154636
70.656000	0.154636
70.720000	0.154636
70.784000	0.154636
70.848000	0.154636
70.912000	0.154636
70.976000	0.154636
71.040000	0.154636
71.104000	0.154636
71.168000	0.154636
71.232000	0.154636
71.296000	0.154636
71.360000	0.154636
71.424000	0.154636
71.488000	0.154636
71.552000	0.154636
71.616000	0.154636
71.680000	0.154636
71.744000	0.154636
71.808000	0.154636
71.872000	0.154636
71.936000	0.154636
72.000000	0.154636
72.064000	0.154636
72.128000	0.154636
72.192000	0.154636
72.256000	0.154636
72.320000	0.154636
72.384000	0.154636
72.448000	0.154636
72.512000	0.154636
72.576000	0.154636
72.640000	0.154636
72.704000	0.154636
72.768000	0.154636
72.832000	0.154636
72.896000	0.154636
72.960000	0.154636
73.024000	0.154636
73.088000	0.154636
73.152000	0.154636
73.216000	0.154636
73.280000	0.154636
73.344000	0.154636
73.408000	0.154636
73.472000	0.154636
73.536000	0.154636
73.600000	0.154636
73.664000	0.154636
73.728000	0.154636
73.792000	0.154636
73.856000	0.154636
73.920000	0.154636
73.984000	0.154636
74.048000	0.154636
74.112000	0.154636
74.176000	0.154636
74.240000	0.154636
74.304000	0.154636
74.368000	0.154636
74.432000	0.464481
74.496000	0.464481
74.560000	0.464481
74.624000	0.464982
74.688000	0.464982
74.752000	0.464982
74.816000	0.464982
74.880000	0.464982
74.944000	0.464982
75.008000	0.464982
75.072000	0.464982
75.136000	0.464982
75.200000	0.464982
75.264000	0.464982
75.328000	0.464982
75.392000	0.464982
75.456000	0.464982
75.520000	0.464982
75.584000	0.464982
75.648000	0.464982
75.712000	0.464982
75.776000	0.464982
75.840000	0.464982
75.904000	0.464982
75.968000	0.464982
76.032000	0.464982
76.096000	0.464982
76.160000	0.464982
76.224000	0.451059
76.288000	0.451059
76.352000	0.451059
76.416000	0.451059
76.480000	0.451059
76.544000	0.451059
76.608000	0.451059
76.672000	0.451059
76.736000	0.451059
76.800000	0.451059
76.864000	0.451059
76.928000	0.451059
76.992000	0.451059
77.056000	0.451059
77.120000	0.451059
77.184000	0.451059
77.248000	0.451059
77.312000	0.451059
77.376000	0.451059
77.440000	0.451059
77.504000	0.451059
77.568000	0.451059
77.632000	0.451059
77.696000	0.451059
77.760000	0.451059
77.824000	0.451059
77.888000	0.451059
77.952000	0.451059
78.016000	0.451059
78.080000	0.451059
78.144000	0.378271
78.208000	0.262965
78.272000	0.262965
78.336000	0.262965
78.400000	0.262965
78.464000	0.262965
78.528000	0.262965
78.592000	0.262965
78.656000	0.262965
78.720000	0.262965
78.784000	0.262965
78.848000	0.262965
78.912000	0.262965
78.976000	0.262965
79.040000	0.262965
79.104000	0.262965
79.168000	0.262965
79.232000	0.262965
79.296000	0.262965
79.360000	0.262965
79.424000	0.262965
79.488000	0.262965
79.552000	0.262965
79.616000	0.262965
79.680000	0.262965
79.744000	0.262965
79.808000	0.262965
79.872000	0.262965
79.936000	0.262965
80.000000	0.262965
80.064000	0.262965
80.128000	0.262965
80.192000	0.262965
80.256000	0.262965
80.320000	0.262965
80.384000	0.262965
80.448000	0.262965
80.512000	0.262965
80.576000	0.262965
80.640000	0.262965
80.704000	0.262965
80.768000	0.262965
80.832000	0.262965
80.896000	0.262965
80.960000	0.262965
81.024000	0.262965
81.088000	0.262965
81.152000	0.167548
81.216000	0.167548
81.280000	0.167548
81.344000	0.167548
81.408000	0.167548
81.472000	0.167548
81.536000	0.167548
81.600000	0.167548
81.664000	0.167548
81.728000	0.167548
81.792000	0.167548
81.856000	0.167548
81.920000	0.167548
81.984000	0.167548
82.048000	0.167548
82.112000	0.167548
82.176000	0.167548
82.240000	0.167548
82.304000	0.167548
82.368000	0.167548
82.432000	0.167548
82.496000	0.167548
82.560000	0.167548
82.624000	0.167548
82.688000	0.167548
82.752000	0.167548
82.816000	0.167548
82.880000	0.167548
82.944000	0.167548
83.008000	0.167548
83.072000	0.167548
83.136000	0.167548
83.200000	0.167548
83.264000	0.167548
83.328000	0.167548
83.392000	0.167548
83.456000	0.167548
83.520000	0.167548
83.584000	0.167548
83.648000	0.167548
83.712000	0.167548
83.776000	0.167548
83.840000	0.167548
83.904000	0.167548
83.968000	0.167548
84.032000	0.167548
84.096000	0.167548
84.160000	0.167548
84.224000	0.167548
84.288000	0.167548
84.352000	0.167548
84.416000	0.167548
84.480000	0.167548
84.544000	0.167548
84.608000	0.167548
84.672000	0.167548
84.736000	0.167548
84.800000	0.167548
84.864000	0.167548
84.928000	0.167548
84.992000	0.167548
85.056000	0.167548
85.120000	0.167548
85.184000	0.167548
85.248000	0.167548
85.312000	0.167548
85.376000	0.167548
85.440000	0.167548
85.504000	0.167548
85.568000	0.167548
85.632000	0.167548
85.696000	0.167548
85.760000	0.167548
85.824000	0.167548
85.888000	0.167548
85.952000	0.167548
86.016000	0.167548
86.080000	0.167548
86.144000	0.167548
86.208000	0.167548
86.272000	0.167548
86.336000	0.167548
86.400000	0.167548
86.464000	0.167548
86.528000	0.167548
86.592000	0.167548
86.656000	0.167548
86.720000	0.167548
86.784000	0.167548
86.848000	0.167548
86.912000	0.167548
86.976000	0.167548
87.040000	0.167548
87.104000	0.167548
87.168000	0.167548
87.232000	0.167548
87.296000	0.167548
87.360000	0.167548
87.424000	0.167548
87.488000	0.167548
87.552000	0.189819
87.616000	0.346716
87.680000	0.346716
87.744000	0.355061
87.808000	0.355061
87.872000	0.355061
87.936000	0.355061
88.000000	0.355061
88.064000	0.355061
88.128000	0.355061
88.192000	0.355061
88.256000	0.355061
88.320000	0.355061
88.384000	0.355061
88.448000	0.355061
88.512000	0.331038
88.576000	0.281965
88.640000	0.281965
88.704000	0.281965
88.768000	0.281965
88.832000	0.281965
88.896000	0.234130
88.960000	0.234130
89.024000	0.234130
89.088000	0.234130
89.152000	0.234130
89.216000	0.234130
89.280000	0.234130
89.344000	0.234130
89.408000	0.234130
89.472000	0.234130
89.536000	0.234130
89.600000	0.234130
89.664000	0.234130
89.728000	0.234130
89.792000	0.234130
89.856000	0.234130
89.920000	0.234130
89.984000	0.234130
90.048000	0.234130
90.112000	0.234130
90.176000	0.234130
90.240000	0.234130
90.304000	0.234130
90.368000	0.234130
90.432000	0.234130
90.496000	0.234130
90.560000	0.234130
90.624000	0.234130
90.688000	0.234130
90.752000	0.234130
90.816000	0.234130
90.880000	0.234130
90.944000	0.234130
91.008000	0.234130
91.072000	0.234130
91.136000	0.234130
91.200000	0.234130
91.264000	0.224683
91.328000	0.224683
91.392000	0.224683
91.456000	0.224683
91.520000	0.224683
91.584000	0.224683
91.648000	0.224683
91.712000	0.224683
91.776000	0.224683
91.840000	0.224683
91.904000	0.224683
91.968000	0.224683
92.032000	0.224683
92.096000	0.224683
92.160000	0.224683
92.224000	0.224683
92.288000	0.224683
92.352000	0.224683
92.416000	0.224683
92.480000	0.224683
92.544000	0.224683
92.608000	0.224683
92.672000	0.224683
92.736000	0.224683
92.800000	0.224683
92.864000	0.224683
92.928000	0.224683
92.992000	0.224683
93.056000	0.224683
93.120000	0.224683
93.184000	0.224683
93.248000	0.224683
93.312000	0.224683
93.376000	0.224683
93.440000	0.224683
93.504000	0.224683
93.568000	0.224683
93.632000	0.224683
93.696000	0.224683
93.760000	0.224683
93.824000	0.224683
93.888000	0.224683
93.952000	0.224683
94.016000	0.224683
94.080000	0.224683
94.144000	0.224683
94.208000	0.224683
94.272000	0.224683
94.336000	0.224683
94.400000	0.224683
94.464000	0.224683
94.528000	0.224683
94.592000	0.224683
94.656000	0.224683
94.720000	0.224683
94.784000	0.224683
94.848000	0.224683
94.912000	0.224683
94.976000	0.224683
95.040000	0.224683
95.104000	0.224683
95.168000	0.224683
95.232000	0.224683
95.296000	0.224683
95.360000	0.224683
95.424000	0.224683
95.488000	0.224683
95.552000	0.224683
95.616000	0.224683
95.680000	0.224683
95.744000	0.224683
95.808000	0.224683
95.872000	0.224683
95.936000	0.224683
96.000000	0.224683
96.064000	0.224683
96.128000	0.196290
96.192000	0.196290
96.256000	0.196290
96.320000	0.196290
96.384000	0.196290
96.448000	0.196290
96.512000	0.196290
96.576000	0.196290
96.640000	0.196290
96.704000	0.196290
96.768000	0.196290
96.832000	0.196290
96.896000	0.196290
96.960000	0.196290
97.024000	0.196290
97.088000	0.196290
97.152000	0.196290
97.216000	0.196290
97.280000	0.196290
97.344000	0.196290
97.408000	0.196290
97.472000	0.196290
97.536000	0.196290
97.600000	0.196290
97.664000	0.196290
97.728000	0.196290
97.792000	0.182943
97.856000	0.182943
97.920000	0.182943
97.984000	0.182943
98.048000	0.182943
98.112000	0.182943
98.176000	0.182943
98.240000	0.182943
98.304000	0.182943
98.368000	0.182943
98.432000	0.182943
98.496000	0.182943
98.560000	0.182943
98.624000	0.182943
98.688000	0.182943
98.752000	0.182943
98.816000	0.182943
98.880000	0.182943
98.944000	0.182943
99.008000	0.182943
99.072000	0.182943
99.136000	0.182943
99.200000	0.182943
99.264000	0.182943
99.328000	0.182943
99.392000	0.179433
99.456000	0.179433
99.520000	0.179433
99.584000	0.179433
99.648000	0.179433
99.712000	0.179433
99.776000	0.179433
99.840000	0.179433
99.904000	0.179433
99.968000	0.179433
100.032000	0.179433
100.096000	0.179433
100.160000	0.179433
100.224000	0.179433
100.288000	0.179433
100.352000	0.179433
100.416000	0.179433
100.480000	0.179433
100.544000	0.179433
100.608000	0.179433
100.672000	0.179433
100.736000	0.179433
100.800000	0.179433
100.864000	0.179433
100.928000	0.179433
100.992000	0.179433
101.056000	0.179433
101.120000	0.179433
101.184000	0.179433
101.248000	0.179433
101.312000	0.179433
101.376000	0.179433
101.440000	0.179433
101.504000	0.179433
101.568000	0.179433
101.632000	0.179433
101.696000	0.179433
101.760000	0.179433
101.824000	0.179433
101.888000	0.179433
101.952000	0.179433
102.016000	0.179433
102.080000	0.179433
102.144000	0.179433
102.208000	0.179433
102.272000	0.179433
102.336000	0.179433
102.400000	0.179433
102.464000	0.179433
102.528000	0.179433
102.592000	0.179433
102.656000	0.179433
102.720000	0.179433
102.784000	0.179433
102.848000	0.179433
102.912000	0.179433
102.976000	0.179433
103.040000	0.179433
103.104000	0.179433
103.168000	0.179433
103.232000	0.179433
103.296000	0.179433
103.360000	0.179433
103.424000	0.179433
103.488000	0.179433
103.552000	0.179433
103.616000	0.179433
103.680000	0.179433
103.744000	0.179433
103.808000	0.179433
103.872000	0.179433
103.936000	0.179433
104.000000	0.179433
104.064000	0.179433
104.128000	0.179433
104.192000	0.179433
104.256000	0.179433
104.320000	0.179433
104.384000	0.179433
104.448000	0.179433
104.512000	0.179433
104.576000	0.179433
104.640000	0.179433
104.704000	0.179433
104.768000	0.179433
104.832000	0.179433
104.896000	0.179433
104.960000	0.179433
105.024000	0.179433
105.088000	0.179433
105.152000	0.179433
105.216000	0.179433
105.280000	0.179433
105.344000	0.179433
105.408000	0.179433
105.472000	0.179433
105.536000	0.179433
105.600000	0.179433
105.664000	0.179433
105.728000	0.179433
105.792000	0.189515
105.856000	0.189515
105.920000	0.189515
105.984000	0.189515
106.048000	0.189515
106.112000	0.189515
106.176000	0.189515
106.240000	0.189515
106.304000	0.189515
106.368000	0.189515
106.432000	0.189515
106.496000	0.189515
106.560000	0.216069
106.624000	0.216069
106.688000	0.216069
106.752000	0.216069
106.816000	0.216069
106.880000	0.216069
106.944000	0.216069
107.008000	0.216069
107.072000	0.216069
107.136000	0.216069
107.200000	0.216069
107.264000	0.216069
107.328000	0.216069
107.392000	0.216069
107.456000	0.216069
107.520000	0.216069
107.584000	0.216069
107.648000	0.216069
107.712000	0.216069
107.776000	0.216069
107.840000	0.216069
107.904000	0.216069
107.968000	0.216069
108.032000	0.216069
108.096000	0.216069
108.160000	0.216069
108.224000	0.216069
108.288000	0.216069
108.352000	0.216069
108.416000	0.216069
108.480000	0.216069
108.544000	0.216069
108.608000	0.216069
108.672000	0.216069
108.736000	0.216069
108.800000	0.216069
108.864000	0.216069
108.928000	0.216069
108.992000	0.216069
109.056000	0.216069
109.120000	0.216069
109.184000	0.216069
109.248000	0.216069
109.312000	0.216069
109.376000	0.216069
109.440000	0.216069
109.504000	0.216069
109.568000	0.216069
109.632000	0.216069
109.696000	0.216069
109.760000	0.216069
109.824000	0.216069
109.888000	0.216069
109.952000	0.216069
110.016000	0.216069
110.080000	0.216069
110.144000	0.216069
110.208000	0.216069
110.272000	0.216069
110.336000	0.216069
110.400000	0.216069
110.464000	0.216069
110.528000	0.216069
110.592000	0.216069
110.656000	0.216069
110.720000	0.216069
110.784000	0.224226
110.848000	0.224226
110.912000	0.224226
110.976000	0.224226
111.040000	0.224226
111.104000	0.224226
111.168000	0.224226
111.232000	0.191194
111.296000	0.191194
111.360000	0.191194
111.424000	0.191194
111.488000	0.191194
111.552000	0.191194
111.616000	0.191194
111.680000	0.191194
111.744000	0.191194
111.808000	0.191194
111.872000	0.191194
111.936000	0.191194
112.000000	0.191194
112.064000	0.191194
112.128000	0.191194
112.192000	0.191194
112.256000	0.191194
112.320000	0.191194
112.384000	0.191194
112.448000	0.191194
112.512000	0.191194
112.576000	0.191194
112.640000	0.191194
112.704000	0.191194
112.768000	0.191194
112.832000	0.191194
112.896000	0.191194
112.960000	0.191194
113.024000	0.191194
113.088000	0.191194
113.152000	0.191194
113.216000	0.191194
113.280000	0.191194
113.344000	0.191194
113.408000	0.191194
113.472000	0.191194
113.536000	0.191194
113.600000	0.191194
113.664000	0.191194
113.728000	0.191194
113.792000	0.191194
113.856000	0.191194
113.920000	0.191194
113.984000	0.191194
114.048000	0.191194
114.112000	0.191194
114.176000	0.191194
114.240000	0.191194
114.304000	0.191194
114.368000	0.191194
114.432000	0.191194
114.496000	0.191194
114.560000	0.191194
114.624000	0.191194
114.688000	0.191194
114.752000	0.191194
114.816000	0.191194
114.880000	0.191194
114.944000	0.191194
115.008000	0.191194
115.072000	0.191194
115.136000	0.191194
115.200000	0.191194
115.264000	0.191194
115.328000	0.191194
115.392000	0.191194
115.456000	0.191194
115.520000	0.191194
115.584000	0.191194
115.648000	0.191194
115.712000	0.191194
115.776000	0.191194
115.840000	0.191194
115.904000	0.191194
115.968000	0.191194
116.032000	0.191194
116.096000	0.191194
116.160000	0.191194
116.224000	0.191194
116.288000	0.191194
116.352000	0.191194
116.416000	0.191194
116.480000	0.191194
116.544000	0.191194
116.608000	0.191194
116.672000	0.191194
116.736000	0.191194
116.800000	0.191194
116.864000	0.191194
116.928000	0.191194
116.992000	0.191194
117.056000	0.191194
117.120000	0.191194
117.184000	0.191194
117.248000	0.191194
117.312000	0.191194
117.376000	0.191194
117.440000	0.191194
117.504000	0.191194
117.568000	0.191194
117.632000	0.221058
117.696000	0.221058
117.760000	0.221058
117.824000	0.221058
117.888000	0.221058
117.952000	0.221058
118.016000	0.221058
118.080000	0.374976
118.144000	0.374976
118.208000	0.374976
118.272000	0.374976
118.336000	0.374976
118.400000	0.374976
118.464000	0.374976
118.528000	0.374976
118.592000	0.374976
118.656000	0.374976
118.720000	0.374976
118.784000	0.374976
118.848000	0.374976
118.912000	0.374976
118.976000	0.374976
119.040000	0.374976
119.104000	0.374976
119.168000	0.374976
119.232000	0.374976
119.296000	0.374976
119.360000	0.374976
119.424000	0.374976
119.488000	0.374976
119.552000	0.374976
119.616000	0.374976
119.680000	0.374976
119.744000	0.374976
119.808000	0.374976
119.872000	0.374976
119.936000	0.374976
120.000000	0.374976
120.064000	0.374976
120.128000	0.374976
120.192000	0.374976
120.256000	0.374976
120.320000	0.374976
120.384000	0.374976
120.448000	0.374976
120.512000	0.374976
120.576000	0.374976
120.640000	0.374976
120.704000	0.374976
120.768000	0.374976
120.832000	0.374976
120.896000	0.374976
120.960000	0.374976
121.024000	0.374976
121.088000	0.374976
121.152000	0.374976
121.216000	0.374976
121.280000	0.374976
121.344000	0.374976
121.408000	0.374976
121.472000	0.282069
121.536000	0.282069
121.600000	0.282069
121.664000	0.282069
121.728000	0.282069
121.792000	0.282069
121.856000	0.282069
121.920000	0.282069
121.984000	0.282069
122.048000	0.282069
122.112000	0.282069
122.176000	0.282069
122.240000	0.282069
122.304000	0.282069
122.368000	0.282069
122.432000	0.282069
122.496000	0.282069
122.560000	0.282069
122.624000	0.282069
122.688000	0.282069
122.752000	0.282069
122.816000	0.282069
122.880000	0.282069
122.944000	0.282069
123.008000	0.282069
123.072000	0.282069
123.136000	0.282069
123.200000	0.282069
123.264000	0.282069
123.328000	0.282069
123.392000	0.282069
123.456000	0.282069
123.520000	0.282069
123.584000	0.282069
123.648000	0.282069
123.712000	0.282069
123.776000	0.282069
123.840000	0.282069
123.904000	0.282069
123.968000	0.282069
124.032000	0.282069
124.096000	0.282069
124.160000	0.282069
124.224000	0.282069
124.288000	0.282069
124.352000	0.282069
124.416000	0.282069
124.480000	0.282069
124.544000	0.282069
124.608000	0.282069
124.672000	0.282069
124.736000	0.282069
124.800000	0.282069
124.864000	0.282069
124.928000	0.282069
124.992000	0.282069
125.056000	0.282069
125.120000	0.282069
125.184000	0.282069
125.248000	0.282069
125.312000	0.282069
125.376000	0.282069
125.440000	0.282069
125.504000	0.282069
125.568000	0.282069
125.632000	0.282069
125.696000	0.282069
125.760000	0.282069
125.824000	0.282069
125.888000	0.282069
125.952000	0.282069
126.016000	0.282069
126.080000	0.282069
126.144000	0.282069
126.208000	0.282069
126.272000	0.282069
126.336000	0.282069
126.400000	0.282069
126.464000	0.282069
126.528000	0.282069
126.592000	0.282069
126.656000	0.282069
126.720000	0.282069
126.784000	0.282069
126.848000	0.282069
126.912000	0.282069
126.976000	0.282069
127.040000	0.282069
127.104000	0.282069
127.168000	0.282069
127.232000	0.282069
127.296000	0.282069
127.360000	0.282069
127.424000	0.282069
127.488000	0.282069
127.552000	0.282069
127.616000	0.282069
127.680000	0.282069
127.744000	0.282069
127.808000	0.282069
127.872000	0.375456
127.936000	0.375456
128.000000	0.375456
128.064000	0.375456
128.128000	0.375456
128.192000	0.375456
128.256000	0.375456
128.320000	0.375456
128.384000	0.375456
128.448000	0.375456
128.512000	0.375456
128.576000	0.375456
128.640000	0.111488
128.704000	0.111488
128.768000	0.111488
128.832000	0.111488
128.896000	0.111488
128.960000	0.111488
129.024000	0.111488
129.088000	0.111488
129.152000	0.111488
129.216000	0.111488
129.280000	0.111488
129.344000	0.111488
129.408000	0.111488
129.472000	0.111488
129.536000	0.111488
129.600000	0.111488
129.664000	0.111488
129.728000	0.111488
129.792000	0.111488
129.856000	0.111488
129.920000	0.111488
129.984000	0.111488
130.048000	0.111488
130.112000	0.111488
130.176000	0.111488
130.240000	0.111488
130.304000	0.111488
130.368000	0.111488
130.432000	0.111488
130.496000	0.111488
130.560000	0.111488
130.624000	0.111488
130.688000	0.111488
130.752000	0.111488
130.816000	0.111488
130.880000	0.111488
130.944000	0.111488
131.008000	0.111488
131.072000	0.111488
131.136000	0.111488
131.200000	0.111488
131.264000	0.111488
131.328000	0.111488
131.392000	0.111488
131.456000	0.111488
131.520000	0.111488
131.584000	0.111488
131.648000	0.111488
131.712000	0.111488
131.776000	0.111488
131.840000	0.111488
131.904000	0.111488
131.968000	0.111488
132.032000	0.111488
132.096000	0.111488
132.160000	0.111488
132.224000	0.111488
132.288000	0.111488
132.352000	0.111488
132.416000	0.111488
132.480000	0.111488
132.544000	0.111488
132.608000	0.111488
132.672000	0.111488
132.736000	0.111488
132.800000	0.111488
132.864000	0.111488
132.928000	0.111488
132.992000	0.111488
133.056000	0.111488
133.120000	0.111488
133.184000	0.111488
133.248000	0.111488
133.312000	0.111488
133.376000	0.111488
133.440000	0.111488
133.504000	0.111488
133.568000	0.111488
133.632000	0.111488
133.696000	0.111488
133.760000	0.111488
133.824000	0.111488
133.888000	0.111488
133.952000	0.111488
134.016000	0.111488
134.080000	0.111488
134.144000	0.111488
134.208000	0.111488
134.272000	0.111488
134.336000	0.111488
134.400000	0.111488
134.464000	0.111488
134.528000	0.111488
134.592000	0.111488
134.656000	0.111488
134.720000	0.111488
134.784000	0.111488
134.848000	0.111488
134.912000	0.111488
134.976000	0.111488
135.040000	0.212874
135.104000	0.212874
135.168000	0.212874
135.232000	0.212874
135.296000	0.212874
135.360000	0.212874
135.424000	0.212874
135.488000	0.212874
135.552000	0.212874
135.616000	0.212874
135.680000	0.212874
135.744000	0.212874
135.808000	0.212874
135.872000	0.212874
135.936000	0.212874
136.000000	0.212874
136.064000	0.212874
136.128000	0.212874
136.192000	0.212874
136.256000	0.212874
136.320000	0.212874
136.384000	0.212874
136.448000	0.212874
136.512000	0.212874
136.576000	0.212874
136.640000	0.212874
136.704000	0.212874
136.768000	0.212874
136.832000	0.212874
136.896000	0.212874
136.960000	0.212874
137.024000	0.197885
137.088000	0.165167
137.152000	0.165167
137.216000	0.165167
137.280000	0.165167
137.344000	0.165167
137.408000	0.165167
137.472000	0.165167
137.536000	0.165167
137.600000	0.165167
137.664000	0.165167
137.728000	0.165167
137.792000	0.165167
137.856000	0.165167
137.920000	0.165167
137.984000	0.165167
138.048000	0.165167
138.112000	0.165167
138.176000	0.165167
138.240000	0.165167
138.304000	0.165167
138.368000	0.165167
138.432000	0.165167
138.496000	0.165167
138.560000	0.165167
138.624000	0.165167
138.688000	0.165167
138.752000	0.165167
138.816000	0.165167
138.880000	0.165167
138.944000	0.165167
139.008000	0.165167
139.072000	0.165167
139.136000	0.165167
139.200000	0.165167
139.264000	0.165167
139.328000	0.165167
139.392000	0.165167
139.456000	0.165167
139.520000	0.165167
139.584000	0.165167
139.648000	0.165167
139.712000	0.165167
139.776000	0.165167
139.840000	0.165167
139.904000	0.165167
139.968000	0.165167
140.032000	0.165167
140.096000	0.165167
140.160000	0.165167
140.224000	0.165167
140.288000	0.165167
140.352000	0.165167
140.416000	0.165167
140.480000	0.165167
140.544000	0.165167
140.608000	0.165167
140.672000	0.165167
140.736000	0.165167
140.800000	0.165167
140.864000	0.165167
140.928000	0.165167
140.992000	0.165167
141.056000	0.165167
141.120000	0.165167
141.184000	0.165167
141.248000	0.165167
141.312000	0.165167
141.376000	0.165167
141.440000	0.165167
141.504000	0.165167
141.568000	0.165167
141.632000	0.165167
141.696000	0.165167
141.760000	0.165167
141.824000	0.165167
141.888000	0.165167
141.952000	0.165167
142.016000	0.165167
142.080000	0.165167
142.144000	0.165167
142.208000	0.165167
142.272000	0.165167
142.336000	0.165167
142.400000	0.165167
142.464000	0.165167
142.528000	0.165167
142.592000	0.165167
142.656000	0.165167
142.720000	0.165167
142.784000	0.165167
142.848000	0.165167
142.912000	0.165167
142.976000	0.165167
143.040000	0.165167
143.104000	0.165167
143.168000	0.165167
143.232000	0.165167
143.296000	0.165167
143.360000	0.165167
143.424000	0.165167
143.488000	0.220930
143.552000	0.220930
143.616000	0.220930
143.680000	0.220930
143.744000	0.220930
143.808000	0.195763
143.872000	0.195763
143.936000	0.195763
144.000000	0.195763
144.064000	0.195763
144.128000	0.195763
144.192000	0.195763
144.256000	0.195763
144.320000	0.195763
144.384000	0.195763
144.448000	0.195763
144.512000	0.195763
144.576000	0.195763
144.640000	0.195763
144.704000	0.195763
144.768000	0.195763
144.832000	0.195763
144.896000	0.195763
144.960000	0.195763
145.024000	0.195763
145.088000	0.195763
145.152000	0.195763
145.216000	0.195763
145.280000	0.195763
145.344000	0.195763
145.408000	0.195763
145.472000	0.195763
145.536000	0.195763
145.600000	0.195763
145.664000	0.195763
145.728000	0.195763
145.792000	0.195763
145.856000	0.195763
145.920000	0.195763
145.984000	0.195763
146.048000	0.195763
146.112000	0.195763
146.176000	0.195763
146.240000	0.195763
146.304000	0.195763
146.368000	0.195763
146.432000	0.195763
146.496000	0.195763
146.560000	0.195763
146.624000	0.195763
146.688000	0.195763
146.752000	0.195763
146.816000	0.195763
146.880000	0.195763
146.944000	0.195763
147.008000	0.195763
147.072000	0.195763
147.136000	0.195763
147.200000	0.195763
147.264000	0.195763
147.328000	0.195763
147.392000	0.195763
147.456000	0.195763
147.520000	0.195763
147.584000	0.195763
147.648000	0.195763
147.712000	0.195763
147.776000	0.195763
147.840000	0.195763
147.904000	0.195763
147.968000	0.195763
148.032000	0.195763
148.096000	0.195763
148.160000	0.195763
148.224000	0.195763
148.288000	0.195763
148.352000	0.195763
148.416000	0.195763
148.480000	0.195763
148.544000	0.195763
148.608000	0.195763
148.672000	0.195763
148.736000	0.195763
148.800000	0.195763
148.864000	0.195763
148.928000	0.195763
148.992000	0.195763
149.056000	0.195763
149.120000	0.195763
149.184000	0.195763
149.248000	0.195763
149.312000	0.195763
149.376000	0.195763
149.440000	0.195763
149.504000	0.195763
149.568000	0.195763
149.632000	0.195763
149.696000	0.195763
149.760000	0.195763
149.824000	0.195763
149.888000	0.195763
149.952000	0.195763
150.016000	0.195763
150.080000	0.195763
150.144000	0.195763
150.208000	0.207333
150.272000	0.207333
150.336000	0.207333
150.400000	0.207333
150.464000	0.207333
150.528000	0.207333
150.592000	0.207333
150.656000	0.207333
150.720000	0.207333
150.784000	0.207333
150.848000	0.207333
150.912000	0.207333
150.976000	0.207333
151.040000	0.207333
151.104000	0.207333
151.168000	0.207333
151.232000	0.207333
151.296000	0.207333
151.360000	0.207333
151.424000	0.207333
151.488000	0.207333
151.552000	0.207333
151.616000	0.207333
151.680000	0.207333
151.744000	0.207333
151.808000	0.207333
151.872000	0.207333
151.936000	0.271996
152.000000	0.271996
152.064000	0.271996
152.128000	0.271996
152.192000	0.271996
152.256000	0.271996
152.320000	0.271996
152.384000	0.271996
152.448000	0.305680
152.512000	0.305680
152.576000	0.305680
152.640000	0.305680
152.704000	0.305680
152.768000	0.305680
152.832000	0.305680
152.896000	0.295612
152.960000	0.179498
153.024000	0.163823
153.088000	0.163823
153.152000	0.163823
153.216000	0.163823
153.280000	0.163823
153.344000	0.163823
153.408000	0.163823
153.472000	0.163823
153.536000	0.163823
153.600000	0.163823
153.664000	0.163823
153.728000	0.163823
153.792000	0.163823
153.856000	0.163823
153.920000	0.163823
153.984000	0.163823
154.048000	0.163823
154.112000	0.163823
154.176000	0.163823
154.240000	0.163823
154.304000	0.163823
154.368000	0.163823
154.432000	0.163823
154.496000	0.163823
154.560000	0.163823
154.624000	0.163823
154.688000	0.163823
154.752000	0.163823
154.816000	0.163823
154.880000	0.163823
154.944000	0.163823
155.008000	0.163823
155.072000	0.163823
155.136000	0.163823
155.200000	0.163823
155.264000	0.163823
155.328000	0.163823
155.392000	0.163823
155.456000	0.163823
155.520000	0.163823
155.584000	0.163823
155.648000	0.163823
155.712000	0.163823
155.776000	0.163823
155.840000	0.163823
155.904000	0.163823
155.968000	0.163823
156.032000	0.163823
156.096000	0.163823
156.160000	0.163823
156.224000	0.163823
156.288000	0.163823
156.352000	0.163823
156.416000	0.163823
156.480000	0.163823
156.544000	0.163823
156.608000	0.163823
156.672000	0.163823
156.736000	0.163823
156.800000	0.163823
156.864000	0.163823
156.928000	0.163823
156.992000	0.163823
157.056000	0.163823
157.120000	0.163823
157.184000	0.163823
157.248000	0.163823
157.312000	0.163823
157.376000	0.163823
157.440000	0.163823
157.504000	0.163823
157.568000	0.163823
157.632000	0.163823
157.696000	0.163823
157.760000	0.163823
157.824000	0.163823
157.888000	0.163823
157.952000	0.163823
158.016000	0.163823
158.080000	0.163823
158.144000	0.163823
158.208000	0.163823
158.272000	0.163823
158.336000	0.163823
158.400000	0.163823
158.464000	0.163823
158.528000	0.163823
158.592000	0.163823
158.656000	0.163823
158.720000	0.163823
158.784000	0.163823
158.848000	0.163823
158.912000	0.163823
158.976000	0.163823
159.040000	0.163823
159.104000	0.163823
159.168000	0.163823
159.232000	0.163823
159.296000	0.163823
159.360000	0.163823
159.424000	0.282697
159.488000	0.282697
159.552000	0.299816
159.616000	0.299816
159.680000	0.299816
159.744000	0.299816
159.808000	0.299816
159.872000	0.299816
159.936000	0.299816
160.000000	0.299816
160.064000	0.299816
160.128000	0.274602
160.192000	0.274602
160.256000	0.274602
160.320000	0.274602
160.384000	0.274602
160.448000	0.274602
160.512000	0.274602
160.576000	0.274602
160.640000	0.274602
160.704000	0.274602
160.768000	0.274602
160.832000	0.274602
160.896000	0.274602
160.960000	0.274602
161.024000	0.274602
161.088000	0.274602
161.152000	0.274602
161.216000	0.274602
161.280000	0.274602
161.344000	0.274602
161.408000	0.274602
161.472000	0.274602
161.536000	0.274602
161.600000	0.274602
161.664000	0.274602
161.728000	0.274602
161.792000	0.274602
161.856000	0.274602
161.920000	0.274602
161.984000	0.274602
162.048000	0.274602
162.112000	0.274602
162.176000	0.274602
162.240000	0.274602
162.304000	0.274602
162.368000	0.274602
162.432000	0.274602
162.496000	0.274602
162.560000	0.274602
162.624000	0.274602
162.688000	0.274602
162.752000	0.274602
162.816000	0.274602
162.880000	0.274602
162.944000	0.274602
163.008000	0.274602
163.072000	0.274602
163.136000	0.274602
163.200000	0.274602
163.264000	0.274602
163.328000	0.274602
163.392000	0.274602
163.456000	0.274602
163.520000	0.274602
163.584000	0.274602
163.648000	0.274602
163.712000	0.274602
163.776000	0.274602
163.840000	0.274602
163.904000	0.274602
163.968000	0.274602
164.032000	0.274602
164.096000	0.274602
164.160000	0.274602
164.224000	0.274602
164.288000	0.274602
164.352000	0.274602
164.416000	0.274602
164.480000	0.274602
164.544000	0.274602
164.608000	0.274602
164.672000	0.274602
164.736000	0.274602
164.800000	0.274602
164.864000	0.274602
164.928000	0.274602
164.992000	0.274602
165.056000	0.274602
165.120000	0.274602
165.184000	0.274602
165.248000	0.274602
165.312000	0.274602
165.376000	0.274602
165.440000	0.274602
165.504000	0.274602
165.568000	0.274602
165.632000	0.274602
165.696000	0.274602
165.760000	0.274602
165.824000	0.274602
165.888000	0.274602
165.952000	0.274602
166.016000	0.274602
166.080000	0.274602
166.144000	0.274602
166.208000	0.274602
166.272000	0.274602
166.336000	0.274602
166.400000	0.274602
166.464000	0.274602
166.528000	0.296166
166.592000	0.296166
166.656000	0.296166
166.720000	0.296166
166.784000	0.296166
166.848000	0.296166
166.912000	0.296166
166.976000	0.296166
167.040000	0.296166
167.104000	0.296166
167.168000	0.296166
167.232000	0.296166
167.296000	0.296166
167.360000	0.296166
167.424000	0.296166
167.488000	0.296166
167.552000	0.296166
167.616000	0.296166
167.680000	0.296166
167.744000	0.296166
167.808000	0.296166
167.872000	0.296166
167.936000	0.296166
168.000000	0.296166
168.064000	0.296166
168.128000	0.296166
168.192000	0.296166
168.256000	0.296166
168.320000	0.296166
168.384000	0.296166
168.448000	0.296166
168.512000	0.296166
168.576000	0.296166
168.640000	0.296166
168.704000	0.296166
168.768000	0.296166
168.832000	0.296166
168.896000	0.272675
168.960000	0.272675
169.024000	0.272675
169.088000	0.272675
169.152000	0.225641
169.216000	0.225641
169.280000	0.225641
169.344000	0.225641
169.408000	0.225641
169.472000	0.225641
169.536000	0.225641
169.600000	0.225641
169.664000	0.225641
169.728000	0.225641
169.792000	0.225641
169.856000	0.225641
169.920000	0.225641
169.984000	0.225641
170.048000	0.225641
170.112000	0.225641
170.176000	0.225641
170.240000	0.225641
170.304000	0.225641
170.368000	0.225641
170.432000	0.225641
170.496000	0.225641
170.560000	0.225641
170.624000	0.225641
170.688000	0.225641
170.752000	0.225641
170.816000	0.225641
170.880000	0.225641
170.944000	0.225641
171.008000	0.225641
171.072000	0.225641
171.136000	0.225641
171.200000	0.225641
171.264000	0.225641
171.328000	0.225641
171.392000	0.225641
171.456000	0.225641
171.520000	0.225641
171.584000	0.225641
171.648000	0.225641
171.712000	0.225641
171.776000	0.225641
171.840000	0.225641
171.904000	0.225641
171.968000	0.225641
172.032000	0.225641
172.096000	0.225641
172.160000	0.225641
172.224000	0.225641
172.288000	0.225641
172.352000	0.225641
172.416000	0.225641
172.480000	0.225641
172.544000	0.225641
172.608000	0.225641
172.672000	0.225641
172.736000	0.225641
172.800000	0.225641
172.864000	0.225641
172.928000	0.225641
172.992000	0.225641
173.056000	0.225641
173.120000	0.225641
173.184000	0.225641
173.248000	0.225641
173.312000	0.225641
173.376000	0.225641
173.440000	0.225641
173.504000	0.225641
173.568000	0.225641
173.632000	0.225641
173.696000	0.225641
173.760000	0.225641
173.824000	0.225641
173.888000	0.225641
173.952000	0.225641
174.016000	0.225641
174.080000	0.225641
174.144000	0.225641
174.208000	0.225641
174.272000	0.225641
174.336000	0.225641
174.400000	0.225641
174.464000	0.225641
174.528000	0.225641
174.592000	0.225641
174.656000	0.225641
174.720000	0.225641
174.784000	0.225641
174.848000	0.225641
174.912000	0.225641
174.976000	0.225641
175.040000	0.225641
175.104000	0.225641
175.168000	0.225641
175.232000	0.225641
175.296000	0.225641
175.360000	0.225641
175.424000	0.225641
175.488000	0.225641
175.552000	0.240368
175.616000	0.284129
175.680000	0.284129
175.744000	0.285660
175.808000	0.285660
175.872000	0.285660
175.936000	0.285660
176.000000	0.285660
176.064000	0.285660
176.128000	0.285660
176.192000	0.285660
176.256000	0.285660
176.320000	0.285660
176.384000	0.285660
176.448000	0.285660
176.512000	0.285660
176.576000	0.285660
176.640000	0.285660
176.704000	0.285660
176.768000	0.285660
176.832000	0.285660
176.896000	0.285660
176.960000	0.285660
177.024000	0.285660
177.088000	0.285660
177.152000	0.285660
177.216000	0.285660
177.280000	0.285660
177.344000	0.285660
177.408000	0.285660
177.472000	0.285660
177.536000	0.285660
177.600000	0.285660
177.664000	0.285660
177.728000	0.285660
177.792000	0.285660
177.856000	0.285660
177.920000	0.285660
177.984000	0.285660
178.048000	0.285660
178.112000	0.285660
178.176000	0.285660
178.240000	0.285660
178.304000	0.285660
178.368000	0.285660
178.432000	0.285660
178.496000	0.285660
178.560000	0.285660
178.624000	0.285660
178.688000	0.285660
178.752000	0.285660
178.816000	0.285660
178.880000	0.285660
178.944000	0.285660
179.008000	0.285660
179.072000	0.285660
179.136000	0.285660
179.200000	0.285660
179.264000	0.285660
179.328000	0.285660
179.392000	0.285660
179.456000	0.285660
179.520000	0.285660
179.584000	0.285660
179.648000	0.285660
179.712000	0.285660
179.776000	0.285660
179.840000	0.285660
179.904000	0.285660
179.968000	0.285660
180.032000	0.285660
180.096000	0.285660
180.160000	0.285660
180.224000	0.285660
180.288000	0.285660
180.352000	0.285660
180.416000	0.285660
180.480000	0.285660
180.544000	0.285660
180.608000	0.285660
180.672000	0.285660
180.736000	0.285660
180.800000	0.285660
180.864000	0.285660
180.928000	0.285660
180.992000	0.326036
181.056000	0.326036
181.120000	0.326036
181.184000	0.326036
181.248000	0.326036
181.312000	0.326036
181.376000	0.329204
181.440000	0.329204
181.504000	0.329204
181.568000	0.329204
181.632000	0.329204
181.696000	0.329204
181.760000	0.329204
181.824000	0.329204
181.888000	0.329204
181.952000	0.329204
182.016000	0.329204
182.080000	0.329204
182.144000	0.329204
182.208000	0.329204
182.272000	0.329204
182.336000	0.329204
182.400000	0.329204
182.464000	0.329204
182.528000	0.329204
182.592000	0.329204
182.656000	0.329204
182.720000	0.329204
182.784000	0.205060
182.848000	0.205060
182.912000	0.205060
182.976000	0.205060
183.040000	0.205060
183.104000	0.205060
183.168000	0.205060
183.232000	0.205060
183.296000	0.205060
183.360000	0.205060
183.424000	0.205060
183.488000	0.205060
183.552000	0.205060
183.616000	0.205060
183.680000	0.205060
183.744000	0.205060
183.808000	0.205060
183.872000	0.205060
183.936000	0.205060
184.000000	0.205060
184.064000	0.205060
184.128000	0.205060
184.192000	0.205060
184.256000	0.205060
184.320000	0.205060
184.384000	0.205060
184.448000	0.205060
184.512000	0.205060
184.576000	0.205060
184.640000	0.205060
184.704000	0.205060
184.768000	0.205060
184.832000	0.205060
184.896000	0.205060
184.960000	0.205060
185.024000	0.205060
185.088000	0.205060
185.152000	0.205060
185.216000	0.205060
185.280000	0.205060
185.344000	0.205060
185.408000	0.205060
185.472000	0.205060
185.536000	0.205060
185.600000	0.205060
185.664000	0.205060
185.728000	0.205060
185.792000	0.205060
185.856000	0.205060
185.920000	0.205060
185.984000	0.205060
186.048000	0.205060
186.112000	0.205060
186.176000	0.205060
186.240000	0.205060
186.304000	0.205060
186.368000	0.205060
186.432000	0.205060
186.496000	0.205060
186.560000	0.205060
186.624000	0.205060
186.688000	0.205060
186.752000	0.205060
186.816000	0.205060
186.880000	0.205060
186.944000	0.205060
187.008000	0.205060
187.072000	0.205060
187.136000	0.205060
187.200000	0.205060
187.264000	0.205060
187.328000	0.205060
187.392000	0.205060
187.456000	0.205060
187.520000	0.205060
187.584000	0.205060
187.648000	0.205060
187.712000	0.205060
187.776000	0.205060
187.840000	0.177516
187.904000	0.177516
187.968000	0.177516
188.032000	0.177516
188.096000	0.177516
188.160000	0.177516
188.224000	0.177516
188.288000	0.177516
188.352000	0.177516
188.416000	0.177516
188.480000	0.177516
188.544000	0.177516
188.608000	0.177516
188.672000	0.177516
188.736000	0.177516
188.800000	0.177516
188.864000	0.177516
188.928000	0.177516
188.992000	0.177516
189.056000	0.177516
189.120000	0.177516
189.184000	0.177516
189.248000	0.177516
189.312000	0.177516
189.376000	0.177516
189.440000	0.177516
189.504000	0.177516
189.568000	0.177516
189.632000	0.177516
189.696000	0.177516
189.760000	0.177516
189.824000	0.177516
189.888000	0.177516
189.952000	0.177516
190.016000	0.177516
190.080000	0.177516
190.144000	0.177516
190.208000	0.177516
190.272000	0.177516
190.336000	0.177516
190.400000	0.177516
190.464000	0.177516
190.528000	0.177516
190.592000	0.177516
190.656000	0.177516
190.720000	0.177516
190.784000	0.177516
190.848000	0.177516
190.912000	0.177516
190.976000	0.177516
191.040000	0.177516
191.104000	0.177516
191.168000	0.177516
191.232000	0.177516
191.296000	0.177516
191.360000	0.177516
191.424000	0.177516
191.488000	0.177516
191.552000	0.177516
191.616000	0.177516
191.680000	0.177516
191.744000	0.177516
191.808000	0.177516
191.872000	0.177516
191.936000	0.177516
192.000000	0.177516
192.064000	0.177516
192.128000	0.177516
192.192000	0.177516
192.256000	0.177516
192.320000	0.177516
192.384000	0.177516
192.448000	0.177516
192.512000	0.177516
192.576000	0.177516
192.640000	0.177516
192.704000	0.177516
192.768000	0.177516
192.832000	0.177516
192.896000	0.177516
192.960000	0.177516
193.024000	0.177516
193.088000	0.177516
193.152000	0.177516
193.216000	0.177516
193.280000	0.177516
193.344000	0.177516
193.408000	0.177516
193.472000	0.177516
193.536000	0.177516
193.600000	0.177516
193.664000	0.177516
193.728000	0.177516
193.792000	0.177516
193.856000	0.177516
193.920000	0.177516
193.984000	0.177516
194.048000	0.177516
194.112000	0.177516
194.176000	0.177516
194.240000	0.221733
194.304000	0.221733
194.368000	0.221733
194.432000	0.221733
194.496000	0.221733
194.560000	0.221733
194.624000	0.221733
194.688000	0.221733
194.752000	0.221733
194.816000	0.221733
194.880000	0.221733
194.944000	0.221733
195.008000	0.221733
195.072000	0.221733
195.136000	0.221733
195.200000	0.221733
195.264000	0.221733
195.328000	0.221733
195.392000	0.221733
195.456000	0.221733
195.520000	0.221733
195.584000	0.221733
195.648000	0.221733
195.712000	0.221733
195.776000	0.221733
195.840000	0.221733
195.904000	0.221733
195.968000	0.221733
196.032000	0.221733
196.096000	0.221733
196.160000	0.221733
196.224000	0.221733
196.288000	0.221733
196.352000	0.221733
196.416000	0.221733
196.480000	0.221733
196.544000	0.221733
196.608000	0.221733
196.672000	0.221733
196.736000	0.221733
196.800000	0.221733
196.864000	0.221733
196.928000	0.221733
196.992000	0.221733
197.056000	0.221733
197.120000	0.221733
197.184000	0.221733
197.248000	0.221733
197.312000	0.221733
197.376000	0.221733
197.440000	0.221733
197.504000	0.221733
197.568000	0.221733
197.632000	0.221733
197.696000	0.221733
197.760000	0.221733
197.824000	0.221733
197.888000	0.221733
197.952000	0.221733
198.016000	0.221733
198.080000	0.221733
198.144000	0.221733
198.208000	0.221733
198.272000	0.221733
198.336000	0.221733
198.400000	0.221733
198.464000	0.221733
198.528000	0.221733
198.592000	0.221733
198.656000	0.221733
198.720000	0.221733
198.784000	0.221733
198.848000	0.221733
198.912000	0.221733
198.976000	0.221733
199.040000	0.221733
199.104000	0.221733
199.168000	0.221733
199.232000	0.238398
199.296000	0.238398
199.360000	0.151869
199.424000	0.151869
199.488000	0.151869
199.552000	0.151869
199.616000	0.151869
199.680000	0.151869
199.744000	0.151869
199.808000	0.151869
199.872000	0.151869
199.936000	0.151869
200.000000	0.151869
200.064000	0.151869
200.128000	0.151869
200.192000	0.151869
200.256000	0.151869
200.320000	0.151869
200.384000	0.151869
200.448000	0.151869
200.512000	0.151869
200.576000	0.151869
200.640000	0.151869
200.704000	0.151869
200.768000	0.151869
200.832000	0.151869
200.896000	0.151869
200.960000	0.151869
201.024000	0.151869
201.088000	0.151869
201.152000	0.151869
201.216000	0.151869
201.280000	0.151869
201.344000	0.151869
201.408000	0.151869
201.472000	0.151869
201.536000	0.151869
201.600000	0.151869
201.664000	0.151869
201.728000	0.151869
201.792000	0.151869
201.856000	0.151869
201.920000	0.151869
201.984000	0.151869
202.048000	0.151869
202.112000	0.151869
202.176000	0.151869
202.240000	0.151869
202.304000	0.151869
202.368000	0.151869
202.432000	0.151869
202.496000	0.151869
202.560000	0.151869
202.624000	0.151869
202.688000	0.151869
202.752000	0.151869
202.816000	0.151869
202.880000	0.151869
202.944000	0.151869
203.008000	0.151869
203.072000	0.151869
203.136000	0.151869
203.200000	0.151869
203.264000	0.151869
203.328000	0.151869
203.392000	0.151869
203.456000	0.151869
203.520000	0.151869
203.584000	0.151869
203.648000	0.151869
203.712000	0.151869
203.776000	0.151869
203.840000	0.151869
203.904000	0.151869
203.968000	0.151869
204.032000	0.151869
204.096000	0.151869
204.160000	0.151869
204.224000	0.151869
204.288000	0.151869
204.352000	0.151869
204.416000	0.151869
204.480000	0.151869
204.544000	0.151869
204.608000	0.151869
204.672000	0.151869
204.736000	0.151869
204.800000	0.151869
204.864000	0.151869
204.928000	0.151869
204.992000	0.151869
205.056000	0.151869
205.120000	0.151869
205.184000	0.151869
205.248000	0.151869
205.312000	0.151869
205.376000	0.151869
205.440000	0.151869
205.504000	0.151869
205.568000	0.151869
205.632000	0.151869
205.696000	0.151869
205.760000	0.228205
205.824000	0.228205
205.888000	0.228205
205.952000	0.228205
206.016000	0.228205
206.080000	0.228205
206.144000	0.228205
206.208000	0.228205
206.272000	0.228205
206.336000	0.228205
206.400000	0.228205
206.464000	0.228205
206.528000	0.228205
206.592000	0.228205
206.656000	0.228205
206.720000	0.228205
206.784000	0.228205
206.848000	0.228205
206.912000	0.228205
206.976000	0.228205
207.040000	0.228205
207.104000	0.228205
207.168000	0.228205
207.232000	0.228205
207.296000	0.228205
207.360000	0.228205
207.424000	0.228205
207.488000	0.228205
207.552000	0.228205
207.616000	0.228205
207.680000	0.228205
207.744000	0.228205
207.808000	0.228205
207.872000	0.228205
207.936000	0.228205
208.000000	0.228205
208.064000	0.228205
208.128000	0.228205
208.192000	0.228205
208.256000	0.228205
208.320000	0.228205
208.384000	0.228205
208.448000	0.228205
208.512000	0.228205
208.576000	0.228205
208.640000	0.228205
208.704000	0.228205
208.768000	0.228205
208.832000	0.228205
208.896000	0.228205
208.960000	0.228205
209.024000	0.228205
209.088000	0.228205
209.152000	0.228205
209.216000	0.228205
209.280000	0.228205
209.344000	0.228205
209.408000	0.228205
209.472000	0.228205
209.536000	0.228205
209.600000	0.228205
209.664000	0.228205
209.728000	0.228205
209.792000	0.228205
209.856000	0.228205
209.920000	0.228205
209.984000	0.228205
210.048000	0.228205
210.112000	0.228205
210.176000	0.228205
210.240000	0.228205
210.304000	0.257801
210.368000	0.257801
210.432000	0.257801
210.496000	0.257801
210.560000	0.257801
210.624000	0.257801
210.688000	0.257801
210.752000	0.257801
210.816000	0.257801
210.880000	0.257801
210.944000	0.257801
211.008000	0.257801
211.072000	0.257801
211.136000	0.257801
211.200000	0.257801
211.264000	0.257801
211.328000	0.257801
211.392000	0.257801
211.456000	0.257801
211.520000	0.257801
211.584000	0.257801
211.648000	0.257801
211.712000	0.257801
211.776000	0.257801
211.840000	0.257801
211.904000	0.257801
211.968000	0.257801
212.032000	0.257801
212.096000	0.257801
212.160000	0.257801
212.224000	0.257801
212.288000	0.257801
212.352000	0.257801
212.416000	0.257801
212.480000	0.181894
212.544000	0.168556
212.608000	0.168556
212.672000	0.151460
212.736000	0.131013
212.800000	0.131013
212.864000	0.131013
212.928000	0.131013
212.992000	0.131013
213.056000	0.131013
213.120000	0.131013
213.184000	0.131013
213.248000	0.131013
213.312000	0.131013
213.376000	0.131013
213.440000	0.131013
213.504000	0.131013
213.568000	0.131013
213.632000	0.131013
213.696000	0.131013
213.760000	0.131013
213.824000	0.131013
213.888000	0.131013
213.952000	0.131013
214.016000	0.131013
214.080000	0.131013
214.144000	0.131013
214.208000	0.131013
214.272000	0.130588
214.336000	0.130588
214.400000	0.130588
214.464000	0.130588
214.528000	0.130588
214.592000	0.130588
214.656000	0.130588
214.720000	0.130588
214.784000	0.130588
214.848000	0.130588
214.912000	0.130588
214.976000	0.130588
215.040000	0.130588
215.104000	0.130588
215.168000	0.130588
215.232000	0.130588
215.296000	0.130588
215.360000	0.130588
215.424000	0.130588
215.488000	0.130588
215.552000	0.130588
215.616000	0.130588
215.680000	0.130588
215.744000	0.130588
215.808000	0.130588
215.872000	0.130588
215.936000	0.130588
216.000000	0.130588
216.064000	0.130588
216.128000	0.130588
216.192000	0.130588
216.256000	0.130588
216.320000	0.130588
216.384000	0.130588
216.448000	0.130588
216.512000	0.130588
216.576000	0.130588
216.640000	0.130588
216.704000	0.130588
216.768000	0.130588
216.832000	0.130588
216.896000	0.130588
216.960000	0.130588
217.024000	0.130588
217.088000	0.130588
217.152000	0.130588
217.216000	0.130588
217.280000	0.130588
217.344000	0.130588
217.408000	0.130588
217.472000	0.130588
217.536000	0.130588
217.600000	0.130588
217.664000	0.130588
217.728000	0.130588
217.792000	0.130588
217.856000	0.130588
217.920000	0.130588
217.984000	0.130588
218.048000	0.130588
218.112000	0.130588
218.176000	0.130588
218.240000	0.130588
218.304000	0.130588
218.368000	0.130588
218.432000	0.130588
218.496000	0.130588
218.560000	0.130588
218.624000	0.130588
218.688000	0.130588
218.752000	0.130588
218.816000	0.130588
218.880000	0.130588
218.944000	0.130588
219.008000	0.130588
219.072000	0.130588
219.136000	0.130588
219.200000	0.130588
219.264000	0.130588
219.328000	0.130588
219.392000	0.130588
219.456000	0.130588
219.520000	0.130588
219.584000	0.130588
219.648000	0.130588
219.712000	0.130588
219.776000	0.130588
219.840000	0.130588
219.904000	0.130588
219.968000	0.130588
220.032000	0.130588
220.096000	0.130588
220.160000	0.130588
220.224000	0.130588
220.288000	0.130588
220.352000	0.130588
220.416000	0.128533
220.480000	0.128533
220.544000	0.128533
220.608000	0.128533
220.672000	0.128533
220.736000	0.128533
220.800000	0.128533
220.864000	0.128533
220.928000	0.128533
220.992000	0.128533
221.056000	0.128533
221.120000	0.128533
221.184000	0.128533
221.248000	0.128533
221.312000	0.128533
221.376000	0.128533
221.440000	0.128533
221.504000	0.128533
221.568000	0.128533
221.632000	0.128533
221.696000	0.128533
221.760000	0.128533
221.824000	0.128533
221.888000	0.128533
221.952000	0.128533
222.016000	0.128533
222.080000	0.128533
222.144000	0.128533
222.208000	0.128533
222.272000	0.128533
222.336000	0.128533
222.400000	0.128533
222.464000	0.128533
222.528000	0.128533
222.592000	0.128533
222.656000	0.128533
222.720000	0.128533
222.784000	0.128533
222.848000	0.128533
222.912000	0.128533
222.976000	0.128533
223.040000	0.128533
223.104000	0.128533
223.168000	0.128533
223.232000	0.128533
223.296000	0.128533
223.360000	0.128533
223.424000	0.128533
223.488000	0.128533
223.552000	0.128533
223.616000	0.128533
223.680000	0.128533
223.744000	0.128533
223.808000	0.128533
223.872000	0.128533
223.936000	0.128533
224.000000	0.128533
224.064000	0.128533
224.128000	0.128533
224.192000	0.128533
224.256000	0.128533
224.320000	0.128533
224.384000	0.128533
224.448000	0.128533
224.512000	0.128533
224.576000	0.128533
224.640000	0.128533
224.704000	0.128533
224.768000	0.128533
224.832000	0.128533
224.896000	0.128533
224.960000	0.128533
225.024000	0.128533
225.088000	0.128533
225.152000	0.128533
225.216000	0.128533
225.280000	0.128533
225.344000	0.128533
225.408000	0.128533
225.472000	0.128533
225.536000	0.128533
225.600000	0.128533
225.664000	0.128533
225.728000	0.128533
225.792000	0.128533
225.856000	0.128533
225.920000	0.128533
225.984000	0.128533
226.048000	0.128533
226.112000	0.128533
226.176000	0.128533
226.240000	0.128533
226.304000	0.128533
226.368000	0.128533
226.432000	0.128533
226.496000	0.128533
226.560000	0.128533
226.624000	0.128533
226.688000	0.128533
226.752000	0.128533
226.816000	0.145044
226.880000	0.198415
226.944000	0.198415
227.008000	0.198415
227.072000	0.198415
227.136000	0.198415
227.200000	0.198415
227.264000	0.198415
227.328000	0.198415
227.392000	0.198415
227.456000	0.198415
227.520000	0.198415
227.584000	0.198415
227.648000	0.198415
227.712000	0.198415
227.776000	0.198415
227.840000	0.198415
227.904000	0.198415
227.968000	0.198415
228.032000	0.198415
228.096000	0.198415
228.160000	0.198415
228.224000	0.198415
228.288000	0.198415
228.352000	0.198415
228.416000	0.198415
228.480000	0.198415
228.544000	0.198415
228.608000	0.198415
228.672000	0.198415
228.736000	0.198415
228.800000	0.198415
228.864000	0.198415
228.928000	0.198415
228.992000	0.198415
229.056000	0.198415
229.120000	0.198415
229.184000	0.198415
229.248000	0.198415
229.312000	0.198415
229.376000	0.198415
229.440000	0.198415
229.504000	0.198415
229.568000	0.198415
229.632000	0.198415
229.696000	0.198415
229.760000	0.198415
229.824000	0.198415
229.888000	0.198415
229.952000	0.198415
230.016000	0.198415
230.080000	0.198415
230.144000	0.198415
230.208000	0.198415
230.272000	0.198415
230.336000	0.198415
230.400000	0.198415
230.464000	0.158648
230.528000	0.158648
230.592000	0.158648
230.656000	0.158648
230.720000	0.158648
230.784000	0.158648
230.848000	0.158648
230.912000	0.158648
230.976000	0.158648
231.040000	0.158648
231.104000	0.158648
231.168000	0.158648
231.232000	0.158648
231.296000	0.158648
231.360000	0.158648
231.424000	0.158648
231.488000	0.158648
231.552000	0.158648
231.616000	0.158648
231.680000	0.158648
231.744000	0.158648
231.808000	0.158648
231.872000	0.158648
231.936000	0.158648
232.000000	0.158648
232.064000	0.158648
232.128000	0.158648
232.192000	0.158648
232.256000	0.158648
232.320000	0.158648
232.384000	0.158648
232.448000	0.158648
232.512000	0.158648
232.576000	0.158648
232.640000	0.158648
232.704000	0.158648
232.768000	0.158648
232.832000	0.158648
232.896000	0.158648
232.960000	0.158648
233.024000	0.158648
233.088000	0.158648
233.152000	0.158648
233.216000	0.158648
233.280000	0.158648
233.344000	0.158648
233.408000	0.158648
233.472000	0.158648
233.536000	0.158648
233.600000	0.158648
233.664000	0.158648
233.728000	0.158648
233.792000	0.158648
233.856000	0.158648
233.920000	0.158648
233.984000	0.158648
234.048000	0.158648
234.112000	0.158648
234.176000	0.158648
234.240000	0.158648
234.304000	0.158648
234.368000	0.158648
234.432000	0.158648
234.496000	0.158648
234.560000	0.158648
234.624000	0.158648
234.688000	0.158648
234.752000	0.158648
234.816000	0.158648
234.880000	0.158648
234.944000	0.158648
235.008000	0.158648
235.072000	0.158648
235.136000	0.158648
235.200000	0.158648
235.264000	0.158648
235.328000	0.158648
235.392000	0.158648
235.456000	0.158648
235.520000	0.158648
235.584000	0.158648
235.648000	0.158648
235.712000	0.158648
235.776000	0.158648
235.840000	0.158648
235.904000	0.158648
235.968000	0.158648
236.032000	0.158648
236.096000	0.158648
236.160000	0.158648
236.224000	0.158648
236.288000	0.158648
236.352000	0.158648
236.416000	0.158648
236.480000	0.158648
236.544000	0.158648
236.608000	0.158648
236.672000	0.158648
236.736000	0.158648
236.800000	0.158648
236.864000	0.190146
236.928000	0.190146
236.992000	0.190146
237.056000	0.190146
237.120000	0.190146
237.184000	0.190146
237.248000	0.190146
237.312000	0.190146
237.376000	0.190146
237.440000	0.190146
237.504000	0.190146
237.568000	0.190146
237.632000	0.190146
237.696000	0.190146
237.760000	0.190146
237.824000	0.190146
237.888000	0.190146
237.952000	0.190146
238.016000	0.190146
238.080000	0.190146
238.144000	0.180858
238.208000	0.180858
238.272000	0.180858
238.336000	0.180858
238.400000	0.180858
238.464000	0.180858
238.528000	0.180858
238.592000	0.180858
238.656000	0.180858
238.720000	0.180858
238.784000	0.180858
238.848000	0.180858
238.912000	0.180858
238.976000	0.180858
239.040000	0.180858
239.104000	0.180858
239.168000	0.180858
239.232000	0.180858
239.296000	0.180858
239.360000	0.180858
239.424000	0.180858
239.488000	0.135587
239.552000	0.135587
239.616000	0.135587
239.680000	0.135587
239.744000	0.135587
239.808000	0.135587
239.872000	0.135587
239.936000	0.135587
240.000000	0.135587
240.064000	0.135587
240.128000	0.135587
240.192000	0.135587
240.256000	0.135587
240.320000	0.135587
240.384000	0.135587
240.448000	0.135587
240.512000	0.135587
240.576000	0.135587
240.640000	0.135587
240.704000	0.135587
240.768000	0.135587
240.832000	0.135587
240.896000	0.135587
240.960000	0.135587
241.024000	0.135587
241.088000	0.135587
241.152000	0.135587
241.216000	0.135587
241.280000	0.135587
241.344000	0.135587
241.408000	0.135587
241.472000	0.135587
241.536000	0.135587
241.600000	0.135587
241.664000	0.135587
241.728000	0.135587
241.792000	0.135587
241.856000	0.135587
241.920000	0.135587
241.984000	0.135587
242.048000	0.135587
242.112000	0.135587
242.176000	0.135587
242.240000	0.135587
242.304000	0.135587
242.368000	0.135587
242.432000	0.135587
242.496000	0.135587
242.560000	0.135587
242.624000	0.135587
242.688000	0.135587
242.752000	0.135587
242.816000	0.135587
242.880000	0.135587
242.944000	0.135587
243.008000	0.135587
243.072000	0.135587
243.136000	0.135587
243.200000	0.135587
243.264000	0.135587
243.328000	0.135587
243.392000	0.135587
243.456000	0.135587
243.520000	0.135587
243.584000	0.135587
243.648000	0.135587
243.712000	0.135587
243.776000	0.135587
243.840000	0.135587
243.904000	0.135587
243.968000	0.135587
244.032000	0.135587
244.096000	0.135587
244.160000	0.135587
244.224000	0.135587
244.288000	0.135587
244.352000	0.135587
244.416000	0.135587
244.480000	0.135587
244.544000	0.135587
244.608000	0.135587
244.672000	0.135587
244.736000	0.135587
244.800000	0.135587
244.864000	0.135587
244.928000	0.135587
244.992000	0.135587
245.056000	0.135587
245.120000	0.135587
245.184000	0.135587
245.248000	0.135587
245.312000	0.135587
245.376000	0.135587
245.440000	0.135587
245.504000	0.135587
245.568000	0.135587
245.632000	0.135587
245.696000	0.135587
245.760000	0.135587
245.824000	0.135587
245.888000	0.203195
245.952000	0.203195
246.016000	0.203195
246.080000	0.203195
246.144000	0.203195
246.208000	0.203195
246.272000	0.203195
246.336000	0.203195
246.400000	0.203195
246.464000	0.203195
246.528000	0.203195
246.592000	0.203195
246.656000	0.203195
246.720000	0.203195
246.784000	0.203195
246.848000	0.203195
246.912000	0.203195
246.976000	0.203195
247.040000	0.203195
247.104000	0.203195
247.168000	0.203195
247.232000	0.203195
247.296000	0.203195
247.360000	0.203195
247.424000	0.203195
247.488000	0.203195
247.552000	0.203195
247.616000	0.203195
247.680000	0.203195
247.744000	0.203195
247.808000	0.203195
247.872000	0.203195
247.936000	0.203195
248.000000	0.203195
248.064000	0.203195
248.128000	0.203195
248.192000	0.203195
248.256000	0.203195
248.320000	0.203195
248.384000	0.203195
248.448000	0.203195
248.512000	0.203195
248.576000	0.203195
248.640000	0.203195
248.704000	0.203195
248.768000	0.203195
248.832000	0.203195
248.896000	0.203195
248.960000	0.203195
249.024000	0.203195
249.088000	0.203195
249.152000	0.203195
249.216000	0.203195
249.280000	0.203195
249.344000	0.203195
249.408000	0.203195
249.472000	0.203195
249.536000	0.203195
249.600000	0.203195
249.664000	0.203195
249.728000	0.203195
249.792000	0.203195
249.856000	0.203195
249.920000	0.203195
249.984000	0.203195
250.048000	0.203195
250.112000	0.203195
250.176000	0.203195
250.240000	0.203195
250.304000	0.203195
250.368000	0.203195
250.432000	0.203195
250.496000	0.203195
250.560000	0.203195
250.624000	0.203195
250.688000	0.203195
250.752000	0.203195
250.816000	0.203195
250.880000	0.203195
250.944000	0.203195
251.008000	0.203195
251.072000	0.203195
251.136000	0.203195
251.200000	0.203195
251.264000	0.203195
251.328000	0.203195
251.392000	0.203195
251.456000	0.203195
251.520000	0.203195
251.584000	0.203195
251.648000	0.203195
251.712000	0.203195
251.776000	0.227460
251.840000	0.256575
251.904000	0.256575
251.968000	0.256575
252.032000	0.256575
252.096000	0.256575
252.160000	0.256575
252.224000	0.256575
252.288000	0.256575
252.352000	0.256575
252.416000	0.256575
252.480000	0.256575
252.544000	0.256575
252.608000	0.256575
252.672000	0.256575
252.736000	0.256575
252.800000	0.256575
252.864000	0.256575
252.928000	0.256575
252.992000	0.256575
253.056000	0.256575
253.120000	0.256575
253.184000	0.256575
253.248000	0.256575
253.312000	0.128542
253.376000	0.128542
253.440000	0.128542
253.504000	0.128542
253.568000	0.128542
253.632000	0.128542
253.696000	0.128542
253.760000	0.128542
253.824000	0.128542
253.888000	0.128542
253.952000	0.128542
254.016000	0.128542
254.080000	0.128542
254.144000	0.112491
254.208000	0.092998
254.272000	0.092998
254.336000	0.092998
254.400000	0.092998
254.464000	0.092998
254.528000	0.092998
254.592000	0.092998
254.656000	0.092998
254.720000	0.092998
254.784000	0.092998
254.848000	0.092998
254.912000	0.092998
254.976000	0.092998
255.040000	0.092998
255.104000	0.092998
255.168000	0.092998
255.232000	0.092998
255.296000	0.092998
255.360000	0.092998
255.424000	0.092998
255.488000	0.092998
255.552000	0.092998
255.616000	0.092998
255.680000	0.092998
255.744000	0.092998
255.808000	0.092998
255.872000	0.092998
255.936000	0.092998
256.000000	0.092998
256.064000	0.092998
256.128000	0.092998
256.192000	0.092998
256.256000	0.092998
256.320000	0.092998
256.384000	0.092998
256.448000	0.092998
256.512000	0.092998
256.576000	0.092998
256.640000	0.092998
256.704000	0.092998
256.768000	0.092998
256.832000	0.092998
256.896000	0.092998
256.960000	0.092998
257.024000	0.092998
257.088000	0.092998
257.152000	0.092998
257.216000	0.092998
257.280000	0.092998
257.344000	0.092998
257.408000	0.092998
257.472000	0.092998
257.536000	0.092998
257.600000	0.092998
257.664000	0.092998
257.728000	0.092998
257.792000	0.092998
257.856000	0.092998
257.920000	0.092998
257.984000	0.092998
258.048000	0.092998
258.112000	0.092998
258.176000	0.092998
258.240000	0.092998
258.304000	0.092998
258.368000	0.092998
258.432000	0.092998
258.496000	0.092998
258.560000	0.092998
258.624000	0.092998
258.688000	0.092998
258.752000	0.092998
258.816000	0.092998
258.880000	0.092998
258.944000	0.092998
259.008000	0.092998
259.072000	0.092998
259.136000	0.092998
259.200000	0.092998
259.264000	0.092998
259.328000	0.092998
259.392000	0.092998
259.456000	0.092998
259.520000	0.092998
259.584000	0.092998
259.648000	0.092998
259.712000	0.092998
259.776000	0.092998
259.840000	0.092998
259.904000	0.092998
259.968000	0.092998
260.032000	0.092998
260.096000	0.092998
260.160000	0.092998
260.224000	0.092998
260.288000	0.092998
260.352000	0.092998
260.416000	0.092998
260.480000	0.092998
260.544000	0.092998
260.608000	0.183667
260.672000	0.183667
260.736000	0.183667
260.800000	0.183667
260.864000	0.183667
260.928000	0.183667
260.992000	0.183667
261.056000	0.183667
261.120000	0.183667
261.184000	0.183667
261.248000	0.183667
261.312000	0.183667
261.376000	0.183667
261.440000	0.183667
261.504000	0.183667
261.568000	0.183667
261.632000	0.183667
261.696000	0.183667
261.760000	0.183667
261.824000	0.183667
261.888000	0.151567
261.952000	0.151567
262.016000	0.151567
262.080000	0.151567
262.144000	0.151567
262.208000	0.151567
262.272000	0.151567
262.336000	0.151567
262.400000	0.151567
262.464000	0.151567
262.528000	0.151567
262.592000	0.151567
262.656000	0.151567
262.720000	0.151567
262.784000	0.151567
262.848000	0.151567
262.912000	0.151567
262.976000	0.151567
263.040000	0.151567
263.104000	0.151567
263.168000	0.151567
263.232000	0.151567
263.296000	0.151567
263.360000	0.151567
263.424000	0.151567
263.488000	0.151567
263.552000	0.151567
263.616000	0.151567
263.680000	0.151567
263.744000	0.151567
263.808000	0.151567
263.872000	0.151567
263.936000	0.151567
264.000000	0.151567
264.064000	0.151567
264.128000	0.151567
264.192000	0.151567
264.256000	0.151567
264.320000	0.151567
264.384000	0.151567
264.448000	0.151567
264.512000	0.151567
264.576000	0.151567
264.640000	0.151567
264.704000	0.151567
264.768000	0.151567
264.832000	0.151567
264.896000	0.151567
264.960000	0.151567
265.024000	0.151567
265.088000	0.151567
265.152000	0.151567
265.216000	0.151567
265.280000	0.151567
265.344000	0.151567
265.408000	0.151567
265.472000	0.151567
265.536000	0.151567
265.600000	0.151567
265.664000	0.151567
265.728000	0.151567
265.792000	0.151567
265.856000	0.151567
265.920000	0.151567
265.984000	0.151567
266.048000	0.151567
266.112000	0.151567
266.176000	0.151567
266.240000	0.151567
266.304000	0.151567
266.368000	0.151567
266.432000	0.151567
266.496000	0.151567
266.560000	0.151567
266.624000	0.151567
266.688000	0.151567
266.752000	0.151567
266.816000	0.151567
266.880000	0.151567
266.944000	0.151567
267.008000	0.151567
267.072000	0.151567
267.136000	0.151567
267.200000	0.151567
267.264000	0.151567
267.328000	0.151567
267.392000	0.151567
267.456000	0.151567
267.520000	0.151567
267.584000	0.151567
267.648000	0.151567
267.712000	0.151567
267.776000	0.151567
267.840000	0.151567
267.904000	0.151567
267.968000	0.151567
268.032000	0.151567
268.096000	0.151567
268.160000	0.151567
268.224000	0.151567
268.288000	0.176778
268.352000	0.176778
268.416000	0.176778
268.480000	0.176778
268.544000	0.176778
268.608000	0.176778
268.672000	0.176778
268.736000	0.176778
268.800000	0.176778
268.864000	0.176778
268.928000	0.176778
268.992000	0.173625
269.056000	0.173625
269.120000	0.173625
269.184000	0.173625
269.248000	0.173625
269.312000	0.173625
269.376000	0.173625
269.440000	0.173625
269.504000	0.173625
269.568000	0.173625
269.632000	0.173625
269.696000	0.173625
269.760000	0.173625
269.824000	0.173625
269.888000	0.173625
269.952000	0.173625
270.016000	0.173625
270.080000	0.157790
270.144000	0.157790
270.208000	0.157790
270.272000	0.157790
270.336000	0.157790
270.400000	0.157790
270.464000	0.157790
270.528000	0.157790
270.592000	0.127775
270.656000	0.127775
270.720000	0.127775
270.784000	0.127775
270.848000	0.127775
270.912000	0.127775
270.976000	0.127775
271.040000	0.127775
271.104000	0.127775
271.168000	0.127775
271.232000	0.127775
271.296000	0.127775
271.360000	0.127775
271.424000	0.127775
271.488000	0.127775
271.552000	0.127775
271.616000	0.115166
271.680000	0.115166
271.744000	0.115166
271.808000	0.115166
271.872000	0.115166
271.936000	0.115166
272.000000	0.115166
272.064000	0.115166
272.128000	0.115166
272.192000	0.115166
272.256000	0.115166
272.320000	0.115166
272.384000	0.115166
272.448000	0.115166
272.512000	0.115166
272.576000	0.115166
272.640000	0.115166
272.704000	0.115166
272.768000	0.115166
272.832000	0.115166
272.896000	0.115166
272.960000	0.115166
273.024000	0.115166
273.088000	0.115166
273.152000	0.115166
273.216000	0.115166
273.280000	0.115166
273.344000	0.115166
273.408000	0.115166
273.472000	0.115166
273.536000	0.115166
273.600000	0.115166
273.664000	0.115166
273.728000	0.115166
273.792000	0.115166
273.856000	0.115166
273.920000	0.115166
273.984000	0.115166
274.048000	0.115166
274.112000	0.115166
274.176000	0.115166
274.240000	0.115166
274.304000	0.115166
274.368000	0.115166
274.432000	0.115166
274.496000	0.115166
274.560000	0.115166
274.624000	0.115166
274.688000	0.115166
274.752000	0.115166
274.816000	0.115166
274.880000	0.115166
274.944000	0.115166
275.008000	0.115166
275.072000	0.115166
275.136000	0.115166
275.200000	0.115166
275.264000	0.115166
275.328000	0.115166
275.392000	0.115166
275.456000	0.115166
275.520000	0.115166
275.584000	0.115166
275.648000	0.115166
275.712000	0.115166
275.776000	0.115166
275.840000	0.115166
275.904000	0.115166
275.968000	0.115166
276.032000	0.115166
276.096000	0.115166
276.160000	0.115166
276.224000	0.115166
276.288000	0.115166
276.352000	0.115166
276.416000	0.115166
276.480000	0.115166
276.544000	0.115166
276.608000	0.115166
276.672000	0.115166
276.736000	0.115166
276.800000	0.115166
276.864000	0.115166
276.928000	0.115166
276.992000	0.115166
277.056000	0.115166
277.120000	0.115166
277.184000	0.115166
277.248000	0.115166
277.312000	0.115166
277.376000	0.115166
277.440000	0.115166
277.504000	0.115166
277.568000	0.115166
277.632000	0.115166
277.696000	0.115166
277.760000	0.115166
277.824000	0.115166
277.888000	0.115166
277.952000	0.115166
278.016000	0.119380
278.080000	0.119380
278.144000	0.119380
278.208000	0.119380
278.272000	0.119380
278.336000	0.119380
278.400000	0.119380
278.464000	0.119380
278.528000	0.119380
278.592000	0.119380
278.656000	0.119380
278.720000	0.119380
278.784000	0.119380
278.848000	0.119380
278.912000	0.119380
278.976000	0.119380
279.040000	0.119380
279.104000	0.119380
279.168000	0.119380
279.232000	0.119380
279.296000	0.119380
279.360000	0.119380
279.424000	0.119380
279.488000	0.119380
279.552000	0.119380
279.616000	0.119380
279.680000	0.119380
279.744000	0.119380
279.808000	0.119380
279.872000	0.119380
279.936000	0.119380
280.000000	0.119380
280.064000	0.119380
280.128000	0.119380
280.192000	0.119380
280.256000	0.119380
280.320000	0.119380
280.384000	0.119380
280.448000	0.119380
280.512000	0.119380
280.576000	0.119380
280.640000	0.119380
280.704000	0.119380
280.768000	0.119380
280.832000	0.119380
280.896000	0.119380
280.960000	0.119380
281.024000	0.119380
281.088000	0.119380
281.152000	0.119380
281.216000	0.141286
281.280000	0.141286
281.344000	0.141286
281.408000	0.141286
281.472000	0.141286
281.536000	0.141286
281.600000	0.141286
281.664000	0.141286
281.728000	0.141286
281.792000	0.141286
281.856000	0.141286
281.920000	0.141286
281.984000	0.141286
282.048000	0.141286
282.112000	0.232625
282.176000	0.232625
282.240000	0.232625
282.304000	0.232625
282.368000	0.232625
282.432000	0.232625
282.496000	0.232625
282.560000	0.232625
282.624000	0.232625
282.688000	0.232625
282.752000	0.232625
282.816000	0.232625
282.880000	0.232625
282.944000	0.232625
283.008000	0.232625
283.072000	0.232625
283.136000	0.232625
283.200000	0.233915
283.264000	0.233915
283.328000	0.233915
283.392000	0.233915
283.456000	0.233915
283.520000	0.233915
283.584000	0.233915
283.648000	0.233915
283.712000	0.233915
283.776000	0.233915
283.840000	0.233915
283.904000	0.233915
283.968000	0.233915
284.032000	0.233915
284.096000	0.233915
284.160000	0.233915
284.224000	0.233915
284.288000	0.233915
284.352000	0.233915
284.416000	0.233915
284.480000	0.233915
284.544000	0.233915
284.608000	0.233915
284.672000	0.233915
284.736000	0.233915
284.800000	0.233915
284.864000	0.233915
284.928000	0.233915
284.992000	0.233915
285.056000	0.233915
285.120000	0.233915
285.184000	0.233915
285.248000	0.233915
285.312000	0.233915
285.376000	0.233915
285.440000	0.233915
285.504000	0.233915
285.568000	0.233915
285.632000	0.233915
285.696000	0.233915
285.760000	0.233915
285.824000	0.233915
285.888000	0.233915
285.952000	0.233915
286.016000	0.233915
286.080000	0.233915
286.144000	0.233915
286.208000	0.233915
286.272000	0.233915
286.336000	0.233915
286.400000	0.233915
286.464000	0.233915
286.528000	0.233915
286.592000	0.233915
286.656000	0.233915
286.720000	0.233915
286.784000	0.233915
286.848000	0.233915
286.912000	0.233915
286.976000	0.233915
287.040000	0.233915
287.104000	0.233915
287.168000	0.233915
287.232000	0.233915
287.296000	0.233915
287.360000	0.233915
287.424000	0.233915
287.488000	0.233915
287.552000	0.233915
287.616000	0.233915
287.680000	0.233915
287.744000	0.233915
287.808000	0.233915
287.872000	0.233915
287.936000	0.233915
288.000000	0.233915
288.064000	0.233915
288.128000	0.233915
288.192000	0.233915
288.256000	0.233915
288.320000	0.233915
288.384000	0.233915
288.448000	0.233915
288.512000	0.233915
288.576000	0.233915
288.640000	0.233915
288.704000	0.233915
288.768000	0.233915
288.832000	0.233915
288.896000	0.233915
288.960000	0.233915
289.024000	0.233915
289.088000	0.290151
289.152000	0.290151
289.216000	0.290151
289.280000	0.290151
289.344000	0.290151
289.408000	0.290151
289.472000	0.290151
289.536000	0.290151
289.600000	0.261880
289.664000	0.261880
289.728000	0.261880
289.792000	0.261880
289.856000	0.261880
289.920000	0.261880
289.984000	0.261880
290.048000	0.261880
290.112000	0.253587
290.176000	0.177884
290.240000	0.177884
290.304000	0.177884
290.368000	0.177884
290.432000	0.177884
290.496000	0.177884
290.560000	0.177884
290.624000	0.177884
290.688000	0.177884
290.752000	0.177884
290.816000	0.177884
290.880000	0.177884
290.944000	0.177884
291.008000	0.177884
291.072000	0.177884
291.136000	0.177884
291.200000	0.177884
291.264000	0.177884
291.328000	0.177884
291.392000	0.177884
291.456000	0.177884
291.520000	0.177884
291.584000	0.177884
291.648000	0.177884
291.712000	0.177884
291.776000	0.177884
291.840000	0.177884
291.904000	0.177884
291.968000	0.177884
292.032000	0.177884
292.096000	0.177884
292.160000	0.177884
292.224000	0.177884
292.288000	0.177884
292.352000	0.177884
292.416000	0.177884
292.480000	0.177884
292.544000	0.177884
292.608000	0.177884
292.672000	0.177884
292.736000	0.177884
292.800000	0.177884
292.864000	0.177884
292.928000	0.177884
292.992000	0.177884
293.056000	0.177884
293.120000	0.177884
293.184000	0.177884
293.248000	0.177884
293.312000	0.177884
293.376000	0.177884
293.440000	0.177884
293.504000	0.177884
293.568000	0.177884
293.632000	0.177884
293.696000	0.177884
293.760000	0.177884
293.824000	0.177884
293.888000	0.177884
293.952000	0.177884
294.016000	0.177884
294.080000	0.177884
294.144000	0.177884
294.208000	0.177884
294.272000	0.177884
294.336000	0.177884
294.400000	0.177884
294.464000	0.177884
294.528000	0.177884
294.592000	0.177884
294.656000	0.177884
294.720000	0.177884
294.784000	0.177884
294.848000	0.177884
294.912000	0.177884
294.976000	0.177884
295.040000	0.177884
295.104000	0.177884
295.168000	0.177884
295.232000	0.177884
295.296000	0.177884
295.360000	0.177884
295.424000	0.177884
295.488000	0.177884
295.552000	0.177884
295.616000	0.177884
295.680000	0.177884
295.744000	0.177884
295.808000	0.177884
295.872000	0.177884
295.936000	0.177884
296.000000	0.177884
296.064000	0.177884
296.128000	0.177884
296.192000	0.177884
296.256000	0.177884
296.320000	0.177884
296.384000	0.177884
296.448000	0.177884
296.512000	0.177884
296.576000	0.301859
296.640000	0.301859
296.704000	0.301859
296.768000	0.372177
296.832000	0.372177
296.896000	0.372177
296.960000	0.372177
297.024000	0.372177
297.088000	0.372177
297.152000	0.372177
297.216000	0.372177
297.280000	0.372177
297.344000	0.372177
297.408000	0.372177
297.472000	0.372177
297.536000	0.372177
297.600000	0.372177
297.664000	0.372177
297.728000	0.372177
297.792000	0.372177
297.856000	0.372177
297.920000	0.372177
297.984000	0.372177
298.048000	0.372177
298.112000	0.372177
298.176000	0.372177
298.240000	0.372177
298.304000	0.372177
298.368000	0.372177
298.432000	0.372177
298.496000	0.372177
298.560000	0.372177
298.624000	0.372177
298.688000	0.168163
298.752000	0.000031
298.816000	0.000015
298.880000	0.000015
298.944000	0.000007
299.008000	0.000007
299.072000	0.000007
299.136000	0.000007
299.200000	0.000007
299.264000	0.000007
299.328000	0.000007
299.392000	0.000007
299.456000	0.000007
299.520000	0.000007
299.584000	0.000000
299.648000	0.000000
299.712000	0.000000
299.776000	0.000000
299.840000	0.000000
299.904000	0.000000
299.968000	0.000000
300.032000	0.000000
300.096000	0.000000
300.160000	0.000000
300.224000	0.000000
300.288000	0.000000
300.352000	0.000000
300.416000	0.000000
300.480000	0.000000
300.544000	0.000000
300.608000	0.000000
300.672000	0.000000
300.736000	0.000000
300.800000	0.000000
300.864000	0.000000
300.928000	0.000000
300.992000	0.000000
301.056000	0.000000
301.120000	0.000000
301.184000	0.000000
301.248000	0.000000
301.312000	0.000000
301.376000	0.000000
301.440000	0.000000
301.504000	0.000000
301.568000	0.000000
301.632000	0.000000
301.696000	0.000000
301.760000	0.000000
301.824000	0.000000
301.888000	0.000000
301.952000	0.000000
302.016000	0.000000
302.080000	0.000000
302.144000	0.000000
302.208000	0.000000
302.272000	0.000000
302.336000	0.000000
302.400000	0.000000
302.464000	0.000000
302.528000	0.000000
302.592000	0.000000
302.656000	0.000000
302.720000	0.000000
