2.500000	0.105647
3.000000	0.000000
3.500000	0.640154
4.000000	0.351386
4.500000	0.000000
5.000000	0.078176
5.500000	0.732916
6.000000	0.575035
6.500000	0.381039
7.000000	0.813666
7.500000	0.813666
8.000000	0.936200
8.500000	0.279762
9.000000	0.354261
9.500000	0.248652
10.000000	0.079425
10.500000	0.383491
11.000000	0.416090
11.500000	0.213801
12.000000	0.000000
12.500000	0.275384
13.000000	0.000000
13.500000	0.292824
14.000000	0.200227
14.500000	0.698935
15.000000	0.698935
15.500000	0.025921
16.000000	0.000000
16.500000	0.168023
17.000000	0.406744
17.500000	0.821437
18.000000	1.000000
18.500000	0.318750
19.000000	0.591130
19.500000	0.250193
20.000000	0.250193
20.500000	0.250193
21.000000	0.447397
21.500000	0.311647
22.000000	0.418503
22.500000	0.172252
23.000000	0.275867
23.500000	0.559432
24.000000	0.285909
24.500000	0.285909
25.000000	0.717964
25.500000	0.904382
26.000000	1.000000
26.500000	1.000000
27.000000	0.923573
27.500000	1.000000
28.000000	1.000000
28.500000	0.927272
29.000000	0.570600
29.500000	0.570600
30.000000	0.078054
30.500000	0.251782
31.000000	0.000000
31.500000	0.000000
32.000000	0.000000
32.500000	0.000000
33.000000	0.000000
33.500000	0.000000
34.000000	0.025905
34.500000	0.025905
35.000000	0.662139
35.500000	0.224389
36.000000	0.950194
36.500000	1.000000
37.000000	1.000000
37.500000	1.000000
38.000000	1.000000
38.500000	1.000000
39.000000	1.000000
39.500000	1.000000
40.000000	0.475142
40.500000	0.651487
41.000000	0.329755
41.500000	0.239605
42.000000	0.000000
42.500000	0.000000
43.000000	0.000000
43.500000	0.051882
44.000000	0.000000
44.500000	0.000000
45.000000	0.000000
45.500000	0.000000
46.000000	0.000000
46.500000	0.000000
47.000000	0.000000
47.500000	0.079200
48.000000	0.000000
48.500000	0.167810
49.000000	0.000000
49.500000	0.465331
50.000000	1.000000
50.500000	0.568857
51.000000	0.374775
51.500000	0.407475
52.000000	0.407475
52.500000	0.337339
53.000000	0.352329
53.500000	0.211550
54.000000	0.587811
54.500000	0.106980
55.000000	0.000000
55.500000	0.000000
56.000000	0.000000
56.500000	0.000000
57.000000	0.000000
57.500000	0.000000
58.000000	0.000000
58.500000	0.000000
59.000000	0.000000
59.500000	0.000000
60.000000	0.079649
60.500000	0.000000
61.000000	0.000000
61.500000	0.166215
62.000000	0.135209
62.500000	0.000000
63.000000	0.166373
63.500000	0.051865
64.000000	0.000000
64.500000	0.000000
65.000000	0.000000
65.500000	0.000000
66.000000	0.000000
66.500000	0.000000
67.000000	0.000000
67.500000	0.000000
68.000000	0.000000
68.500000	0.000000
69.000000	0.000000
69.500000	0.000000
70.000000	0.000000
70.500000	0.000000
71.000000	0.000000
71.500000	0.000000
72.000000	0.000000
72.500000	0.000000
73.000000	0.104566
73.500000	0.000000
74.000000	0.000000
74.500000	0.000000
75.000000	0.000000
75.500000	0.000000
76.000000	0.279091
76.500000	0.000000
77.000000	0.000000
77.500000	0.000000
78.000000	0.000000
78.500000	0.000000
79.000000	0.000000
79.500000	0.136566
80.000000	0.079962
80.500000	0.000000
81.000000	0.134919
81.500000	0.134919
82.000000	0.377260
82.500000	0.460861
83.000000	0.547945
83.500000	0.265773
84.000000	0.454306
84.500000	0.000000
85.000000	0.134656
85.500000	0.345051
86.000000	0.000000
86.500000	0.078307
87.000000	0.239651
87.500000	0.000000
88.000000	0.000000
88.500000	0.078673
89.000000	0.000000
89.500000	0.000000
90.000000	0.025876
90.500000	0.079978
91.000000	0.078746
91.500000	0.178385
92.000000	0.000000
92.500000	0.242367
93.000000	0.242367
93.500000	0.162754
94.000000	0.188449
94.500000	0.188449
95.000000	0.220499
95.500000	0.263725
96.000000	0.134604
96.500000	0.000000
97.000000	0.000000
97.500000	0.000000
98.000000	0.000000
98.500000	0.000000
99.000000	0.000000
99.500000	0.000000
100.000000	0.000000
100.500000	0.000000
101.000000	0.185762
101.500000	0.198972
102.000000	0.052003
102.500000	0.000000
103.000000	0.000000
103.500000	0.000000
104.000000	0.000000
104.500000	0.000000
105.000000	0.246680
105.500000	0.412209
106.000000	0.228542
106.500000	0.219900
107.000000	0.000000
107.500000	0.000000
108.000000	0.825994
108.500000	0.533044
109.000000	0.894082
109.500000	0.857865
110.000000	1.000000
110.500000	1.000000
111.000000	0.689879
111.500000	0.871680
112.000000	1.000000
112.500000	1.000000
113.000000	0.482601
113.500000	0.837036
114.000000	0.985615
114.500000	0.555267
115.000000	0.000000
115.500000	0.248482
116.000000	0.138722
116.500000	0.000000
117.000000	0.000000
117.500000	0.079361
118.000000	0.000000
118.500000	0.110549
119.000000	0.000000
119.500000	0.000000
120.000000	0.000000
120.500000	0.000000
121.000000	0.000000
121.500000	0.131445
122.000000	0.131445
122.500000	0.000000
123.000000	0.210155
123.500000	0.000000
124.000000	0.000000
124.500000	0.000000
125.000000	0.000000
125.500000	0.000000
126.000000	0.000000
126.500000	0.000000
127.000000	0.000000
127.500000	0.000000
128.000000	0.000000
128.500000	0.000000
129.000000	0.000000
129.500000	0.000000
130.000000	0.000000
130.500000	0.000000
131.000000	0.000000
131.500000	0.106085
132.000000	0.106085
132.500000	0.051914
133.000000	0.106531
133.500000	0.175552
134.000000	0.230884
134.500000	0.079500
135.000000	0.253249
135.500000	0.185332
136.000000	0.452732
136.500000	0.685410
137.000000	0.973514
137.500000	1.000000
138.000000	0.702931
138.500000	0.692948
139.000000	0.670348
139.500000	0.318485
140.000000	0.000000
140.500000	0.000000
141.000000	0.763923
141.500000	0.579210
142.000000	0.532548
142.500000	0.400173
143.000000	0.105137
143.500000	0.000000
144.000000	0.107064
144.500000	0.000000
145.000000	0.000000
145.500000	0.346436
146.000000	0.000000
146.500000	0.000000
147.000000	0.000000
147.500000	0.000000
148.000000	0.000000
148.500000	0.000000
149.000000	0.000000
149.500000	0.160805
150.000000	0.667515
150.500000	0.282344
151.000000	0.160289
151.500000	0.261786
152.000000	0.261786
152.500000	0.261786
153.000000	0.000000
153.500000	0.000000
154.000000	0.000000
154.500000	0.108118
155.000000	0.000000
155.500000	0.000000
156.000000	0.000000
156.500000	0.000000
157.000000	0.000000
157.500000	0.000000
158.000000	0.000000
158.500000	0.000000
159.000000	0.000000
159.500000	0.000000
160.000000	0.000000
160.500000	0.000000
161.000000	0.082636
161.500000	0.000000
162.000000	0.000000
162.500000	0.000000
163.000000	0.000000
163.500000	0.326325
164.000000	0.576271
164.500000	0.576271
165.000000	0.444918
165.500000	0.355518
166.000000	0.165776
166.500000	0.134067
167.000000	0.000000
167.500000	0.079522
168.000000	0.079522
168.500000	0.000000
169.000000	0.000000
169.500000	0.000000
170.000000	0.000000
170.500000	0.000000
171.000000	0.000000
171.500000	0.000000
172.000000	0.138459
172.500000	0.052421
173.000000	0.105156
173.500000	0.000000
174.000000	0.000000
174.500000	0.274451
175.000000	0.274451
175.500000	0.732823
176.000000	0.495219
176.500000	0.646071
177.000000	0.346965
177.500000	0.354948
178.000000	0.132937
178.500000	0.170930
179.000000	0.330605
179.500000	0.000000
180.000000	0.052948
180.500000	0.000000
181.000000	0.000000
181.500000	0.000000
182.000000	0.000000
182.500000	0.000000
183.000000	0.000000
183.500000	0.000000
184.000000	0.000000
184.500000	0.000000
185.000000	0.178011
185.500000	0.080264
186.000000	0.107358
186.500000	0.107358
187.000000	0.000000
187.500000	0.000000
188.000000	0.000000
188.500000	0.218481
189.000000	0.140362
189.500000	0.078646
190.000000	0.000000
190.500000	0.000000
191.000000	0.000000
191.500000	0.000000
192.000000	0.000000
192.500000	0.000000
193.000000	0.000000
193.500000	0.000000
194.000000	0.000000
194.500000	0.000000
195.000000	0.000000
195.500000	0.000000
196.000000	0.138370
196.500000	0.138370
197.000000	0.000000
197.500000	0.000000
198.000000	0.000000
198.500000	0.000000
199.000000	0.000000
199.500000	0.000000
200.000000	0.000000
200.500000	0.000000
201.000000	0.000000
201.500000	0.000000
202.000000	0.000000
202.500000	0.107670
203.000000	0.107670
203.500000	0.107670
204.000000	0.159698
204.500000	0.159698
205.000000	0.159698
205.500000	0.237959
206.000000	0.162662
206.500000	0.207008
207.000000	0.298339
207.500000	0.000000
208.000000	0.000000
208.500000	0.000000
209.000000	0.000000
209.500000	0.000000
210.000000	0.112932
210.500000	0.000000
211.000000	0.000000
211.500000	0.000000
212.000000	0.000000
212.500000	0.000000
213.000000	0.000000
213.500000	0.162115
214.000000	0.162115
214.500000	0.000000
215.000000	0.000000
215.500000	0.078368
216.000000	0.000000
216.500000	0.000000
217.000000	0.000000
217.500000	0.000000
218.000000	0.052620
218.500000	0.000000
219.000000	0.000000
219.500000	0.000000
220.000000	0.000000
220.500000	0.000000
221.000000	0.000000
221.500000	0.000000
222.000000	0.000000
222.500000	0.000000
223.000000	0.000000
223.500000	0.000000
224.000000	0.000000
224.500000	0.000000
225.000000	0.000000
225.500000	0.000000
226.000000	0.000000
226.500000	0.025806
227.000000	0.000000
227.500000	0.000000
228.000000	0.000000
228.500000	0.000000
229.000000	0.078195
229.500000	0.171279
230.000000	0.000000
230.500000	0.972917
231.000000	0.513241
231.500000	0.541784
232.000000	0.666343
232.500000	0.543144
233.000000	0.516726
233.500000	0.520396
234.000000	0.392099
234.500000	0.247962
235.000000	0.460624
235.500000	0.026051
236.000000	0.131659
236.500000	0.025854
237.000000	0.000000
237.500000	0.000000
238.000000	0.215545
238.500000	0.215545
239.000000	0.237359
239.500000	0.631031
240.000000	1.000000
240.500000	1.000000
241.000000	1.000000
241.500000	1.000000
242.000000	0.370071
242.500000	0.403324
243.000000	0.000000
243.500000	0.510073
244.000000	0.633378
244.500000	0.422781
245.000000	0.322214
245.500000	0.241308
246.000000	0.286420
246.500000	0.236148
247.000000	0.433913
247.500000	0.303930
248.000000	0.436607
248.500000	0.078618
249.000000	0.000000
249.500000	0.000000
250.000000	0.000000
250.500000	0.000000
251.000000	0.000000
251.500000	0.141478
252.000000	0.000000
252.500000	0.000000
253.000000	0.000000
253.500000	0.000000
254.000000	0.000000
254.500000	0.000000
255.000000	0.104594
255.500000	0.109814
256.000000	0.112087
256.500000	0.140908
257.000000	0.239220
257.500000	0.223221
258.000000	0.000000
258.500000	0.000000
259.000000	0.000000
259.500000	0.000000
260.000000	0.000000
260.500000	0.345227
261.000000	0.255333
261.500000	0.303541
262.000000	0.078827
262.500000	0.000000
263.000000	0.000000
263.500000	0.000000
264.000000	0.248005
264.500000	0.313215
265.000000	0.160386
265.500000	0.000000
266.000000	0.000000
266.500000	0.000000
267.000000	0.000000
267.500000	0.000000
268.000000	0.000000
268.500000	0.000000
269.000000	0.000000
269.500000	0.000000
270.000000	0.000000
270.500000	0.000000
271.000000	0.000000
271.500000	0.000000
272.000000	0.000000
272.500000	0.000000
273.000000	0.000000
273.500000	0.000000
274.000000	0.000000
274.500000	0.000000
275.000000	0.000000
275.500000	0.130485
276.000000	0.000000
276.500000	0.174836
277.000000	0.106867
277.500000	0.000000
278.000000	0.000000
278.500000	0.000000
279.000000	0.000000
279.500000	0.000000
280.000000	0.000000
280.500000	0.000000
281.000000	0.000000
281.500000	0.000000
282.000000	0.000000
282.500000	0.000000
283.000000	0.000000
283.500000	0.000000
284.000000	0.000000
284.500000	0.000000
285.000000	0.000000
285.500000	0.000000
286.000000	0.000000
286.500000	0.000000
287.000000	0.079267
287.500000	0.238877
288.000000	0.246014
288.500000	0.332639
289.000000	0.245506
289.500000	0.108620
290.000000	0.108620
290.500000	0.339602
291.000000	0.378453
291.500000	0.263320
292.000000	0.267358
292.500000	0.133858
293.000000	0.000000
293.500000	0.000000
294.000000	0.079082
294.500000	0.107700
295.000000	0.745814
295.500000	0.662586
296.000000	0.238257
296.500000	0.000000
297.000000	0.000000
297.500000	0.000000
298.000000	0.170610
298.500000	0.698426
299.000000	0.721765
299.500000	0.630622
300.000000	0.000000
300.500000	0.000000
301.000000	0.000000
301.500000	0.000000
302.000000	0.000000
302.500000	0.294767
303.000000	0.052578
303.500000	0.138098
304.000000	0.000000
304.500000	0.215491
305.000000	0.157595
305.500000	0.174332
306.000000	0.174332
306.500000	0.104997
307.000000	0.239180
307.500000	0.000000
308.000000	0.289269
