0.064000	0.000000
0.128000	0.000000
0.192000	0.000000
0.256000	0.000000
0.320000	0.000000
0.384000	0.000000
0.448000	0.000000
0.512000	0.000000
0.576000	0.000000
0.640000	0.000000
0.704000	0.000000
0.768000	0.000000
0.832000	0.000000
0.896000	0.000000
0.960000	0.000000
1.024000	0.000000
1.088000	0.000000
1.152000	0.000000
1.216000	0.000000
1.280000	0.000000
1.344000	0.000000
1.408000	0.000000
1.472000	0.000000
1.536000	0.000000
1.600000	0.000000
1.664000	0.000000
1.728000	0.000000
1.792000	0.000000
1.856000	0.000000
1.920000	0.000000
1.984000	0.000000
2.048000	0.000000
2.112000	0.000000
2.176000	0.000000
2.240000	0.000000
2.304000	0.000000
2.368000	0.000000
2.432000	0.000000
2.496000	0.000000
2.560000	0.000000
2.624000	0.000000
2.688000	0.000000
2.752000	0.000000
2.816000	0.000000
2.880000	0.000000
2.944000	0.000000
3.008000	0.000000
3.072000	0.000000
3.136000	0.000000
3.200000	0.000000
3.264000	0.179667
3.328000	0.179667
3.392000	0.179667
3.456000	0.179667
3.520000	0.179667
3.584000	0.179667
3.648000	0.179667
3.712000	0.179667
3.776000	0.179667
3.840000	0.179667
3.904000	0.179667
3.968000	0.179667
4.032000	0.179667
4.096000	0.179667
4.160000	0.179667
4.224000	0.179667
4.288000	0.179667
4.352000	0.179667
4.416000	0.179667
4.480000	0.179667
4.544000	0.179667
4.608000	0.179667
4.672000	0.179667
4.736000	0.179667
4.800000	0.179667
4.864000	0.179667
4.928000	0.179667
4.992000	0.179667
5.056000	0.179667
5.120000	0.179667
5.184000	0.179667
5.248000	0.179667
5.312000	0.179667
5.376000	0.179667
5.440000	0.179667
5.504000	0.179667
5.568000	0.179667
5.632000	0.179667
5.696000	0.179667
5.760000	0.179667
5.824000	0.179667
5.888000	0.179667
5.952000	0.179667
6.016000	0.179667
6.080000	0.179667
6.144000	0.179667
6.208000	0.179667
6.272000	0.179667
6.336000	0.179667
6.400000	0.179667
6.464000	0.179667
6.528000	0.179667
6.592000	0.179667
6.656000	0.179667
6.720000	0.179667
6.784000	0.179667
6.848000	0.179667
6.912000	0.179667
6.976000	0.184795
7.040000	0.184795
7.104000	0.184795
7.168000	0.184795
7.232000	0.184795
7.296000	0.184795
7.360000	0.184795
7.424000	0.184795
7.488000	0.184795
7.552000	0.184795
7.616000	0.184795
7.680000	0.184795
7.744000	0.184795
7.808000	0.184795
7.872000	0.184795
7.936000	0.184795
8.000000	0.184795
8.064000	0.184795
8.128000	0.184795
8.192000	0.184795
8.256000	0.184795
8.320000	0.184795
8.384000	0.184795
8.448000	0.184795
8.512000	0.184795
8.576000	0.184795
8.640000	0.184795
8.704000	0.184795
8.768000	0.184795
8.832000	0.184795
8.896000	0.184795
8.960000	0.184795
9.024000	0.184795
9.088000	0.184795
9.152000	0.184795
9.216000	0.184795
9.280000	0.184795
9.344000	0.184795
9.408000	0.184795
9.472000	0.184795
9.536000	0.184795
9.600000	0.184795
9.664000	0.184795
9.728000	0.184795
9.792000	0.184795
9.856000	0.184795
9.920000	0.184795
9.984000	0.184795
10.048000	0.184795
10.112000	0.184795
10.176000	0.184795
10.240000	0.184795
10.304000	0.184795
10.368000	0.184795
10.432000	0.184795
10.496000	0.184795
10.560000	0.184795
10.624000	0.184795
10.688000	0.184795
10.752000	0.184795
10.816000	0.184795
10.880000	0.184795
10.944000	0.184795
11.008000	0.184795
11.072000	0.184795
11.136000	0.184795
11.200000	0.184795
11.264000	0.184795
11.328000	0.184795
11.392000	0.184795
11.456000	0.184795
11.520000	0.184795
11.584000	0.184795
11.648000	0.184795
11.712000	0.184795
11.776000	0.184795
11.840000	0.184795
11.904000	0.184795
11.968000	0.184795
12.032000	0.184795
12.096000	0.209357
12.160000	0.209357
12.224000	0.209357
12.288000	0.209357
12.352000	0.209357
12.416000	0.209357
12.480000	0.209357
12.544000	0.209357
12.608000	0.209357
12.672000	0.209357
12.736000	0.209357
12.800000	0.209357
12.864000	0.209357
12.928000	0.199061
12.992000	0.199061
13.056000	0.199061
13.120000	0.199061
13.184000	0.199061
13.248000	0.199061
13.312000	0.199061
13.376000	0.199061
13.440000	0.199061
13.504000	0.199061
13.568000	0.199061
13.632000	0.199061
13.696000	0.199061
13.760000	0.199061
13.824000	0.199061
13.888000	0.199061
13.952000	0.199061
14.016000	0.199061
14.080000	0.199061
14.144000	0.199061
14.208000	0.199061
14.272000	0.199061
14.336000	0.199061
14.400000	0.199061
14.464000	0.199061
14.528000	0.199061
14.592000	0.199061
14.656000	0.199061
14.720000	0.199061
14.784000	0.199061
14.848000	0.199061
14.912000	0.199061
14.976000	0.199061
15.040000	0.199061
15.104000	0.199061
15.168000	0.199061
15.232000	0.199061
15.296000	0.199061
15.360000	0.199061
15.424000	0.199061
15.488000	0.199061
15.552000	0.199061
15.616000	0.199061
15.680000	0.199061
15.744000	0.199061
15.808000	0.199061
15.872000	0.199061
15.936000	0.199061
16.000000	0.199061
16.064000	0.199061
16.128000	0.199061
16.192000	0.199061
16.256000	0.199061
16.320000	0.199061
16.384000	0.199061
16.448000	0.199061
16.512000	0.199061
16.576000	0.199061
16.640000	0.199061
16.704000	0.199061
16.768000	0.199061
16.832000	0.199061
16.896000	0.199061
16.960000	0.199061
17.024000	0.199061
17.088000	0.199061
17.152000	0.199061
17.216000	0.199061
17.280000	0.199061
17.344000	0.199061
17.408000	0.199061
17.472000	0.199061
17.536000	0.199061
17.600000	0.199061
17.664000	0.199061
17.728000	0.199061
17.792000	0.199061
17.856000	0.199061
17.920000	0.199061
17.984000	0.199061
18.048000	0.199061
18.112000	0.199061
18.176000	0.199061
18.240000	0.199061
18.304000	0.199061
18.368000	0.199061
18.432000	0.199061
18.496000	0.199061
18.560000	0.199061
18.624000	0.199061
18.688000	0.199061
18.752000	0.199061
18.816000	0.199061
18.880000	0.199061
18.944000	0.199061
19.008000	0.199061
19.072000	0.199061
19.136000	0.199061
19.200000	0.199061
19.264000	0.199061
19.328000	0.268267
19.392000	0.268267
19.456000	0.268267
19.520000	0.268267
19.584000	0.268267
19.648000	0.268267
19.712000	0.268267
19.776000	0.268267
19.840000	0.268267
19.904000	0.268267
19.968000	0.268267
20.032000	0.268267
20.096000	0.268267
20.160000	0.268267
20.224000	0.268267
20.288000	0.268267
20.352000	0.268267
20.416000	0.268267
20.480000	0.268267
20.544000	0.268267
20.608000	0.268267
20.672000	0.268267
20.736000	0.268267
20.800000	0.268267
20.864000	0.268267
20.928000	0.268267
20.992000	0.268267
21.056000	0.268267
21.120000	0.268267
21.184000	0.268267
21.248000	0.268267
21.312000	0.268267
21.376000	0.268267
21.440000	0.268267
21.504000	0.268267
21.568000	0.268267
21.632000	0.268267
21.696000	0.268267
21.760000	0.268267
21.824000	0.268267
21.888000	0.268267
21.952000	0.268267
22.016000	0.268267
22.080000	0.268267
22.144000	0.268267
22.208000	0.268267
22.272000	0.268267
22.336000	0.268267
22.400000	0.268267
22.464000	0.291905
22.528000	0.291905
22.592000	0.291905
22.656000	0.291905
22.720000	0.291905
22.784000	0.291905
22.848000	0.291905
22.912000	0.291905
22.976000	0.291905
23.040000	0.291905
23.104000	0.291905
23.168000	0.291905
23.232000	0.291905
23.296000	0.291905
23.360000	0.291905
23.424000	0.291905
23.488000	0.291905
23.552000	0.291905
23.616000	0.291905
23.680000	0.291905
23.744000	0.291905
23.808000	0.291905
23.872000	0.291905
23.936000	0.291905
24.000000	0.291905
24.064000	0.291905
24.128000	0.291905
24.192000	0.291905
24.256000	0.291905
24.320000	0.291905
24.384000	0.291905
24.448000	0.291905
24.512000	0.291905
24.576000	0.291905
24.640000	0.291905
24.704000	0.291905
24.768000	0.291905
24.832000	0.291905
24.896000	0.291905
24.960000	0.291905
25.024000	0.291905
25.088000	0.291905
25.152000	0.291905
25.216000	0.291905
25.280000	0.291905
25.344000	0.291905
25.408000	0.291905
25.472000	0.291905
25.536000	0.291905
25.600000	0.167813
25.664000	0.166896
25.728000	0.166896
25.792000	0.166896
25.856000	0.166896
25.920000	0.166896
25.984000	0.166896
26.048000	0.166896
26.112000	0.166896
26.176000	0.166896
26.240000	0.166896
26.304000	0.166896
26.368000	0.166896
26.432000	0.166896
26.496000	0.166896
26.560000	0.166896
26.624000	0.166896
26.688000	0.166896
26.752000	0.166896
26.816000	0.166896
26.880000	0.166896
26.944000	0.166896
27.008000	0.166896
27.072000	0.166896
27.136000	0.166896
27.200000	0.166896
27.264000	0.166896
27.328000	0.166896
27.392000	0.166896
27.456000	0.166896
27.520000	0.166896
27.584000	0.166896
27.648000	0.166896
27.712000	0.166896
27.776000	0.166896
27.840000	0.166896
27.904000	0.166896
27.968000	0.166896
28.032000	0.166896
28.096000	0.166896
28.160000	0.166896
28.224000	0.166896
28.288000	0.166896
28.352000	0.166896
28.416000	0.166896
28.480000	0.166896
28.544000	0.166896
28.608000	0.166896
28.672000	0.166896
28.736000	0.166896
28.800000	0.166896
28.864000	0.166896
28.928000	0.166896
28.992000	0.166896
29.056000	0.166896
29.120000	0.166896
29.184000	0.166896
29.248000	0.166896
29.312000	0.166896
29.376000	0.166896
29.440000	0.166896
29.504000	0.166896
29.568000	0.166896
29.632000	0.166896
29.696000	0.166896
29.760000	0.166896
29.824000	0.166896
29.888000	0.154812
29.952000	0.152563
30.016000	0.152563
30.080000	0.152563
30.144000	0.152563
30.208000	0.152563
30.272000	0.145141
30.336000	0.102644
30.400000	0.102644
30.464000	0.102644
30.528000	0.102644
30.592000	0.102644
30.656000	0.102644
30.720000	0.102644
30.784000	0.102644
30.848000	0.102644
30.912000	0.102644
30.976000	0.102644
31.040000	0.102644
31.104000	0.102644
31.168000	0.102644
31.232000	0.102644
31.296000	0.102644
31.360000	0.102644
31.424000	0.102644
31.488000	0.102644
31.552000	0.102644
31.616000	0.083732
31.680000	0.075668
31.744000	0.075668
31.808000	0.075668
31.872000	0.075668
31.936000	0.075668
32.000000	0.075668
32.064000	0.075668
32.128000	0.075668
32.192000	0.075668
32.256000	0.075668
32.320000	0.075668
32.384000	0.075668
32.448000	0.075668
32.512000	0.075668
32.576000	0.075668
32.640000	0.075668
32.704000	0.075668
32.768000	0.075668
32.832000	0.075668
32.896000	0.075668
32.960000	0.075668
33.024000	0.075668
33.088000	0.075668
33.152000	0.075668
33.216000	0.075668
33.280000	0.075668
33.344000	0.075668
33.408000	0.075668
33.472000	0.075668
33.536000	0.075668
33.600000	0.075668
33.664000	0.075668
33.728000	0.075668
33.792000	0.075668
33.856000	0.075668
33.920000	0.075668
33.984000	0.075668
34.048000	0.075668
34.112000	0.075668
34.176000	0.075668
34.240000	0.075668
34.304000	0.075668
34.368000	0.075668
34.432000	0.075668
34.496000	0.075668
34.560000	0.075668
34.624000	0.075668
34.688000	0.075668
34.752000	0.075668
34.816000	0.075668
34.880000	0.075668
34.944000	0.075668
35.008000	0.075668
35.072000	0.075668
35.136000	0.075668
35.200000	0.075668
35.264000	0.075668
35.328000	0.075668
35.392000	0.075668
35.456000	0.075668
35.520000	0.075668
35.584000	0.075668
35.648000	0.075668
35.712000	0.075668
35.776000	0.075668
35.840000	0.075668
35.904000	0.075668
35.968000	0.075668
36.032000	0.075668
36.096000	0.075668
36.160000	0.075668
36.224000	0.075668
36.288000	0.075668
36.352000	0.075668
36.416000	0.075668
36.480000	0.075668
36.544000	0.075668
36.608000	0.075668
36.672000	0.075668
36.736000	0.075668
36.800000	0.075668
36.864000	0.075668
36.928000	0.075668
36.992000	0.075668
37.056000	0.075668
37.120000	0.075668
37.184000	0.075668
37.248000	0.075668
37.312000	0.075668
37.376000	0.075668
37.440000	0.075668
37.504000	0.075668
37.568000	0.075668
37.632000	0.075668
37.696000	0.075668
37.760000	0.075668
37.824000	0.075668
37.888000	0.075668
37.952000	0.075668
38.016000	0.075668
38.080000	0.102717
38.144000	0.102717
38.208000	0.102717
38.272000	0.102717
38.336000	0.102717
38.400000	0.102717
38.464000	0.102717
38.528000	0.102717
38.592000	0.102717
38.656000	0.102717
38.720000	0.119545
38.784000	0.119545
38.848000	0.119545
38.912000	0.119545
38.976000	0.119545
39.040000	0.119545
39.104000	0.119545
39.168000	0.119545
39.232000	0.119545
39.296000	0.119545
39.360000	0.119545
39.424000	0.119545
39.488000	0.119545
39.552000	0.119545
39.616000	0.119545
39.680000	0.119545
39.744000	0.119545
39.808000	0.119545
39.872000	0.119545
39.936000	0.119545
40.000000	0.119545
40.064000	0.119545
40.128000	0.119545
40.192000	0.119545
40.256000	0.119545
40.320000	0.119545
40.384000	0.119545
40.448000	0.119545
40.512000	0.119545
40.576000	0.119545
40.640000	0.119545
40.704000	0.108461
40.768000	0.108461
40.832000	0.108461
40.896000	0.108461
40.960000	0.108461
41.024000	0.108461
41.088000	0.108461
41.152000	0.108461
41.216000	0.108461
41.280000	0.108461
41.344000	0.108461
41.408000	0.108461
41.472000	0.108461
41.536000	0.108461
41.600000	0.108461
41.664000	0.108461
41.728000	0.108461
41.792000	0.108461
41.856000	0.108461
41.920000	0.108461
41.984000	0.108461
42.048000	0.058986
42.112000	0.058986
42.176000	0.058986
42.240000	0.058986
42.304000	0.058986
42.368000	0.058986
42.432000	0.058986
42.496000	0.058986
42.560000	0.058986
42.624000	0.058986
42.688000	0.058986
42.752000	0.058986
42.816000	0.058986
42.880000	0.058986
42.944000	0.058986
43.008000	0.058986
43.072000	0.058986
43.136000	0.058986
43.200000	0.058986
43.264000	0.058986
43.328000	0.058986
43.392000	0.058986
43.456000	0.058986
43.520000	0.058986
43.584000	0.058986
43.648000	0.058986
43.712000	0.058986
43.776000	0.058986
43.840000	0.058986
43.904000	0.058986
43.968000	0.058986
44.032000	0.058986
44.096000	0.058986
44.160000	0.058986
44.224000	0.058986
44.288000	0.058986
44.352000	0.058986
44.416000	0.058986
44.480000	0.058986
44.544000	0.058986
44.608000	0.058986
44.672000	0.058986
44.736000	0.058986
44.800000	0.058986
44.864000	0.058986
44.928000	0.058986
44.992000	0.058986
45.056000	0.058986
45.120000	0.058986
45.184000	0.058986
45.248000	0.058986
45.312000	0.058986
45.376000	0.058986
45.440000	0.058986
45.504000	0.058986
45.568000	0.058986
45.632000	0.058986
45.696000	0.058986
45.760000	0.058986
45.824000	0.058986
45.888000	0.058986
45.952000	0.058986
46.016000	0.058986
46.080000	0.058986
46.144000	0.058986
46.208000	0.058986
46.272000	0.058986
46.336000	0.058986
46.400000	0.058986
46.464000	0.058986
46.528000	0.058986
46.592000	0.058986
46.656000	0.058986
46.720000	0.058986
46.784000	0.058986
46.848000	0.058986
46.912000	0.058986
46.976000	0.058986
47.040000	0.058986
47.104000	0.058986
47.168000	0.058986
47.232000	0.058986
47.296000	0.058986
47.360000	0.058986
47.424000	0.058986
47.488000	0.058986
47.552000	0.058986
47.616000	0.058986
47.680000	0.058986
47.744000	0.058986
47.808000	0.058986
47.872000	0.058986
47.936000	0.058986
48.000000	0.058986
48.064000	0.058986
48.128000	0.058986
48.192000	0.058986
48.256000	0.058986
48.320000	0.058986
48.384000	0.058986
48.448000	0.071452
48.512000	0.071452
48.576000	0.071452
48.640000	0.071452
48.704000	0.071452
48.768000	0.071452
48.832000	0.071452
48.896000	0.071452
48.960000	0.071452
49.024000	0.071452
49.088000	0.071452
49.152000	0.071452
49.216000	0.071452
49.280000	0.071452
49.344000	0.071452
49.408000	0.071452
49.472000	0.071452
49.536000	0.071452
49.600000	0.071452
49.664000	0.071452
49.728000	0.071452
49.792000	0.071452
49.856000	0.071452
49.920000	0.071452
49.984000	0.071452
50.048000	0.071452
50.112000	0.071452
50.176000	0.071452
50.240000	0.071452
50.304000	0.071452
50.368000	0.071452
50.432000	0.071452
50.496000	0.071452
50.560000	0.071452
50.624000	0.071452
50.688000	0.071452
50.752000	0.071452
50.816000	0.071452
50.880000	0.071452
50.944000	0.071452
51.008000	0.071452
51.072000	0.071452
51.136000	0.071452
51.200000	0.071452
51.264000	0.071452
51.328000	0.071452
51.392000	0.071452
51.456000	0.071452
51.520000	0.071452
51.584000	0.071452
51.648000	0.071452
51.712000	0.071452
51.776000	0.071452
51.840000	0.071452
51.904000	0.071452
51.968000	0.071452
52.032000	0.071452
52.096000	0.071452
52.160000	0.071452
52.224000	0.132325
52.288000	0.147842
52.352000	0.147842
52.416000	0.147842
52.480000	0.147842
52.544000	0.147842
52.608000	0.147842
52.672000	0.147842
52.736000	0.147842
52.800000	0.147842
52.864000	0.147842
52.928000	0.147842
52.992000	0.102058
53.056000	0.102058
53.120000	0.085242
53.184000	0.083708
53.248000	0.058878
53.312000	0.058878
53.376000	0.058878
53.440000	0.058878
53.504000	0.058878
53.568000	0.058878
53.632000	0.058878
53.696000	0.058878
53.760000	0.058878
53.824000	0.058878
53.888000	0.058878
53.952000	0.058878
54.016000	0.058878
54.080000	0.058878
54.144000	0.058878
54.208000	0.058878
54.272000	0.058878
54.336000	0.058878
54.400000	0.058878
54.464000	0.058878
54.528000	0.058878
54.592000	0.058878
54.656000	0.058878
54.720000	0.058878
54.784000	0.058878
54.848000	0.058878
54.912000	0.058878
54.976000	0.058878
55.040000	0.058878
55.104000	0.058878
55.168000	0.058878
55.232000	0.058878
55.296000	0.058878
55.360000	0.058878
55.424000	0.058878
55.488000	0.058878
55.552000	0.058878
55.616000	0.058878
55.680000	0.058878
55.744000	0.058878
55.808000	0.058878
55.872000	0.058878
55.936000	0.058878
56.000000	0.058878
56.064000	0.058878
56.128000	0.058878
56.192000	0.058878
56.256000	0.058878
56.320000	0.058878
56.384000	0.058878
56.448000	0.058878
56.512000	0.058878
56.576000	0.058878
56.640000	0.058878
56.704000	0.058878
56.768000	0.058878
56.832000	0.058878
56.896000	0.058878
56.960000	0.058878
57.024000	0.058878
57.088000	0.058878
57.152000	0.058878
57.216000	0.058878
57.280000	0.058878
57.344000	0.058878
57.408000	0.058878
57.472000	0.058878
57.536000	0.058878
57.600000	0.058878
57.664000	0.058878
57.728000	0.058878
57.792000	0.058878
57.856000	0.058878
57.920000	0.058878
57.984000	0.058878
58.048000	0.058878
58.112000	0.058878
58.176000	0.058878
58.240000	0.058878
58.304000	0.058878
58.368000	0.058878
58.432000	0.058878
58.496000	0.058878
58.560000	0.058878
58.624000	0.058878
58.688000	0.058878
58.752000	0.058878
58.816000	0.058878
58.880000	0.058878
58.944000	0.058878
59.008000	0.058878
59.072000	0.058878
59.136000	0.058878
59.200000	0.058878
59.264000	0.058878
59.328000	0.058878
59.392000	0.058878
59.456000	0.058878
59.520000	0.058878
59.584000	0.058878
59.648000	0.085423
59.712000	0.085423
59.776000	0.085423
59.840000	0.085423
59.904000	0.085423
59.968000	0.085423
60.032000	0.085423
60.096000	0.085423
60.160000	0.085423
60.224000	0.085423
60.288000	0.085423
60.352000	0.085423
60.416000	0.085423
60.480000	0.085423
60.544000	0.085423
60.608000	0.085423
60.672000	0.085423
60.736000	0.085423
60.800000	0.085423
60.864000	0.085423
60.928000	0.085423
60.992000	0.085423
61.056000	0.085423
61.120000	0.085423
61.184000	0.085423
61.248000	0.085423
61.312000	0.085423
61.376000	0.085423
61.440000	0.085423
61.504000	0.085423
61.568000	0.085423
61.632000	0.085423
61.696000	0.085423
61.760000	0.085423
61.824000	0.085423
61.888000	0.085423
61.952000	0.085423
62.016000	0.085423
62.080000	0.085423
62.144000	0.085423
62.208000	0.085423
62.272000	0.085423
62.336000	0.085423
62.400000	0.085423
62.464000	0.080935
62.528000	0.080935
62.592000	0.080935
62.656000	0.080935
62.720000	0.080935
62.784000	0.080935
62.848000	0.080935
62.912000	0.080935
62.976000	0.080935
63.040000	0.080935
63.104000	0.080935
63.168000	0.080935
63.232000	0.080935
63.296000	0.080935
63.360000	0.080935
63.424000	0.080935
63.488000	0.080935
63.552000	0.080935
63.616000	0.080935
63.680000	0.080935
63.744000	0.080935
63.808000	0.080935
63.872000	0.080935
63.936000	0.080935
64.000000	0.080935
64.064000	0.080935
64.128000	0.080935
64.192000	0.080935
64.256000	0.080935
64.320000	0.080935
64.384000	0.080935
64.448000	0.080935
64.512000	0.080935
64.576000	0.080935
64.640000	0.080935
64.704000	0.080935
64.768000	0.080935
64.832000	0.080935
64.896000	0.080935
64.960000	0.080935
65.024000	0.080935
65.088000	0.080935
65.152000	0.080935
65.216000	0.080935
65.280000	0.080935
65.344000	0.080935
65.408000	0.080935
65.472000	0.080935
65.536000	0.080935
65.600000	0.080935
65.664000	0.080935
65.728000	0.080935
65.792000	0.080935
65.856000	0.080935
65.920000	0.080935
65.984000	0.080935
66.048000	0.080935
66.112000	0.080935
66.176000	0.080935
66.240000	0.080935
66.304000	0.080935
66.368000	0.080935
66.432000	0.080935
66.496000	0.080935
66.560000	0.080935
66.624000	0.080935
66.688000	0.080935
66.752000	0.080935
66.816000	0.080935
66.880000	0.080935
66.944000	0.080935
67.008000	0.080935
67.072000	0.080935
67.136000	0.080935
67.200000	0.080935
67.264000	0.080935
67.328000	0.080935
67.392000	0.080935
67.456000	0.080935
67.520000	0.080935
67.584000	0.080935
67.648000	0.080935
67.712000	0.080935
67.776000	0.080935
67.840000	0.080935
67.904000	0.080935
67.968000	0.080935
68.032000	0.080935
68.096000	0.080935
68.160000	0.080935
68.224000	0.080935
68.288000	0.080935
68.352000	0.080935
68.416000	0.080935
68.480000	0.080935
68.544000	0.080935
68.608000	0.080935
68.672000	0.080935
68.736000	0.080935
68.800000	0.080935
68.864000	0.095128
68.928000	0.104959
68.992000	0.104959
69.056000	0.104959
69.120000	0.104959
69.184000	0.104959
69.248000	0.104959
69.312000	0.104959
69.376000	0.104959
69.440000	0.104959
69.504000	0.104959
69.568000	0.104959
69.632000	0.114079
69.696000	0.114079
69.760000	0.114079
69.824000	0.114079
69.888000	0.114079
69.952000	0.114079
70.016000	0.114079
70.080000	0.114079
70.144000	0.114079
70.208000	0.114079
70.272000	0.114079
70.336000	0.114079
70.400000	0.114079
70.464000	0.114079
70.528000	0.151104
70.592000	0.151104
70.656000	0.151104
70.720000	0.151104
70.784000	0.151104
70.848000	0.151104
70.912000	0.151104
70.976000	0.151104
71.040000	0.151104
71.104000	0.151104
71.168000	0.151104
71.232000	0.158095
71.296000	0.158095
71.360000	0.158095
71.424000	0.158095
71.488000	0.158095
71.552000	0.158095
71.616000	0.158095
71.680000	0.158095
71.744000	0.158095
71.808000	0.158095
71.872000	0.158095
71.936000	0.158095
72.000000	0.158095
72.064000	0.158095
72.128000	0.158095
72.192000	0.158095
72.256000	0.158095
72.320000	0.158095
72.384000	0.158095
72.448000	0.158095
72.512000	0.158095
72.576000	0.158095
72.640000	0.158095
72.704000	0.158095
72.768000	0.158095
72.832000	0.158095
72.896000	0.158095
72.960000	0.158095
73.024000	0.158095
73.088000	0.158095
73.152000	0.158095
73.216000	0.158095
73.280000	0.158095
73.344000	0.171976
73.408000	0.196213
73.472000	0.196213
73.536000	0.196213
73.600000	0.196213
73.664000	0.196213
73.728000	0.196213
73.792000	0.196213
73.856000	0.196213
73.920000	0.196213
73.984000	0.196213
74.048000	0.196213
74.112000	0.196213
74.176000	0.196213
74.240000	0.196213
74.304000	0.196213
74.368000	0.196213
74.432000	0.196213
74.496000	0.196213
74.560000	0.196213
74.624000	0.196213
74.688000	0.196213
74.752000	0.196213
74.816000	0.196213
74.880000	0.196213
74.944000	0.196213
75.008000	0.196213
75.072000	0.196213
75.136000	0.196213
75.200000	0.196213
75.264000	0.196213
75.328000	0.196213
75.392000	0.196213
75.456000	0.196213
75.520000	0.196213
75.584000	0.196213
75.648000	0.196213
75.712000	0.196213
75.776000	0.215129
75.840000	0.215129
75.904000	0.215129
75.968000	0.215129
76.032000	0.215129
76.096000	0.215129
76.160000	0.457386
76.224000	0.457386
76.288000	0.339038
76.352000	0.339038
76.416000	0.339038
76.480000	0.339038
76.544000	0.230189
76.608000	0.230189
76.672000	0.230189
76.736000	0.230189
76.800000	0.230189
76.864000	0.230189
76.928000	0.230189
76.992000	0.230189
77.056000	0.230189
77.120000	0.230189
77.184000	0.230189
77.248000	0.230189
77.312000	0.230189
77.376000	0.230189
77.440000	0.230189
77.504000	0.230189
77.568000	0.230189
77.632000	0.230189
77.696000	0.230189
77.760000	0.230189
77.824000	0.230189
77.888000	0.230189
77.952000	0.230189
78.016000	0.230189
78.080000	0.230189
78.144000	0.230189
78.208000	0.230189
78.272000	0.230189
78.336000	0.230189
78.400000	0.230189
78.464000	0.230189
78.528000	0.230189
78.592000	0.230189
78.656000	0.230189
78.720000	0.230189
78.784000	0.230189
78.848000	0.230189
78.912000	0.230189
78.976000	0.230189
79.040000	0.230189
79.104000	0.230189
79.168000	0.230189
79.232000	0.230189
79.296000	0.230189
79.360000	0.230189
79.424000	0.230189
79.488000	0.230189
79.552000	0.230189
79.616000	0.230189
79.680000	0.230189
79.744000	0.230189
79.808000	0.230189
79.872000	0.230189
79.936000	0.230189
80.000000	0.230189
80.064000	0.230189
80.128000	0.230189
80.192000	0.230189
80.256000	0.230189
80.320000	0.230189
80.384000	0.230189
80.448000	0.230189
80.512000	0.230189
80.576000	0.230189
80.640000	0.230189
80.704000	0.230189
80.768000	0.230189
80.832000	0.230189
80.896000	0.230189
80.960000	0.230189
81.024000	0.230189
81.088000	0.230189
81.152000	0.230189
81.216000	0.230189
81.280000	0.230189
81.344000	0.230189
81.408000	0.230189
81.472000	0.230189
81.536000	0.230189
81.600000	0.230189
81.664000	0.230189
81.728000	0.230189
81.792000	0.230189
81.856000	0.230189
81.920000	0.230189
81.984000	0.230189
82.048000	0.230189
82.112000	0.230189
82.176000	0.230189
82.240000	0.230189
82.304000	0.230189
82.368000	0.230189
82.432000	0.230189
82.496000	0.230189
82.560000	0.230189
82.624000	0.230189
82.688000	0.230189
82.752000	0.230189
82.816000	0.230189
82.880000	0.230189
82.944000	0.233213
83.008000	0.233213
83.072000	0.233213
83.136000	0.233213
83.200000	0.233213
83.264000	0.233213
83.328000	0.233213
83.392000	0.233213
83.456000	0.233213
83.520000	0.233213
83.584000	0.233213
83.648000	0.206817
83.712000	0.206817
83.776000	0.206817
83.840000	0.206817
83.904000	0.206817
83.968000	0.206817
84.032000	0.206817
84.096000	0.206817
84.160000	0.206817
84.224000	0.206817
84.288000	0.206817
84.352000	0.206817
84.416000	0.206817
84.480000	0.206817
84.544000	0.206817
84.608000	0.206817
84.672000	0.206817
84.736000	0.206817
84.800000	0.206817
84.864000	0.206817
84.928000	0.206817
84.992000	0.206817
85.056000	0.206817
85.120000	0.206817
85.184000	0.206817
85.248000	0.206817
85.312000	0.206817
85.376000	0.206817
85.440000	0.206817
85.504000	0.206817
85.568000	0.206817
85.632000	0.206817
85.696000	0.206817
85.760000	0.206817
85.824000	0.206817
85.888000	0.188768
85.952000	0.188768
86.016000	0.188768
86.080000	0.188768
86.144000	0.188768
86.208000	0.188768
86.272000	0.188768
86.336000	0.188768
86.400000	0.188768
86.464000	0.188768
86.528000	0.187869
86.592000	0.087812
86.656000	0.087812
86.720000	0.087812
86.784000	0.087812
86.848000	0.087812
86.912000	0.087812
86.976000	0.087812
87.040000	0.087812
87.104000	0.087812
87.168000	0.087812
87.232000	0.087812
87.296000	0.087812
87.360000	0.087812
87.424000	0.087812
87.488000	0.087812
87.552000	0.087812
87.616000	0.087812
87.680000	0.087812
87.744000	0.087812
87.808000	0.087812
87.872000	0.087812
87.936000	0.087812
88.000000	0.087812
88.064000	0.087812
88.128000	0.087812
88.192000	0.087812
88.256000	0.087812
88.320000	0.087812
88.384000	0.087812
88.448000	0.087812
88.512000	0.087812
88.576000	0.087812
88.640000	0.087812
88.704000	0.087812
88.768000	0.087812
88.832000	0.087812
88.896000	0.087812
88.960000	0.087812
89.024000	0.087812
89.088000	0.087812
89.152000	0.087812
89.216000	0.087812
89.280000	0.087812
89.344000	0.087812
89.408000	0.087812
89.472000	0.087812
89.536000	0.087812
89.600000	0.087812
89.664000	0.087812
89.728000	0.087812
89.792000	0.087812
89.856000	0.087812
89.920000	0.087812
89.984000	0.087812
90.048000	0.087812
90.112000	0.087812
90.176000	0.087812
90.240000	0.087812
90.304000	0.087812
90.368000	0.087812
90.432000	0.087812
90.496000	0.087812
90.560000	0.087812
90.624000	0.087812
90.688000	0.087812
90.752000	0.087812
90.816000	0.087812
90.880000	0.087812
90.944000	0.087812
91.008000	0.087812
91.072000	0.087812
91.136000	0.087812
91.200000	0.087812
91.264000	0.087812
91.328000	0.087812
91.392000	0.087812
91.456000	0.087812
91.520000	0.087812
91.584000	0.087812
91.648000	0.087812
91.712000	0.087812
91.776000	0.087812
91.840000	0.087812
91.904000	0.087812
91.968000	0.087812
92.032000	0.087812
92.096000	0.087812
92.160000	0.087812
92.224000	0.087812
92.288000	0.087812
92.352000	0.087812
92.416000	0.087812
92.480000	0.087812
92.544000	0.087812
92.608000	0.087812
92.672000	0.087812
92.736000	0.087812
92.800000	0.087812
92.864000	0.087812
92.928000	0.087812
92.992000	0.105906
93.056000	0.105906
93.120000	0.105906
93.184000	0.105906
93.248000	0.105906
93.312000	0.105906
93.376000	0.105906
93.440000	0.105906
93.504000	0.105906
93.568000	0.105906
93.632000	0.105906
93.696000	0.105906
93.760000	0.105906
93.824000	0.105906
93.888000	0.105906
93.952000	0.105906
94.016000	0.105906
94.080000	0.105906
94.144000	0.105906
94.208000	0.105906
94.272000	0.105906
94.336000	0.105906
94.400000	0.105906
94.464000	0.105906
94.528000	0.105906
94.592000	0.073533
94.656000	0.067987
94.720000	0.067987
94.784000	0.067987
94.848000	0.067987
94.912000	0.067987
94.976000	0.067987
95.040000	0.067987
95.104000	0.067987
95.168000	0.067987
95.232000	0.067987
95.296000	0.067987
95.360000	0.067987
95.424000	0.067987
95.488000	0.067987
95.552000	0.067987
95.616000	0.067987
95.680000	0.067987
95.744000	0.067987
95.808000	0.067987
95.872000	0.067987
95.936000	0.067987
96.000000	0.067987
96.064000	0.067987
96.128000	0.067987
96.192000	0.067987
96.256000	0.067987
96.320000	0.067987
96.384000	0.064310
96.448000	0.064310
96.512000	0.064310
96.576000	0.064310
96.640000	0.064310
96.704000	0.064310
96.768000	0.064310
96.832000	0.064310
96.896000	0.064310
96.960000	0.064310
97.024000	0.064310
97.088000	0.064310
97.152000	0.064310
97.216000	0.064310
97.280000	0.064310
97.344000	0.064310
97.408000	0.064310
97.472000	0.064310
97.536000	0.064310
97.600000	0.064310
97.664000	0.064310
97.728000	0.064310
97.792000	0.064310
97.856000	0.064310
97.920000	0.064310
97.984000	0.064310
98.048000	0.064310
98.112000	0.064310
98.176000	0.064310
98.240000	0.064310
98.304000	0.064310
98.368000	0.064310
98.432000	0.064310
98.496000	0.064310
98.560000	0.064310
98.624000	0.064310
98.688000	0.064310
98.752000	0.064310
98.816000	0.064310
98.880000	0.064310
98.944000	0.064310
99.008000	0.064310
99.072000	0.064310
99.136000	0.064310
99.200000	0.064310
99.264000	0.064090
99.328000	0.064090
99.392000	0.064090
99.456000	0.064090
99.520000	0.064090
99.584000	0.064090
99.648000	0.064090
99.712000	0.064090
99.776000	0.064090
99.840000	0.064090
99.904000	0.064090
99.968000	0.064090
100.032000	0.064090
100.096000	0.064090
100.160000	0.064090
100.224000	0.064090
100.288000	0.064090
100.352000	0.064090
100.416000	0.064090
100.480000	0.064090
100.544000	0.064090
100.608000	0.064090
100.672000	0.064090
100.736000	0.064090
100.800000	0.064090
100.864000	0.064090
100.928000	0.064090
100.992000	0.064090
101.056000	0.064090
101.120000	0.064090
101.184000	0.064090
101.248000	0.064090
101.312000	0.064090
101.376000	0.064090
101.440000	0.064090
101.504000	0.064090
101.568000	0.064090
101.632000	0.064090
101.696000	0.064090
101.760000	0.064090
101.824000	0.064090
101.888000	0.064090
101.952000	0.064090
102.016000	0.064090
102.080000	0.064090
102.144000	0.064090
102.208000	0.064090
102.272000	0.064090
102.336000	0.064090
102.400000	0.064090
102.464000	0.064090
102.528000	0.064090
102.592000	0.064090
102.656000	0.064090
102.720000	0.064090
102.784000	0.064090
102.848000	0.064090
102.912000	0.064090
102.976000	0.064090
103.040000	0.064090
103.104000	0.064090
103.168000	0.064090
103.232000	0.064090
103.296000	0.064090
103.360000	0.064090
103.424000	0.064090
103.488000	0.064090
103.552000	0.064090
103.616000	0.064090
103.680000	0.064090
103.744000	0.064090
103.808000	0.064090
103.872000	0.064090
103.936000	0.064090
104.000000	0.064090
104.064000	0.064090
104.128000	0.064090
104.192000	0.064090
104.256000	0.064090
104.320000	0.064090
104.384000	0.064090
104.448000	0.064090
104.512000	0.064090
104.576000	0.064090
104.640000	0.064090
104.704000	0.064090
104.768000	0.064090
104.832000	0.064090
104.896000	0.064090
104.960000	0.064090
105.024000	0.064090
105.088000	0.064090
105.152000	0.064090
105.216000	0.064090
105.280000	0.064090
105.344000	0.064090
105.408000	0.064090
105.472000	0.064090
105.536000	0.064090
105.600000	0.064090
105.664000	0.072791
105.728000	0.072791
105.792000	0.072791
105.856000	0.072791
105.920000	0.072791
105.984000	0.072791
106.048000	0.072791
106.112000	0.072791
106.176000	0.072791
106.240000	0.072791
106.304000	0.072791
106.368000	0.072791
106.432000	0.072791
106.496000	0.072489
106.560000	0.072489
106.624000	0.072489
106.688000	0.072489
106.752000	0.072489
106.816000	0.072489
106.880000	0.072489
106.944000	0.072489
107.008000	0.072489
107.072000	0.072489
107.136000	0.072489
107.200000	0.072489
107.264000	0.072489
107.328000	0.072489
107.392000	0.072489
107.456000	0.072489
107.520000	0.072489
107.584000	0.072489
107.648000	0.072489
107.712000	0.072489
107.776000	0.072489
107.840000	0.072489
107.904000	0.072489
107.968000	0.072489
108.032000	0.072489
108.096000	0.072489
108.160000	0.072489
108.224000	0.072489
108.288000	0.072489
108.352000	0.072489
108.416000	0.072489
108.480000	0.072489
108.544000	0.072489
108.608000	0.072489
108.672000	0.072489
108.736000	0.072489
108.800000	0.072489
108.864000	0.072489
108.928000	0.072489
108.992000	0.072489
109.056000	0.072489
109.120000	0.072489
109.184000	0.072489
109.248000	0.072489
109.312000	0.072489
109.376000	0.072489
109.440000	0.072489
109.504000	0.072489
109.568000	0.072489
109.632000	0.072489
109.696000	0.072489
109.760000	0.072489
109.824000	0.072489
109.888000	0.072489
109.952000	0.072489
110.016000	0.072489
110.080000	0.072489
110.144000	0.072489
110.208000	0.072489
110.272000	0.072489
110.336000	0.072489
110.400000	0.072489
110.464000	0.072489
110.528000	0.072489
110.592000	0.072489
110.656000	0.072489
110.720000	0.072489
110.784000	0.072489
110.848000	0.072489
110.912000	0.072489
110.976000	0.072489
111.040000	0.072489
111.104000	0.072489
111.168000	0.072489
111.232000	0.072489
111.296000	0.072489
111.360000	0.072489
111.424000	0.072489
111.488000	0.072489
111.552000	0.072489
111.616000	0.072489
111.680000	0.072489
111.744000	0.045527
111.808000	0.045527
111.872000	0.045527
111.936000	0.045527
112.000000	0.045527
112.064000	0.045527
112.128000	0.045527
112.192000	0.045527
112.256000	0.045527
112.320000	0.045527
112.384000	0.045527
112.448000	0.045527
112.512000	0.045527
112.576000	0.045527
112.640000	0.045527
112.704000	0.045527
112.768000	0.045527
112.832000	0.045527
112.896000	0.045527
112.960000	0.045527
113.024000	0.045527
113.088000	0.045527
113.152000	0.045527
113.216000	0.045527
113.280000	0.045527
113.344000	0.045527
113.408000	0.045527
113.472000	0.045527
113.536000	0.045527
113.600000	0.045527
113.664000	0.045527
113.728000	0.045527
113.792000	0.045527
113.856000	0.045527
113.920000	0.045527
113.984000	0.045527
114.048000	0.045527
114.112000	0.045527
114.176000	0.045527
114.240000	0.045527
114.304000	0.045527
114.368000	0.045527
114.432000	0.045527
114.496000	0.045527
114.560000	0.045527
114.624000	0.045527
114.688000	0.045527
114.752000	0.045527
114.816000	0.045527
114.880000	0.045527
114.944000	0.045527
115.008000	0.045527
115.072000	0.045527
115.136000	0.045527
115.200000	0.045527
115.264000	0.045527
115.328000	0.045527
115.392000	0.045527
115.456000	0.045527
115.520000	0.045527
115.584000	0.045527
115.648000	0.045527
115.712000	0.045527
115.776000	0.045527
115.840000	0.045527
115.904000	0.045527
115.968000	0.045527
116.032000	0.045527
116.096000	0.045527
116.160000	0.045527
116.224000	0.045527
116.288000	0.045527
116.352000	0.045527
116.416000	0.045527
116.480000	0.045527
116.544000	0.045527
116.608000	0.045527
116.672000	0.045527
116.736000	0.045527
116.800000	0.045527
116.864000	0.045527
116.928000	0.045527
116.992000	0.045527
117.056000	0.045527
117.120000	0.045527
117.184000	0.045527
117.248000	0.045527
117.312000	0.045527
117.376000	0.045527
117.440000	0.045527
117.504000	0.045527
117.568000	0.045527
117.632000	0.045527
117.696000	0.045527
117.760000	0.045527
117.824000	0.045527
117.888000	0.045527
117.952000	0.045527
118.016000	0.045527
118.080000	0.045527
118.144000	0.056758
118.208000	0.056758
118.272000	0.056758
118.336000	0.056758
118.400000	0.056758
118.464000	0.056758
118.528000	0.056758
118.592000	0.056758
118.656000	0.056758
118.720000	0.056758
118.784000	0.056758
118.848000	0.056758
118.912000	0.056758
118.976000	0.056758
119.040000	0.056758
119.104000	0.056758
119.168000	0.056758
119.232000	0.056758
119.296000	0.056758
119.360000	0.056758
119.424000	0.056758
119.488000	0.056758
119.552000	0.056758
119.616000	0.056758
119.680000	0.056758
119.744000	0.056758
119.808000	0.056758
119.872000	0.058280
119.936000	0.058280
120.000000	0.058280
120.064000	0.058280
120.128000	0.058280
120.192000	0.099463
120.256000	0.099463
120.320000	0.099463
120.384000	0.099463
120.448000	0.099463
120.512000	0.099463
120.576000	0.099463
120.640000	0.099463
120.704000	0.099463
120.768000	0.099463
120.832000	0.099463
120.896000	0.099463
120.960000	0.099463
121.024000	0.099463
121.088000	0.099463
121.152000	0.099463
121.216000	0.099463
121.280000	0.099463
121.344000	0.099463
121.408000	0.099463
121.472000	0.099463
121.536000	0.099463
121.600000	0.099463
121.664000	0.099463
121.728000	0.099463
121.792000	0.099463
121.856000	0.099463
121.920000	0.099463
121.984000	0.099463
122.048000	0.099463
122.112000	0.099463
122.176000	0.099463
122.240000	0.099463
122.304000	0.099463
122.368000	0.099463
122.432000	0.099463
122.496000	0.099463
122.560000	0.099463
122.624000	0.099463
122.688000	0.100858
122.752000	0.100858
122.816000	0.100858
122.880000	0.100858
122.944000	0.100858
123.008000	0.100858
123.072000	0.100858
123.136000	0.100858
123.200000	0.100858
123.264000	0.100858
123.328000	0.100858
123.392000	0.100858
123.456000	0.100858
123.520000	0.100858
123.584000	0.100858
123.648000	0.105670
123.712000	0.105670
123.776000	0.105670
123.840000	0.105670
123.904000	0.105670
123.968000	0.105670
124.032000	0.105670
124.096000	0.105670
124.160000	0.105670
124.224000	0.106213
124.288000	0.106213
124.352000	0.106213
124.416000	0.106213
124.480000	0.106213
124.544000	0.106213
124.608000	0.106213
124.672000	0.106213
124.736000	0.106213
124.800000	0.106213
124.864000	0.106213
124.928000	0.106213
124.992000	0.106213
125.056000	0.106213
125.120000	0.106213
125.184000	0.106213
125.248000	0.106213
125.312000	0.106213
125.376000	0.106213
125.440000	0.106213
125.504000	0.106213
125.568000	0.106213
125.632000	0.106213
125.696000	0.106213
125.760000	0.106213
125.824000	0.106213
125.888000	0.106213
125.952000	0.106213
126.016000	0.106213
126.080000	0.106213
126.144000	0.106213
126.208000	0.106213
126.272000	0.106213
126.336000	0.127658
126.400000	0.127658
126.464000	0.127658
126.528000	0.127658
126.592000	0.134560
126.656000	0.134560
126.720000	0.134560
126.784000	0.134560
126.848000	0.134560
126.912000	0.134560
126.976000	0.134560
127.040000	0.134560
127.104000	0.134560
127.168000	0.134560
127.232000	0.134560
127.296000	0.134560
127.360000	0.134560
127.424000	0.134560
127.488000	0.134560
127.552000	0.134560
127.616000	0.134560
127.680000	0.134560
127.744000	0.134560
127.808000	0.134560
127.872000	0.134560
127.936000	0.134560
128.000000	0.134560
128.064000	0.134560
128.128000	0.134560
128.192000	0.134560
128.256000	0.134560
128.320000	0.134560
128.384000	0.134560
128.448000	0.134560
128.512000	0.134560
128.576000	0.134560
128.640000	0.134560
128.704000	0.134560
128.768000	0.134560
128.832000	0.134560
128.896000	0.134560
128.960000	0.134560
129.024000	0.134560
129.088000	0.134560
129.152000	0.134560
129.216000	0.134560
129.280000	0.134560
129.344000	0.134560
129.408000	0.134560
129.472000	0.134560
129.536000	0.134560
129.600000	0.134560
129.664000	0.134560
129.728000	0.134560
129.792000	0.134560
129.856000	0.134560
129.920000	0.134560
129.984000	0.134560
130.048000	0.134560
130.112000	0.134560
130.176000	0.134560
130.240000	0.134560
130.304000	0.134560
130.368000	0.134560
130.432000	0.134560
130.496000	0.134560
130.560000	0.134560
130.624000	0.134560
130.688000	0.134560
130.752000	0.134560
130.816000	0.134560
130.880000	0.134560
130.944000	0.136698
131.008000	0.202922
131.072000	0.228156
131.136000	0.228156
131.200000	0.228156
131.264000	0.228156
131.328000	0.228156
131.392000	0.228156
131.456000	0.228156
131.520000	0.228156
131.584000	0.228156
131.648000	0.228156
131.712000	0.228156
131.776000	0.228156
131.840000	0.228156
131.904000	0.228156
131.968000	0.228156
132.032000	0.228156
132.096000	0.228156
132.160000	0.239127
132.224000	0.239127
132.288000	0.239127
132.352000	0.239127
132.416000	0.239127
132.480000	0.239127
132.544000	0.239127
132.608000	0.239127
132.672000	0.239127
132.736000	0.239127
132.800000	0.239127
132.864000	0.239127
132.928000	0.239127
132.992000	0.239127
133.056000	0.239127
133.120000	0.239127
133.184000	0.239127
133.248000	0.239127
133.312000	0.239127
133.376000	0.239127
133.440000	0.239127
133.504000	0.239127
133.568000	0.239127
133.632000	0.239127
133.696000	0.239127
133.760000	0.239127
133.824000	0.239127
133.888000	0.239127
133.952000	0.250790
134.016000	0.344342
134.080000	0.344342
134.144000	0.344342
134.208000	0.367078
134.272000	0.367078
134.336000	0.367078
134.400000	0.367078
134.464000	0.367078
134.528000	0.367078
134.592000	0.367078
134.656000	0.367078
134.720000	0.367078
134.784000	0.367078
134.848000	0.367078
134.912000	0.367078
134.976000	0.367078
135.040000	0.367078
135.104000	0.367078
135.168000	0.367078
135.232000	0.367078
135.296000	0.367078
135.360000	0.367078
135.424000	0.367078
135.488000	0.367078
135.552000	0.367078
135.616000	0.367078
135.680000	0.313489
135.744000	0.313489
135.808000	0.313489
135.872000	0.313489
135.936000	0.313489
136.000000	0.313489
136.064000	0.313489
136.128000	0.313489
136.192000	0.313489
136.256000	0.313489
136.320000	0.313489
136.384000	0.313489
136.448000	0.313489
136.512000	0.313489
136.576000	0.313489
136.640000	0.313489
136.704000	0.313489
136.768000	0.313489
136.832000	0.313489
136.896000	0.313489
136.960000	0.313489
137.024000	0.313489
137.088000	0.313489
137.152000	0.313489
137.216000	0.313489
137.280000	0.313489
137.344000	0.313489
137.408000	0.313489
137.472000	0.313489
137.536000	0.313489
137.600000	0.313489
137.664000	0.313489
137.728000	0.313489
137.792000	0.313489
137.856000	0.313489
137.920000	0.313489
137.984000	0.313489
138.048000	0.313489
138.112000	0.313489
138.176000	0.313489
138.240000	0.313489
138.304000	0.313489
138.368000	0.313489
138.432000	0.313489
138.496000	0.313489
138.560000	0.313489
138.624000	0.313489
138.688000	0.313489
138.752000	0.313489
138.816000	0.313489
138.880000	0.313489
138.944000	0.313489
139.008000	0.313489
139.072000	0.313489
139.136000	0.313489
139.200000	0.313489
139.264000	0.313489
139.328000	0.313489
139.392000	0.300607
139.456000	0.300607
139.520000	0.300607
139.584000	0.300607
139.648000	0.300607
139.712000	0.300607
139.776000	0.300607
139.840000	0.300607
139.904000	0.300607
139.968000	0.300607
140.032000	0.300607
140.096000	0.300607
140.160000	0.300607
140.224000	0.300607
140.288000	0.300607
140.352000	0.300607
140.416000	0.300607
140.480000	0.300607
140.544000	0.300607
140.608000	0.300607
140.672000	0.300607
140.736000	0.300607
140.800000	0.300607
140.864000	0.300607
140.928000	0.300607
140.992000	0.300607
141.056000	0.300607
141.120000	0.300607
141.184000	0.300607
141.248000	0.300607
141.312000	0.300607
141.376000	0.227691
141.440000	0.227691
141.504000	0.227691
141.568000	0.227691
141.632000	0.227691
141.696000	0.227691
141.760000	0.227691
141.824000	0.227691
141.888000	0.227691
141.952000	0.227691
142.016000	0.227691
142.080000	0.227691
142.144000	0.227691
142.208000	0.227691
142.272000	0.227691
142.336000	0.227691
142.400000	0.227691
142.464000	0.227691
142.528000	0.227691
142.592000	0.227691
142.656000	0.227691
142.720000	0.227691
142.784000	0.227691
142.848000	0.227691
142.912000	0.227691
142.976000	0.227691
143.040000	0.227691
143.104000	0.227691
143.168000	0.227691
143.232000	0.227691
143.296000	0.227691
143.360000	0.227691
143.424000	0.227691
143.488000	0.227691
143.552000	0.227691
143.616000	0.227691
143.680000	0.227691
143.744000	0.227691
143.808000	0.227691
143.872000	0.227691
143.936000	0.227691
144.000000	0.227691
144.064000	0.227691
144.128000	0.227691
144.192000	0.227691
144.256000	0.227691
144.320000	0.227691
144.384000	0.227691
144.448000	0.227691
144.512000	0.227691
144.576000	0.227691
144.640000	0.227691
144.704000	0.227691
144.768000	0.227691
144.832000	0.227691
144.896000	0.227691
144.960000	0.227691
145.024000	0.227691
145.088000	0.227691
145.152000	0.227691
145.216000	0.227691
145.280000	0.227691
145.344000	0.227691
145.408000	0.227691
145.472000	0.227691
145.536000	0.227691
145.600000	0.227691
145.664000	0.227691
145.728000	0.227691
145.792000	0.227691
145.856000	0.227691
145.920000	0.227691
145.984000	0.227691
146.048000	0.227691
146.112000	0.227691
146.176000	0.227691
146.240000	0.227691
146.304000	0.227691
146.368000	0.227691
146.432000	0.227691
146.496000	0.227691
146.560000	0.227691
146.624000	0.227691
146.688000	0.227691
146.752000	0.227691
146.816000	0.227691
146.880000	0.227691
146.944000	0.227691
147.008000	0.227691
147.072000	0.227691
147.136000	0.227691
147.200000	0.227691
147.264000	0.227691
147.328000	0.227691
147.392000	0.227691
147.456000	0.227691
147.520000	0.227691
147.584000	0.227691
147.648000	0.227691
147.712000	0.227691
147.776000	0.265852
147.840000	0.265852
147.904000	0.265852
147.968000	0.265852
148.032000	0.265852
148.096000	0.265852
148.160000	0.265852
148.224000	0.265852
148.288000	0.265852
148.352000	0.265852
148.416000	0.265852
148.480000	0.265852
148.544000	0.265852
148.608000	0.265852
148.672000	0.285025
148.736000	0.285025
148.800000	0.285025
148.864000	0.285025
148.928000	0.285025
148.992000	0.285025
149.056000	0.285025
149.120000	0.285025
149.184000	0.285025
149.248000	0.285025
149.312000	0.285025
149.376000	0.285025
149.440000	0.285025
149.504000	0.285025
149.568000	0.285025
149.632000	0.285025
149.696000	0.285025
149.760000	0.285025
149.824000	0.285025
149.888000	0.309849
149.952000	0.309849
150.016000	0.309849
150.080000	0.309849
150.144000	0.309849
150.208000	0.309849
150.272000	0.309849
150.336000	0.309849
150.400000	0.309849
150.464000	0.309849
150.528000	0.309849
150.592000	0.309849
150.656000	0.309849
150.720000	0.309849
150.784000	0.309849
150.848000	0.309849
150.912000	0.309849
150.976000	0.423426
151.040000	0.423426
151.104000	0.423426
151.168000	0.423426
151.232000	0.423426
151.296000	0.423426
151.360000	0.423426
151.424000	0.423426
151.488000	0.423426
151.552000	0.423426
151.616000	0.423426
151.680000	0.454620
151.744000	0.473369
151.808000	0.493638
151.872000	0.553112
151.936000	0.553112
152.000000	0.553112
152.064000	0.553112
152.128000	0.553112
152.192000	0.553112
152.256000	0.553112
152.320000	0.553112
152.384000	0.553112
152.448000	0.553112
152.512000	0.553112
152.576000	0.486461
152.640000	0.486461
152.704000	0.486461
152.768000	0.486461
152.832000	0.486461
152.896000	0.486461
152.960000	0.486461
153.024000	0.486461
153.088000	0.486461
153.152000	0.486461
153.216000	0.486461
153.280000	0.486461
153.344000	0.486461
153.408000	0.486461
153.472000	0.486461
153.536000	0.486461
153.600000	0.486461
153.664000	0.486461
153.728000	0.486461
153.792000	0.486461
153.856000	0.486461
153.920000	0.486461
153.984000	0.486461
154.048000	0.486461
154.112000	0.486461
154.176000	0.486461
154.240000	0.486461
154.304000	0.486461
154.368000	0.486461
154.432000	0.486461
154.496000	0.486461
154.560000	0.486461
154.624000	0.486461
154.688000	0.486461
154.752000	0.486461
154.816000	0.486461
154.880000	0.486461
154.944000	0.486461
155.008000	0.486461
155.072000	0.486461
155.136000	0.486461
155.200000	0.486461
155.264000	0.486461
155.328000	0.486461
155.392000	0.486461
155.456000	0.486461
155.520000	0.486461
155.584000	0.486461
155.648000	0.486461
155.712000	0.486461
155.776000	0.486461
155.840000	0.486461
155.904000	0.486461
155.968000	0.486461
156.032000	0.486461
156.096000	0.486461
156.160000	0.486461
156.224000	0.486461
156.288000	0.486461
156.352000	0.486461
156.416000	0.486461
156.480000	0.486461
156.544000	0.486461
156.608000	0.486461
156.672000	0.486461
156.736000	0.486461
156.800000	0.486461
156.864000	0.486461
156.928000	0.449812
156.992000	0.449812
157.056000	0.449812
157.120000	0.449812
157.184000	0.449812
157.248000	0.449812
157.312000	0.449812
157.376000	0.449812
157.440000	0.449812
157.504000	0.449812
157.568000	0.449812
157.632000	0.449812
157.696000	0.449812
157.760000	0.449812
157.824000	0.449812
157.888000	0.449812
157.952000	0.449812
158.016000	0.449812
158.080000	0.449812
158.144000	0.449812
158.208000	0.449812
158.272000	0.449812
158.336000	0.449812
158.400000	0.449812
158.464000	0.449812
158.528000	0.449812
158.592000	0.449812
158.656000	0.449812
158.720000	0.449812
158.784000	0.449812
158.848000	0.449812
158.912000	0.449812
158.976000	0.449812
159.040000	0.449812
159.104000	0.449812
159.168000	0.449812
159.232000	0.449812
159.296000	0.449812
159.360000	0.449812
159.424000	0.449812
159.488000	0.449812
159.552000	0.449812
159.616000	0.449812
159.680000	0.449812
159.744000	0.449812
159.808000	0.449812
159.872000	0.449812
159.936000	0.449812
160.000000	0.449812
160.064000	0.449812
160.128000	0.449812
160.192000	0.449812
160.256000	0.449812
160.320000	0.449812
160.384000	0.449812
160.448000	0.449812
160.512000	0.449812
160.576000	0.449812
160.640000	0.449812
160.704000	0.449812
160.768000	0.449812
160.832000	0.449812
160.896000	0.449812
160.960000	0.449812
161.024000	0.449812
161.088000	0.449812
161.152000	0.449812
161.216000	0.449812
161.280000	0.449812
161.344000	0.449812
161.408000	0.449812
161.472000	0.449812
161.536000	0.449812
161.600000	0.449812
161.664000	0.449812
161.728000	0.449812
161.792000	0.449812
161.856000	0.449812
161.920000	0.449812
161.984000	0.449812
162.048000	0.449812
162.112000	0.449812
162.176000	0.449812
162.240000	0.449812
162.304000	0.449812
162.368000	0.449812
162.432000	0.449812
162.496000	0.449812
162.560000	0.449812
162.624000	0.449812
162.688000	0.449812
162.752000	0.449812
162.816000	0.449812
162.880000	0.449812
162.944000	0.449812
163.008000	0.449812
163.072000	0.449812
163.136000	0.449812
163.200000	0.449812
163.264000	0.449812
163.328000	0.496258
163.392000	0.496258
163.456000	0.496258
163.520000	0.496258
163.584000	0.496258
163.648000	0.496258
163.712000	0.496258
163.776000	0.496258
163.840000	0.496258
163.904000	0.496258
163.968000	0.496258
164.032000	0.496258
164.096000	0.496258
164.160000	0.496258
164.224000	0.496258
164.288000	0.496258
164.352000	0.496258
164.416000	0.496258
164.480000	0.496258
164.544000	0.496258
164.608000	0.496258
164.672000	0.496258
164.736000	0.496258
164.800000	0.496258
164.864000	0.496258
164.928000	0.496258
164.992000	0.496258
165.056000	0.496258
165.120000	0.496258
165.184000	0.496258
165.248000	0.496258
165.312000	0.496258
165.376000	0.496258
165.440000	0.496258
165.504000	0.496258
165.568000	0.496258
165.632000	0.496258
165.696000	0.440400
165.760000	0.440400
165.824000	0.440400
165.888000	0.396864
165.952000	0.396864
166.016000	0.396864
166.080000	0.396864
166.144000	0.396864
166.208000	0.396864
166.272000	0.396864
166.336000	0.396864
166.400000	0.396864
166.464000	0.396864
166.528000	0.396864
166.592000	0.396864
166.656000	0.396864
166.720000	0.396864
166.784000	0.396864
166.848000	0.396864
166.912000	0.396864
166.976000	0.396864
167.040000	0.396864
167.104000	0.396864
167.168000	0.396864
167.232000	0.396864
167.296000	0.396864
167.360000	0.396864
167.424000	0.396864
167.488000	0.392581
167.552000	0.392581
167.616000	0.392581
167.680000	0.392581
167.744000	0.392581
167.808000	0.392581
167.872000	0.392581
167.936000	0.392581
168.000000	0.392581
168.064000	0.392581
168.128000	0.392581
168.192000	0.392581
168.256000	0.392581
168.320000	0.392581
168.384000	0.392581
168.448000	0.392581
168.512000	0.392581
168.576000	0.392581
168.640000	0.392581
168.704000	0.392581
168.768000	0.392581
168.832000	0.392581
168.896000	0.392581
168.960000	0.392581
169.024000	0.392581
169.088000	0.350583
169.152000	0.350583
169.216000	0.350583
169.280000	0.350583
169.344000	0.350583
169.408000	0.350583
169.472000	0.350583
169.536000	0.350583
169.600000	0.350583
169.664000	0.350583
169.728000	0.350583
169.792000	0.350583
169.856000	0.350583
169.920000	0.239247
169.984000	0.239247
170.048000	0.239247
170.112000	0.239247
170.176000	0.239247
170.240000	0.239247
170.304000	0.239247
170.368000	0.239247
170.432000	0.239247
170.496000	0.239247
170.560000	0.239247
170.624000	0.239247
170.688000	0.239247
170.752000	0.239247
170.816000	0.239247
170.880000	0.239247
170.944000	0.239247
171.008000	0.239247
171.072000	0.239247
171.136000	0.239247
171.200000	0.239247
171.264000	0.239247
171.328000	0.239247
171.392000	0.239247
171.456000	0.239247
171.520000	0.239247
171.584000	0.239247
171.648000	0.239247
171.712000	0.239247
171.776000	0.239247
171.840000	0.239247
171.904000	0.239247
171.968000	0.239247
172.032000	0.239247
172.096000	0.239247
172.160000	0.239247
172.224000	0.239247
172.288000	0.239247
172.352000	0.239247
172.416000	0.239247
172.480000	0.239247
172.544000	0.239247
172.608000	0.239247
172.672000	0.239247
172.736000	0.239247
172.800000	0.239247
172.864000	0.239247
172.928000	0.239247
172.992000	0.239247
173.056000	0.239247
173.120000	0.239247
173.184000	0.239247
173.248000	0.239247
173.312000	0.239247
173.376000	0.239247
173.440000	0.239247
173.504000	0.239247
173.568000	0.239247
173.632000	0.239247
173.696000	0.239247
173.760000	0.239247
173.824000	0.239247
173.888000	0.239247
173.952000	0.239247
174.016000	0.239247
174.080000	0.239247
174.144000	0.239247
174.208000	0.239247
174.272000	0.239247
174.336000	0.239247
174.400000	0.239247
174.464000	0.239247
174.528000	0.239247
174.592000	0.239247
174.656000	0.239247
174.720000	0.239247
174.784000	0.239247
174.848000	0.239247
174.912000	0.239247
174.976000	0.239247
175.040000	0.239247
175.104000	0.239247
175.168000	0.239247
175.232000	0.239247
175.296000	0.239247
175.360000	0.239247
175.424000	0.239247
175.488000	0.239247
175.552000	0.239247
175.616000	0.239247
175.680000	0.239247
175.744000	0.239247
175.808000	0.239247
175.872000	0.239247
175.936000	0.239247
176.000000	0.239247
176.064000	0.239247
176.128000	0.239247
176.192000	0.239247
176.256000	0.239247
176.320000	0.403084
176.384000	0.403084
176.448000	0.403084
176.512000	0.403084
176.576000	0.403084
176.640000	0.403084
176.704000	0.403084
176.768000	0.403084
176.832000	0.403084
176.896000	0.403084
176.960000	0.403084
177.024000	0.403084
177.088000	0.403084
177.152000	0.403084
177.216000	0.403084
177.280000	0.403084
177.344000	0.403084
177.408000	0.403084
177.472000	0.403084
177.536000	0.403084
177.600000	0.403084
177.664000	0.403084
177.728000	0.403084
177.792000	0.403084
177.856000	0.403084
177.920000	0.403084
177.984000	0.403084
178.048000	0.403084
178.112000	0.403084
178.176000	0.403084
178.240000	0.403084
178.304000	0.403084
178.368000	0.403084
178.432000	0.403084
178.496000	0.403084
178.560000	0.403084
178.624000	0.403084
178.688000	0.403084
178.752000	0.403084
178.816000	0.403084
178.880000	0.403084
178.944000	0.403084
179.008000	0.403084
179.072000	0.403084
179.136000	0.403084
179.200000	0.403084
179.264000	0.403084
179.328000	0.403084
179.392000	0.403084
179.456000	0.403084
179.520000	0.403084
179.584000	0.403084
179.648000	0.403084
179.712000	0.403084
179.776000	0.403084
179.840000	0.403084
179.904000	0.403084
179.968000	0.403084
180.032000	0.403084
180.096000	0.403084
180.160000	0.403084
180.224000	0.403084
180.288000	0.403084
180.352000	0.403084
180.416000	0.403084
180.480000	0.403084
180.544000	0.403084
180.608000	0.462479
180.672000	0.462479
180.736000	0.462479
180.800000	0.462479
180.864000	0.462479
180.928000	0.462479
180.992000	0.462479
181.056000	0.462479
181.120000	0.462479
181.184000	0.462479
181.248000	0.462479
181.312000	0.462479
181.376000	0.462479
181.440000	0.462479
181.504000	0.601064
181.568000	0.601064
181.632000	0.601064
181.696000	0.601064
181.760000	0.602279
181.824000	0.602279
181.888000	0.602279
181.952000	0.602279
182.016000	0.602279
182.080000	0.602279
182.144000	0.602279
182.208000	0.615317
182.272000	0.797645
182.336000	0.932085
182.400000	0.932085
182.464000	0.932085
182.528000	0.932085
182.592000	0.932085
182.656000	0.932085
182.720000	0.932085
182.784000	0.932085
182.848000	0.932085
182.912000	0.932085
182.976000	0.932085
183.040000	0.932085
183.104000	0.932085
183.168000	0.932085
183.232000	0.932085
183.296000	0.932085
183.360000	0.812378
183.424000	0.696417
183.488000	0.696417
183.552000	0.696417
183.616000	0.696417
183.680000	0.696417
183.744000	0.696417
183.808000	0.696417
183.872000	0.696417
183.936000	0.696417
184.000000	0.696417
184.064000	0.696417
184.128000	0.696417
184.192000	0.696417
184.256000	0.696417
184.320000	0.696417
184.384000	0.696417
184.448000	0.696417
184.512000	0.696417
184.576000	0.696417
184.640000	0.696417
184.704000	0.696417
184.768000	0.696417
184.832000	0.696417
184.896000	0.696417
184.960000	0.696417
185.024000	0.696417
185.088000	0.696417
185.152000	0.696417
185.216000	0.696417
185.280000	0.696417
185.344000	0.696417
185.408000	0.696417
185.472000	0.696417
185.536000	0.696417
185.600000	0.696417
185.664000	0.696417
185.728000	0.696417
185.792000	0.696417
185.856000	0.696417
185.920000	0.696417
185.984000	0.696417
186.048000	0.696417
186.112000	0.696417
186.176000	0.696417
186.240000	0.696417
186.304000	0.696417
186.368000	0.696417
186.432000	0.696417
186.496000	0.696417
186.560000	0.696417
186.624000	0.696417
186.688000	0.696417
186.752000	0.696417
186.816000	0.696417
186.880000	0.696417
186.944000	0.696417
187.008000	0.696417
187.072000	0.696417
187.136000	0.696417
187.200000	0.696417
187.264000	0.696417
187.328000	0.696417
187.392000	0.696417
187.456000	0.696417
187.520000	0.696417
187.584000	0.696417
187.648000	0.696417
187.712000	0.696417
187.776000	0.696417
187.840000	0.696417
187.904000	0.696417
187.968000	0.696417
188.032000	0.696417
188.096000	0.696417
188.160000	0.696417
188.224000	0.696417
188.288000	0.696417
188.352000	0.696417
188.416000	0.696417
188.480000	0.696417
188.544000	0.696417
188.608000	0.696417
188.672000	0.696417
188.736000	0.696417
188.800000	0.696417
188.864000	0.696417
188.928000	0.696417
188.992000	0.696417
189.056000	0.696417
189.120000	0.696417
189.184000	0.695225
189.248000	0.695225
189.312000	0.695225
189.376000	0.695225
189.440000	0.695225
189.504000	0.695225
189.568000	0.695225
189.632000	0.695225
189.696000	0.695225
189.760000	0.671176
189.824000	0.671176
189.888000	0.671176
189.952000	0.671176
190.016000	0.671176
190.080000	0.671176
190.144000	0.671176
190.208000	0.671176
190.272000	0.671176
190.336000	0.671176
190.400000	0.671176
190.464000	0.671176
190.528000	0.671176
190.592000	0.671176
190.656000	0.671176
190.720000	0.671176
190.784000	0.671176
190.848000	0.443520
190.912000	0.443520
190.976000	0.443520
191.040000	0.443520
191.104000	0.443520
191.168000	0.443520
191.232000	0.443520
191.296000	0.443520
191.360000	0.443520
191.424000	0.443520
191.488000	0.443520
191.552000	0.443520
191.616000	0.443520
191.680000	0.443520
191.744000	0.443520
191.808000	0.443520
191.872000	0.443520
191.936000	0.443520
192.000000	0.443520
192.064000	0.443520
192.128000	0.443520
192.192000	0.443520
192.256000	0.443520
192.320000	0.443520
192.384000	0.443520
192.448000	0.443520
192.512000	0.443520
192.576000	0.443520
192.640000	0.443520
192.704000	0.443520
192.768000	0.224133
192.832000	0.224133
192.896000	0.224133
192.960000	0.224133
193.024000	0.224133
193.088000	0.224133
193.152000	0.224133
193.216000	0.224133
193.280000	0.224133
193.344000	0.224133
193.408000	0.224133
193.472000	0.224133
193.536000	0.224133
193.600000	0.224133
193.664000	0.224133
193.728000	0.224133
193.792000	0.224133
193.856000	0.224133
193.920000	0.224133
193.984000	0.224133
194.048000	0.224133
194.112000	0.224133
194.176000	0.224133
194.240000	0.224133
194.304000	0.224133
194.368000	0.224133
194.432000	0.224133
194.496000	0.224133
194.560000	0.224133
194.624000	0.224133
194.688000	0.224133
194.752000	0.224133
194.816000	0.224133
194.880000	0.224133
194.944000	0.224133
195.008000	0.224133
195.072000	0.224133
195.136000	0.224133
195.200000	0.224133
195.264000	0.224133
195.328000	0.224133
195.392000	0.224133
195.456000	0.224133
195.520000	0.224133
195.584000	0.224133
195.648000	0.224133
195.712000	0.224133
195.776000	0.224133
195.840000	0.224133
195.904000	0.224133
195.968000	0.224133
196.032000	0.224133
196.096000	0.224133
196.160000	0.224133
196.224000	0.224133
196.288000	0.224133
196.352000	0.224133
196.416000	0.224133
196.480000	0.224133
196.544000	0.224133
196.608000	0.224133
196.672000	0.224133
196.736000	0.224133
196.800000	0.224133
196.864000	0.224133
196.928000	0.224133
196.992000	0.224133
197.056000	0.224133
197.120000	0.224133
197.184000	0.224133
197.248000	0.224133
197.312000	0.224133
197.376000	0.224133
197.440000	0.224133
197.504000	0.224133
197.568000	0.224133
197.632000	0.224133
197.696000	0.224133
197.760000	0.224133
197.824000	0.224133
197.888000	0.224133
197.952000	0.224133
198.016000	0.224133
198.080000	0.224133
198.144000	0.224133
198.208000	0.224133
198.272000	0.224133
198.336000	0.224133
198.400000	0.224133
198.464000	0.224133
198.528000	0.224133
198.592000	0.224133
198.656000	0.224133
198.720000	0.224133
198.784000	0.224133
198.848000	0.224133
198.912000	0.224133
198.976000	0.224133
199.040000	0.224133
199.104000	0.224133
199.168000	0.257981
199.232000	0.257981
199.296000	0.257981
199.360000	0.257981
199.424000	0.257981
199.488000	0.257981
199.552000	0.257981
199.616000	0.257981
199.680000	0.211354
199.744000	0.197691
199.808000	0.197691
199.872000	0.197691
199.936000	0.197691
200.000000	0.197691
200.064000	0.197691
200.128000	0.197691
200.192000	0.197691
200.256000	0.197691
200.320000	0.197691
200.384000	0.197691
200.448000	0.197691
200.512000	0.197691
200.576000	0.197691
200.640000	0.078425
200.704000	0.078425
200.768000	0.078425
200.832000	0.078425
200.896000	0.078425
200.960000	0.078425
201.024000	0.078425
201.088000	0.078425
201.152000	0.078425
201.216000	0.078425
201.280000	0.078425
201.344000	0.078425
201.408000	0.078425
201.472000	0.078425
201.536000	0.078425
201.600000	0.078425
201.664000	0.078425
201.728000	0.078425
201.792000	0.078425
201.856000	0.078425
201.920000	0.078425
201.984000	0.078425
202.048000	0.078425
202.112000	0.078425
202.176000	0.078425
202.240000	0.078425
202.304000	0.078425
202.368000	0.078425
202.432000	0.078425
202.496000	0.078425
202.560000	0.078425
202.624000	0.078425
202.688000	0.078425
202.752000	0.078425
202.816000	0.078425
202.880000	0.078425
202.944000	0.078425
203.008000	0.078425
203.072000	0.078425
203.136000	0.078425
203.200000	0.078425
203.264000	0.078425
203.328000	0.078425
203.392000	0.078425
203.456000	0.078425
203.520000	0.078425
203.584000	0.078425
203.648000	0.078425
203.712000	0.078425
203.776000	0.078425
203.840000	0.078425
203.904000	0.078425
203.968000	0.078425
204.032000	0.078425
204.096000	0.078425
204.160000	0.078425
204.224000	0.078425
204.288000	0.078425
204.352000	0.078425
204.416000	0.078425
204.480000	0.078425
204.544000	0.078425
204.608000	0.078425
204.672000	0.078425
204.736000	0.078425
204.800000	0.078425
204.864000	0.078425
204.928000	0.078425
204.992000	0.078425
205.056000	0.078425
205.120000	0.078425
205.184000	0.078425
205.248000	0.078425
205.312000	0.078425
205.376000	0.078425
205.440000	0.078425
205.504000	0.078425
205.568000	0.078425
205.632000	0.078425
205.696000	0.078425
205.760000	0.078425
205.824000	0.078425
205.888000	0.078425
205.952000	0.078425
206.016000	0.078425
206.080000	0.078425
206.144000	0.078425
206.208000	0.078425
206.272000	0.078425
206.336000	0.078425
206.400000	0.078425
206.464000	0.078425
206.528000	0.078425
206.592000	0.078425
206.656000	0.078425
206.720000	0.078425
206.784000	0.078425
206.848000	0.078425
206.912000	0.078425
206.976000	0.078425
207.040000	0.079271
207.104000	0.140209
207.168000	0.140209
207.232000	0.140209
207.296000	0.140209
207.360000	0.140209
207.424000	0.140209
207.488000	0.140209
207.552000	0.140209
207.616000	0.140209
207.680000	0.140209
207.744000	0.140209
207.808000	0.140209
207.872000	0.140209
207.936000	0.140209
208.000000	0.140209
208.064000	0.140209
208.128000	0.140209
208.192000	0.140209
208.256000	0.140209
208.320000	0.140209
208.384000	0.140209
208.448000	0.140209
208.512000	0.140209
208.576000	0.140209
208.640000	0.140209
208.704000	0.140209
208.768000	0.140209
208.832000	0.140209
208.896000	0.140209
208.960000	0.140209
209.024000	0.140209
209.088000	0.140209
209.152000	0.140209
209.216000	0.140209
209.280000	0.140209
209.344000	0.140209
209.408000	0.140209
209.472000	0.140209
209.536000	0.140209
209.600000	0.140209
209.664000	0.140209
209.728000	0.140209
209.792000	0.140209
209.856000	0.140209
209.920000	0.140209
209.984000	0.140209
210.048000	0.140209
210.112000	0.140209
210.176000	0.140209
210.240000	0.140209
210.304000	0.140209
210.368000	0.140209
210.432000	0.140209
210.496000	0.140209
210.560000	0.140209
210.624000	0.140209
210.688000	0.140209
210.752000	0.140209
210.816000	0.140209
210.880000	0.140209
210.944000	0.140209
211.008000	0.140209
211.072000	0.140209
211.136000	0.140209
211.200000	0.140209
211.264000	0.140209
211.328000	0.140209
211.392000	0.140209
211.456000	0.140209
211.520000	0.140209
211.584000	0.140209
211.648000	0.140209
211.712000	0.140209
211.776000	0.140209
211.840000	0.141736
211.904000	0.141736
211.968000	0.141736
212.032000	0.141736
212.096000	0.141736
212.160000	0.141736
212.224000	0.141736
212.288000	0.141736
212.352000	0.141736
212.416000	0.141736
212.480000	0.141736
212.544000	0.141736
212.608000	0.141736
212.672000	0.141736
212.736000	0.141736
212.800000	0.141736
212.864000	0.141736
212.928000	0.141736
212.992000	0.141736
213.056000	0.141736
213.120000	0.141736
213.184000	0.206186
213.248000	0.206186
213.312000	0.248299
213.376000	0.251655
213.440000	0.264420
213.504000	0.312742
213.568000	0.312742
213.632000	0.312742
213.696000	0.312742
213.760000	0.312742
213.824000	0.312742
213.888000	0.312742
213.952000	0.312742
214.016000	0.312742
214.080000	0.312742
214.144000	0.312742
214.208000	0.312742
214.272000	0.312742
214.336000	0.312742
214.400000	0.312742
214.464000	0.312742
214.528000	0.312742
214.592000	0.312742
214.656000	0.312742
214.720000	0.312742
214.784000	0.312742
214.848000	0.312742
214.912000	0.312742
214.976000	0.312742
215.040000	0.312742
215.104000	0.312742
215.168000	0.312742
215.232000	0.312742
215.296000	0.261766
215.360000	0.261766
215.424000	0.261766
215.488000	0.261766
215.552000	0.261766
215.616000	0.261766
215.680000	0.261766
215.744000	0.261766
215.808000	0.261766
215.872000	0.261766
215.936000	0.261766
216.000000	0.261766
216.064000	0.261766
216.128000	0.261766
216.192000	0.261766
216.256000	0.261766
216.320000	0.261766
216.384000	0.261766
216.448000	0.261766
216.512000	0.261766
216.576000	0.261766
216.640000	0.261766
216.704000	0.261766
216.768000	0.261766
216.832000	0.261766
216.896000	0.261766
216.960000	0.261766
217.024000	0.261766
217.088000	0.254865
217.152000	0.254865
217.216000	0.254865
217.280000	0.254865
217.344000	0.254865
217.408000	0.254865
217.472000	0.254865
217.536000	0.254865
217.600000	0.254865
217.664000	0.254865
217.728000	0.254865
217.792000	0.254865
217.856000	0.217000
217.920000	0.217000
217.984000	0.217000
218.048000	0.217000
218.112000	0.217000
218.176000	0.217000
218.240000	0.217000
218.304000	0.217000
218.368000	0.217000
218.432000	0.217000
218.496000	0.217000
218.560000	0.217000
218.624000	0.217000
218.688000	0.217000
218.752000	0.217000
218.816000	0.217000
218.880000	0.209110
218.944000	0.180989
219.008000	0.180989
219.072000	0.180989
219.136000	0.180989
219.200000	0.180989
219.264000	0.180989
219.328000	0.180989
219.392000	0.180989
219.456000	0.180989
219.520000	0.180989
219.584000	0.180989
219.648000	0.180989
219.712000	0.180989
219.776000	0.180989
219.840000	0.180989
219.904000	0.180989
219.968000	0.180989
220.032000	0.180989
220.096000	0.180989
220.160000	0.180989
220.224000	0.180989
220.288000	0.180989
220.352000	0.180989
220.416000	0.180989
220.480000	0.180989
220.544000	0.180989
220.608000	0.180989
220.672000	0.180989
220.736000	0.180989
220.800000	0.180989
220.864000	0.180989
220.928000	0.180989
220.992000	0.180989
221.056000	0.180989
221.120000	0.180989
221.184000	0.180989
221.248000	0.180989
221.312000	0.180989
221.376000	0.180989
221.440000	0.180989
221.504000	0.180989
221.568000	0.180989
221.632000	0.180989
221.696000	0.180989
221.760000	0.180989
221.824000	0.180989
221.888000	0.180989
221.952000	0.180989
222.016000	0.180989
222.080000	0.180989
222.144000	0.180989
222.208000	0.180989
222.272000	0.180989
222.336000	0.180989
222.400000	0.180989
222.464000	0.180989
222.528000	0.180989
222.592000	0.180989
222.656000	0.180989
222.720000	0.180989
222.784000	0.123687
222.848000	0.123687
222.912000	0.123687
222.976000	0.123687
223.040000	0.123687
223.104000	0.123687
223.168000	0.123687
223.232000	0.123687
223.296000	0.123687
223.360000	0.123687
223.424000	0.123687
223.488000	0.123687
223.552000	0.123687
223.616000	0.123687
223.680000	0.123687
223.744000	0.123687
223.808000	0.123687
223.872000	0.123687
223.936000	0.123687
224.000000	0.123687
224.064000	0.123687
224.128000	0.123687
224.192000	0.123687
224.256000	0.123687
224.320000	0.123687
224.384000	0.123687
224.448000	0.123687
224.512000	0.123687
224.576000	0.123687
224.640000	0.123687
224.704000	0.123687
224.768000	0.123687
224.832000	0.123687
224.896000	0.123687
224.960000	0.123687
225.024000	0.123687
225.088000	0.123687
225.152000	0.123687
225.216000	0.123687
225.280000	0.123687
225.344000	0.123687
225.408000	0.123687
225.472000	0.123687
225.536000	0.123687
225.600000	0.123687
225.664000	0.123687
225.728000	0.123687
225.792000	0.123687
225.856000	0.123687
225.920000	0.123687
225.984000	0.123687
226.048000	0.123687
226.112000	0.123687
226.176000	0.123687
226.240000	0.123687
226.304000	0.123687
226.368000	0.123687
226.432000	0.123687
226.496000	0.123687
226.560000	0.123687
226.624000	0.123687
226.688000	0.123687
226.752000	0.123687
226.816000	0.123687
226.880000	0.123687
226.944000	0.123687
227.008000	0.123687
227.072000	0.123687
227.136000	0.123687
227.200000	0.123687
227.264000	0.123687
227.328000	0.123687
227.392000	0.123687
227.456000	0.123687
227.520000	0.123687
227.584000	0.123687
227.648000	0.123687
227.712000	0.123687
227.776000	0.123687
227.840000	0.123687
227.904000	0.123687
227.968000	0.123687
228.032000	0.123687
228.096000	0.123687
228.160000	0.123687
228.224000	0.123687
228.288000	0.123687
228.352000	0.123687
228.416000	0.123687
228.480000	0.123687
228.544000	0.123687
228.608000	0.123687
228.672000	0.123687
228.736000	0.123687
228.800000	0.123687
228.864000	0.123687
228.928000	0.123687
228.992000	0.123687
229.056000	0.123687
229.120000	0.123687
229.184000	0.143704
229.248000	0.143704
229.312000	0.143704
229.376000	0.143704
229.440000	0.143704
229.504000	0.143704
229.568000	0.143704
229.632000	0.143704
229.696000	0.143704
229.760000	0.143704
229.824000	0.143704
229.888000	0.143704
229.952000	0.143704
230.016000	0.143704
230.080000	0.143704
230.144000	0.143704
230.208000	0.143704
230.272000	0.143704
230.336000	0.143704
230.400000	0.143704
230.464000	0.143704
230.528000	0.143704
230.592000	0.143704
230.656000	0.143704
230.720000	0.143704
230.784000	0.143704
230.848000	0.143704
230.912000	0.143704
230.976000	0.143775
231.040000	0.143775
231.104000	0.143775
231.168000	0.143775
231.232000	0.143775
231.296000	0.143775
231.360000	0.143775
231.424000	0.143775
231.488000	0.143775
231.552000	0.143775
231.616000	0.143775
231.680000	0.143775
231.744000	0.143775
231.808000	0.143775
231.872000	0.143775
231.936000	0.143775
232.000000	0.143775
232.064000	0.143775
232.128000	0.143775
232.192000	0.143775
232.256000	0.143775
232.320000	0.143775
232.384000	0.143775
232.448000	0.143775
232.512000	0.143775
232.576000	0.143775
232.640000	0.143775
232.704000	0.167498
232.768000	0.167498
232.832000	0.167498
232.896000	0.167498
232.960000	0.167498
233.024000	0.167498
233.088000	0.167498
233.152000	0.167498
233.216000	0.167498
233.280000	0.167498
233.344000	0.167498
233.408000	0.167498
233.472000	0.167498
233.536000	0.167498
233.600000	0.167498
233.664000	0.167498
233.728000	0.167498
233.792000	0.167498
233.856000	0.167498
233.920000	0.167498
233.984000	0.167498
234.048000	0.167498
234.112000	0.167498
234.176000	0.167498
234.240000	0.167498
234.304000	0.167498
234.368000	0.167498
234.432000	0.167498
234.496000	0.167498
234.560000	0.167498
234.624000	0.167498
234.688000	0.167498
234.752000	0.167498
234.816000	0.156052
234.880000	0.156052
234.944000	0.156052
235.008000	0.144714
235.072000	0.144714
235.136000	0.144714
235.200000	0.144714
235.264000	0.144714
235.328000	0.144714
235.392000	0.144714
235.456000	0.144714
235.520000	0.144714
235.584000	0.144714
235.648000	0.144714
235.712000	0.144714
235.776000	0.144714
235.840000	0.144714
235.904000	0.144714
235.968000	0.144714
236.032000	0.144714
236.096000	0.144714
236.160000	0.144714
236.224000	0.144714
236.288000	0.144714
236.352000	0.144714
236.416000	0.144714
236.480000	0.144714
236.544000	0.144714
236.608000	0.144714
236.672000	0.144714
236.736000	0.144714
236.800000	0.144714
236.864000	0.144714
236.928000	0.144714
236.992000	0.144714
237.056000	0.144714
237.120000	0.144714
237.184000	0.144714
237.248000	0.144714
237.312000	0.144714
237.376000	0.144714
237.440000	0.144714
237.504000	0.144714
237.568000	0.144714
237.632000	0.144714
237.696000	0.144714
237.760000	0.144714
237.824000	0.144714
237.888000	0.144714
237.952000	0.144714
238.016000	0.144714
238.080000	0.144714
238.144000	0.144714
238.208000	0.144714
238.272000	0.144714
238.336000	0.144714
238.400000	0.144714
238.464000	0.144714
238.528000	0.144714
238.592000	0.144714
238.656000	0.144714
238.720000	0.144714
238.784000	0.144714
238.848000	0.144714
238.912000	0.144714
238.976000	0.144714
239.040000	0.144714
239.104000	0.144714
239.168000	0.144714
239.232000	0.144714
239.296000	0.144714
239.360000	0.144714
239.424000	0.144714
239.488000	0.144714
239.552000	0.144714
239.616000	0.144714
239.680000	0.144714
239.744000	0.144714
239.808000	0.144714
239.872000	0.144714
239.936000	0.144714
240.000000	0.144714
240.064000	0.144714
240.128000	0.144714
240.192000	0.144714
240.256000	0.144714
240.320000	0.144714
240.384000	0.144714
240.448000	0.144714
240.512000	0.144714
240.576000	0.144714
240.640000	0.144714
240.704000	0.144714
240.768000	0.144714
240.832000	0.144714
240.896000	0.144714
240.960000	0.144714
241.024000	0.144714
241.088000	0.144714
241.152000	0.144714
241.216000	0.144714
241.280000	0.144714
241.344000	0.144714
241.408000	0.254703
241.472000	0.254703
241.536000	0.254703
241.600000	0.254703
241.664000	0.254703
241.728000	0.254703
241.792000	0.254703
241.856000	0.292061
241.920000	0.320160
241.984000	0.320160
242.048000	0.333850
242.112000	0.333850
242.176000	0.333850
242.240000	0.333850
242.304000	0.333850
242.368000	0.333850
242.432000	0.333850
242.496000	0.333850
242.560000	0.333850
242.624000	0.333850
242.688000	0.266652
242.752000	0.266652
242.816000	0.266652
242.880000	0.266652
242.944000	0.266652
243.008000	0.266652
243.072000	0.266652
243.136000	0.266652
243.200000	0.266652
243.264000	0.266652
243.328000	0.266652
243.392000	0.266652
243.456000	0.266652
243.520000	0.266652
243.584000	0.266652
243.648000	0.266652
243.712000	0.266652
243.776000	0.266652
243.840000	0.266652
243.904000	0.266652
243.968000	0.266652
244.032000	0.266652
244.096000	0.266652
244.160000	0.266652
244.224000	0.266652
244.288000	0.266652
244.352000	0.266652
244.416000	0.266652
244.480000	0.266652
244.544000	0.266652
244.608000	0.266652
244.672000	0.266652
244.736000	0.266652
244.800000	0.266652
244.864000	0.266652
244.928000	0.266652
244.992000	0.266652
245.056000	0.266652
245.120000	0.266652
245.184000	0.266652
245.248000	0.266652
245.312000	0.266652
245.376000	0.266652
245.440000	0.266652
245.504000	0.266652
245.568000	0.266652
245.632000	0.266652
245.696000	0.266652
245.760000	0.266652
245.824000	0.266652
245.888000	0.266652
245.952000	0.266652
246.016000	0.266652
246.080000	0.266652
246.144000	0.266652
246.208000	0.266652
246.272000	0.266652
246.336000	0.266652
246.400000	0.266652
246.464000	0.266652
246.528000	0.266652
246.592000	0.266652
246.656000	0.266652
246.720000	0.266652
246.784000	0.266652
246.848000	0.266652
246.912000	0.266652
246.976000	0.266652
247.040000	0.266652
247.104000	0.266652
247.168000	0.266652
247.232000	0.266652
247.296000	0.266652
247.360000	0.266652
247.424000	0.266652
247.488000	0.266652
247.552000	0.266652
247.616000	0.266652
247.680000	0.266652
247.744000	0.266652
247.808000	0.266652
247.872000	0.266652
247.936000	0.266652
248.000000	0.266652
248.064000	0.266652
248.128000	0.266652
248.192000	0.266652
248.256000	0.266652
248.320000	0.266652
248.384000	0.266652
248.448000	0.266652
248.512000	0.266652
248.576000	0.266652
248.640000	0.266652
248.704000	0.266652
248.768000	0.266652
248.832000	0.266652
248.896000	0.266652
248.960000	0.266652
249.024000	0.266652
249.088000	0.288771
249.152000	0.288771
249.216000	0.288771
249.280000	0.288771
249.344000	0.288771
249.408000	0.288771
249.472000	0.288771
249.536000	0.288771
249.600000	0.288771
249.664000	0.288771
249.728000	0.288771
249.792000	0.288771
249.856000	0.288771
249.920000	0.288771
249.984000	0.288771
250.048000	0.288771
250.112000	0.418507
250.176000	0.418507
250.240000	0.418507
250.304000	0.418507
250.368000	0.418507
250.432000	0.418507
250.496000	0.418507
250.560000	0.418507
250.624000	0.418507
250.688000	0.418507
250.752000	0.418507
250.816000	0.418507
250.880000	0.418507
250.944000	0.418507
251.008000	0.418507
251.072000	0.418507
251.136000	0.418507
251.200000	0.418507
251.264000	0.418507
251.328000	0.418507
251.392000	0.418507
251.456000	0.418507
251.520000	0.418507
251.584000	0.418507
251.648000	0.418507
251.712000	0.418507
251.776000	0.418507
251.840000	0.418507
251.904000	0.418507
251.968000	0.418507
252.032000	0.418507
252.096000	0.418507
252.160000	0.418507
252.224000	0.418507
252.288000	0.418507
252.352000	0.418507
252.416000	0.418507
252.480000	0.418507
252.544000	0.418507
252.608000	0.418507
252.672000	0.418507
252.736000	0.418507
252.800000	0.418507
252.864000	0.418507
252.928000	0.418507
252.992000	0.418507
253.056000	0.418507
253.120000	0.418507
253.184000	0.418507
253.248000	0.418507
253.312000	0.418507
253.376000	0.418507
253.440000	0.418507
253.504000	0.418507
253.568000	0.418507
253.632000	0.418507
253.696000	0.418507
253.760000	0.418507
253.824000	0.418507
253.888000	0.418507
253.952000	0.418507
254.016000	0.418507
254.080000	0.418507
254.144000	0.418507
254.208000	0.418507
254.272000	0.332657
254.336000	0.332657
254.400000	0.332657
254.464000	0.317410
254.528000	0.317410
254.592000	0.317410
254.656000	0.317410
254.720000	0.317410
254.784000	0.317410
254.848000	0.317410
254.912000	0.186727
254.976000	0.186727
255.040000	0.186727
255.104000	0.186727
255.168000	0.186727
255.232000	0.186727
255.296000	0.186727
255.360000	0.186727
255.424000	0.186727
255.488000	0.186727
255.552000	0.186727
255.616000	0.186727
255.680000	0.186727
255.744000	0.186727
255.808000	0.186727
255.872000	0.186727
255.936000	0.186727
256.000000	0.186727
256.064000	0.186727
256.128000	0.186727
256.192000	0.186727
256.256000	0.186727
256.320000	0.186727
256.384000	0.186727
256.448000	0.186727
256.512000	0.172354
256.576000	0.172354
256.640000	0.134938
256.704000	0.108674
256.768000	0.108674
256.832000	0.108674
256.896000	0.103153
256.960000	0.103153
257.024000	0.103153
257.088000	0.103153
257.152000	0.103153
257.216000	0.103153
257.280000	0.103153
257.344000	0.103153
257.408000	0.103153
257.472000	0.103153
257.536000	0.103153
257.600000	0.103153
257.664000	0.103153
257.728000	0.103153
257.792000	0.103153
257.856000	0.103153
257.920000	0.103153
257.984000	0.103153
258.048000	0.103153
258.112000	0.103153
258.176000	0.103153
258.240000	0.103153
258.304000	0.103153
258.368000	0.103153
258.432000	0.103153
258.496000	0.103153
258.560000	0.103153
258.624000	0.103153
258.688000	0.103153
258.752000	0.103153
258.816000	0.103153
258.880000	0.103153
258.944000	0.103153
259.008000	0.103153
259.072000	0.103153
259.136000	0.103153
259.200000	0.103153
259.264000	0.103153
259.328000	0.103153
259.392000	0.103153
259.456000	0.103153
259.520000	0.103153
259.584000	0.103153
259.648000	0.103153
259.712000	0.103153
259.776000	0.103153
259.840000	0.103153
259.904000	0.103153
259.968000	0.103153
260.032000	0.103153
260.096000	0.103153
260.160000	0.103153
260.224000	0.103153
260.288000	0.103153
260.352000	0.103153
260.416000	0.103153
260.480000	0.103153
260.544000	0.103153
260.608000	0.103153
260.672000	0.103153
260.736000	0.103153
260.800000	0.103153
260.864000	0.103153
260.928000	0.103153
260.992000	0.103153
261.056000	0.103153
261.120000	0.103153
261.184000	0.103153
261.248000	0.103153
261.312000	0.103153
261.376000	0.103153
261.440000	0.103153
261.504000	0.103153
261.568000	0.103153
261.632000	0.103153
261.696000	0.103153
261.760000	0.103153
261.824000	0.103153
261.888000	0.103153
261.952000	0.103153
262.016000	0.103153
262.080000	0.103153
262.144000	0.103153
262.208000	0.103153
262.272000	0.103153
262.336000	0.103153
262.400000	0.103153
262.464000	0.103153
262.528000	0.103153
262.592000	0.103153
262.656000	0.103153
262.720000	0.103153
262.784000	0.103153
262.848000	0.103153
262.912000	0.103153
262.976000	0.103153
263.040000	0.103153
263.104000	0.103153
263.168000	0.103153
263.232000	0.103153
263.296000	0.103288
263.360000	0.103288
263.424000	0.103288
263.488000	0.103288
263.552000	0.103288
263.616000	0.103288
263.680000	0.103288
263.744000	0.103288
263.808000	0.103288
263.872000	0.103288
263.936000	0.103288
264.000000	0.103288
264.064000	0.103288
264.128000	0.103288
264.192000	0.103288
264.256000	0.121455
264.320000	0.121455
264.384000	0.121455
264.448000	0.121455
264.512000	0.121455
264.576000	0.121455
264.640000	0.121455
264.704000	0.121455
264.768000	0.121455
264.832000	0.121455
264.896000	0.121455
264.960000	0.121455
265.024000	0.121455
265.088000	0.121455
265.152000	0.121455
265.216000	0.121455
265.280000	0.121455
265.344000	0.121455
265.408000	0.121455
265.472000	0.121455
265.536000	0.121455
265.600000	0.121455
265.664000	0.121455
265.728000	0.121455
265.792000	0.121455
265.856000	0.121455
265.920000	0.121455
265.984000	0.121455
266.048000	0.121455
266.112000	0.121455
266.176000	0.089688
266.240000	0.054958
266.304000	0.054958
266.368000	0.054958
266.432000	0.054958
266.496000	0.054958
266.560000	0.054958
266.624000	0.054958
266.688000	0.054958
266.752000	0.054958
266.816000	0.054958
266.880000	0.054958
266.944000	0.054958
267.008000	0.054958
267.072000	0.054958
267.136000	0.054958
267.200000	0.054958
267.264000	0.054958
267.328000	0.054958
267.392000	0.054958
267.456000	0.054958
267.520000	0.054958
267.584000	0.054958
267.648000	0.054958
267.712000	0.054958
267.776000	0.054958
267.840000	0.054958
267.904000	0.054958
267.968000	0.054958
268.032000	0.054958
268.096000	0.054958
268.160000	0.054958
268.224000	0.054958
268.288000	0.054958
268.352000	0.054958
268.416000	0.054958
268.480000	0.054958
268.544000	0.054958
268.608000	0.054958
268.672000	0.054958
268.736000	0.054958
268.800000	0.054958
268.864000	0.054958
268.928000	0.054958
268.992000	0.054958
269.056000	0.054958
269.120000	0.054958
269.184000	0.054958
269.248000	0.054958
269.312000	0.054958
269.376000	0.054958
269.440000	0.054958
269.504000	0.054958
269.568000	0.054958
269.632000	0.054958
269.696000	0.054958
269.760000	0.054958
269.824000	0.054958
269.888000	0.054958
269.952000	0.054958
270.016000	0.054958
270.080000	0.054958
270.144000	0.054958
270.208000	0.054958
270.272000	0.054958
270.336000	0.054958
270.400000	0.054958
270.464000	0.054958
270.528000	0.054958
270.592000	0.054958
270.656000	0.054958
270.720000	0.054958
270.784000	0.054958
270.848000	0.054958
270.912000	0.054958
270.976000	0.054958
271.040000	0.054958
271.104000	0.054958
271.168000	0.054958
271.232000	0.054958
271.296000	0.054958
271.360000	0.054958
271.424000	0.054958
271.488000	0.054958
271.552000	0.054958
271.616000	0.054958
271.680000	0.054958
271.744000	0.054958
271.808000	0.054958
271.872000	0.054958
271.936000	0.054958
272.000000	0.054958
272.064000	0.054958
272.128000	0.054958
272.192000	0.054958
272.256000	0.054958
272.320000	0.054958
272.384000	0.054958
272.448000	0.054958
272.512000	0.054958
272.576000	0.054958
272.640000	0.055618
272.704000	0.055618
272.768000	0.055618
272.832000	0.055618
272.896000	0.055618
272.960000	0.055618
273.024000	0.055618
273.088000	0.055618
273.152000	0.055618
273.216000	0.055618
273.280000	0.055618
273.344000	0.055618
273.408000	0.055618
273.472000	0.055618
273.536000	0.055618
273.600000	0.055618
273.664000	0.055618
273.728000	0.055618
273.792000	0.055618
273.856000	0.055618
273.920000	0.055618
273.984000	0.055618
274.048000	0.055618
274.112000	0.055618
274.176000	0.055618
274.240000	0.055618
274.304000	0.055618
274.368000	0.055618
274.432000	0.055618
274.496000	0.055618
274.560000	0.055618
274.624000	0.055618
274.688000	0.055618
274.752000	0.055618
274.816000	0.055618
274.880000	0.055618
274.944000	0.055618
275.008000	0.055618
275.072000	0.055618
275.136000	0.055618
275.200000	0.055618
275.264000	0.055618
275.328000	0.055618
275.392000	0.055618
275.456000	0.055618
275.520000	0.055618
275.584000	0.055618
275.648000	0.055618
275.712000	0.055618
275.776000	0.055618
275.840000	0.055618
275.904000	0.055618
275.968000	0.055618
276.032000	0.055618
276.096000	0.055618
276.160000	0.055618
276.224000	0.055618
276.288000	0.055618
276.352000	0.055618
276.416000	0.055618
276.480000	0.055618
276.544000	0.055618
276.608000	0.055618
276.672000	0.055618
276.736000	0.055618
276.800000	0.055618
276.864000	0.055618
276.928000	0.055618
276.992000	0.055618
277.056000	0.055618
277.120000	0.055618
277.184000	0.055618
277.248000	0.055618
277.312000	0.055618
277.376000	0.055618
277.440000	0.055618
277.504000	0.055618
277.568000	0.055618
277.632000	0.055618
277.696000	0.055618
277.760000	0.055618
277.824000	0.055618
277.888000	0.055618
277.952000	0.055618
278.016000	0.055618
278.080000	0.055618
278.144000	0.055618
278.208000	0.055618
278.272000	0.055618
278.336000	0.055618
278.400000	0.055618
278.464000	0.055618
278.528000	0.055618
278.592000	0.055618
278.656000	0.055618
278.720000	0.055618
278.784000	0.055618
278.848000	0.068050
278.912000	0.068050
278.976000	0.068050
279.040000	0.068050
279.104000	0.068050
279.168000	0.068050
279.232000	0.068050
279.296000	0.068050
279.360000	0.068050
279.424000	0.068050
279.488000	0.068050
279.552000	0.068050
279.616000	0.068050
279.680000	0.068259
279.744000	0.068259
279.808000	0.068259
279.872000	0.068259
279.936000	0.068259
280.000000	0.068259
280.064000	0.068259
280.128000	0.068259
280.192000	0.068259
280.256000	0.068259
280.320000	0.068259
280.384000	0.068259
280.448000	0.068259
280.512000	0.068259
280.576000	0.068259
280.640000	0.068259
280.704000	0.068259
280.768000	0.068259
280.832000	0.068259
280.896000	0.068259
280.960000	0.068259
281.024000	0.068259
281.088000	0.068259
281.152000	0.068259
281.216000	0.068259
281.280000	0.068259
281.344000	0.068259
281.408000	0.068259
281.472000	0.068259
281.536000	0.068259
281.600000	0.068259
281.664000	0.068259
281.728000	0.068259
281.792000	0.068259
281.856000	0.068259
281.920000	0.068259
281.984000	0.068259
282.048000	0.068259
282.112000	0.068259
282.176000	0.068259
282.240000	0.068259
282.304000	0.074889
282.368000	0.074889
282.432000	0.074889
282.496000	0.074889
282.560000	0.074889
282.624000	0.074889
282.688000	0.074889
282.752000	0.074889
282.816000	0.074889
282.880000	0.074889
282.944000	0.074889
283.008000	0.074889
283.072000	0.074889
283.136000	0.074889
283.200000	0.074889
283.264000	0.074889
283.328000	0.077769
283.392000	0.077769
283.456000	0.077769
283.520000	0.077769
283.584000	0.077769
283.648000	0.077769
283.712000	0.077769
283.776000	0.077769
283.840000	0.073082
283.904000	0.073082
283.968000	0.073082
284.032000	0.073082
284.096000	0.073082
284.160000	0.073082
284.224000	0.073082
284.288000	0.073082
284.352000	0.073082
284.416000	0.073082
284.480000	0.073082
284.544000	0.073082
284.608000	0.073082
284.672000	0.073082
284.736000	0.073082
284.800000	0.073082
284.864000	0.073082
284.928000	0.073082
284.992000	0.073082
285.056000	0.073082
285.120000	0.073082
285.184000	0.073082
285.248000	0.073082
285.312000	0.073082
285.376000	0.073082
285.440000	0.073082
285.504000	0.073082
285.568000	0.073082
285.632000	0.069565
285.696000	0.069565
285.760000	0.069565
285.824000	0.069565
285.888000	0.069565
285.952000	0.069565
286.016000	0.069565
286.080000	0.069565
286.144000	0.069565
286.208000	0.069565
286.272000	0.069565
286.336000	0.069565
286.400000	0.069565
286.464000	0.069565
286.528000	0.069565
286.592000	0.069565
286.656000	0.069565
286.720000	0.069565
286.784000	0.069565
286.848000	0.069565
286.912000	0.069565
286.976000	0.069565
287.040000	0.069565
287.104000	0.069565
287.168000	0.069565
287.232000	0.069565
287.296000	0.069565
287.360000	0.069565
287.424000	0.069565
287.488000	0.069565
287.552000	0.069565
287.616000	0.069565
287.680000	0.069565
287.744000	0.069565
287.808000	0.069565
287.872000	0.069565
287.936000	0.069565
288.000000	0.069565
288.064000	0.069565
288.128000	0.069565
288.192000	0.069565
288.256000	0.069565
288.320000	0.069565
288.384000	0.069565
288.448000	0.069565
288.512000	0.069565
288.576000	0.069565
288.640000	0.069565
288.704000	0.069565
288.768000	0.069565
288.832000	0.069565
288.896000	0.069565
288.960000	0.069565
289.024000	0.069565
289.088000	0.069565
289.152000	0.069565
289.216000	0.069565
289.280000	0.069565
289.344000	0.069565
289.408000	0.069565
289.472000	0.069565
289.536000	0.069565
289.600000	0.069565
289.664000	0.069565
289.728000	0.069565
289.792000	0.069565
289.856000	0.069565
289.920000	0.069565
289.984000	0.069565
290.048000	0.069565
290.112000	0.069565
290.176000	0.069565
290.240000	0.069565
290.304000	0.069565
290.368000	0.069565
290.432000	0.069565
290.496000	0.069565
290.560000	0.069565
290.624000	0.069565
290.688000	0.069565
290.752000	0.069565
290.816000	0.069565
290.880000	0.069565
290.944000	0.069565
291.008000	0.069565
291.072000	0.069565
291.136000	0.057122
291.200000	0.057122
291.264000	0.057122
291.328000	0.057122
291.392000	0.057122
291.456000	0.057122
291.520000	0.057122
291.584000	0.057122
291.648000	0.057122
291.712000	0.057122
291.776000	0.057122
291.840000	0.057122
291.904000	0.057122
291.968000	0.057122
292.032000	0.057122
292.096000	0.057122
292.160000	0.057122
292.224000	0.057122
292.288000	0.057122
292.352000	0.057122
292.416000	0.057122
292.480000	0.057122
292.544000	0.057122
292.608000	0.057122
292.672000	0.057122
292.736000	0.057122
292.800000	0.057122
292.864000	0.057122
292.928000	0.057122
292.992000	0.057122
293.056000	0.057122
293.120000	0.057122
293.184000	0.057122
293.248000	0.057122
293.312000	0.057122
293.376000	0.057122
293.440000	0.057122
293.504000	0.057122
293.568000	0.057122
293.632000	0.057122
293.696000	0.057122
293.760000	0.057122
293.824000	0.057122
293.888000	0.057122
293.952000	0.057122
294.016000	0.057122
294.080000	0.057122
294.144000	0.057122
294.208000	0.057122
294.272000	0.057122
294.336000	0.057122
294.400000	0.057122
294.464000	0.057122
294.528000	0.057122
294.592000	0.057122
294.656000	0.057122
294.720000	0.057122
294.784000	0.057122
294.848000	0.057122
294.912000	0.057122
294.976000	0.057122
295.040000	0.057122
295.104000	0.057122
295.168000	0.057122
295.232000	0.057122
295.296000	0.057122
295.360000	0.057122
295.424000	0.057122
295.488000	0.057122
295.552000	0.057122
295.616000	0.057122
295.680000	0.057122
295.744000	0.057122
295.808000	0.057122
295.872000	0.057122
295.936000	0.057122
296.000000	0.057122
296.064000	0.057122
296.128000	0.057122
296.192000	0.057122
296.256000	0.057122
296.320000	0.057122
296.384000	0.057122
296.448000	0.057122
296.512000	0.057122
296.576000	0.057122
296.640000	0.057122
296.704000	0.057122
296.768000	0.057122
296.832000	0.057122
296.896000	0.057122
296.960000	0.057122
297.024000	0.057122
297.088000	0.057122
297.152000	0.057122
297.216000	0.057122
297.280000	0.057122
297.344000	0.057122
297.408000	0.057122
297.472000	0.057122
297.536000	0.116852
297.600000	0.116852
297.664000	0.116852
297.728000	0.116852
297.792000	0.116852
297.856000	0.116852
297.920000	0.116852
297.984000	0.116852
298.048000	0.116852
298.112000	0.116852
298.176000	0.116852
298.240000	0.116852
298.304000	0.116852
298.368000	0.116852
298.432000	0.116852
298.496000	0.116852
298.560000	0.116852
298.624000	0.116852
298.688000	0.116852
298.752000	0.116852
298.816000	0.116852
298.880000	0.116852
298.944000	0.116852
299.008000	0.116852
299.072000	0.116852
299.136000	0.116852
299.200000	0.128006
299.264000	0.128006
299.328000	0.128006
299.392000	0.128006
299.456000	0.128006
299.520000	0.128006
299.584000	0.115290
299.648000	0.115290
299.712000	0.115290
299.776000	0.115290
299.840000	0.000138
299.904000	0.000033
299.968000	0.000030
300.032000	0.000030
300.096000	0.000021
300.160000	0.000013
300.224000	0.000013
300.288000	0.000013
300.352000	0.000013
300.416000	0.000013
300.480000	0.000013
300.544000	0.000013
300.608000	0.000013
300.672000	0.000000
300.736000	0.000000
300.800000	0.000000
300.864000	0.000000
300.928000	0.000000
300.992000	0.000000
301.056000	0.000000
301.120000	0.000000
301.184000	0.000000
301.248000	0.000000
301.312000	0.000000
301.376000	0.000000
301.440000	0.000000
301.504000	0.000000
301.568000	0.000000
301.632000	0.000000
301.696000	0.000000
301.760000	0.000000
301.824000	0.000000
301.888000	0.000000
301.952000	0.000000
302.016000	0.000000
302.080000	0.000000
302.144000	0.000000
302.208000	0.000000
302.272000	0.000000
302.336000	0.000000
302.400000	0.000000
302.464000	0.000000
302.528000	0.000000
302.592000	0.000000
302.656000	0.000000
302.720000	0.000000
302.784000	0.000000
302.848000	0.000000
302.912000	0.000000
302.976000	0.000000
303.040000	0.000000
303.104000	0.000000
303.168000	0.000000
303.232000	0.000000
303.296000	0.000000
303.360000	0.000000
303.424000	0.000000
303.488000	0.000000
303.552000	0.000000
303.616000	0.000000
303.680000	0.000000
303.744000	0.000000
303.808000	0.000000
