0.064000	0.000000
0.128000	0.000000
0.192000	0.000000
0.256000	0.000000
0.320000	0.000000
0.384000	0.000000
0.448000	0.000000
0.512000	0.000000
0.576000	0.000000
0.640000	0.000000
0.704000	0.000000
0.768000	0.000000
0.832000	0.000000
0.896000	0.000000
0.960000	0.000000
1.024000	0.000000
1.088000	0.000000
1.152000	0.000000
1.216000	0.000000
1.280000	0.000000
1.344000	0.000000
1.408000	0.000000
1.472000	0.000000
1.536000	0.000000
1.600000	0.000000
1.664000	0.000000
1.728000	0.000000
1.792000	0.000000
1.856000	0.000000
1.920000	0.000000
1.984000	0.000000
2.048000	0.000000
2.112000	0.000000
2.176000	0.000000
2.240000	0.000000
2.304000	0.000000
2.368000	0.000000
2.432000	0.000000
2.496000	0.000000
2.560000	0.000000
2.624000	0.000000
2.688000	0.000000
2.752000	0.000000
2.816000	0.000000
2.880000	0.000000
2.944000	0.000000
3.008000	0.000000
3.072000	0.000000
3.136000	0.000000
3.200000	0.000000
3.264000	0.303627
3.328000	0.303627
3.392000	0.303627
3.456000	0.303627
3.520000	0.303627
3.584000	0.303627
3.648000	0.303627
3.712000	0.303627
3.776000	0.303627
3.840000	0.303627
3.904000	0.303627
3.968000	0.303627
4.032000	0.303627
4.096000	0.303627
4.160000	0.303627
4.224000	0.303627
4.288000	0.303627
4.352000	0.303627
4.416000	0.303627
4.480000	0.303627
4.544000	0.303627
4.608000	0.303627
4.672000	0.303627
4.736000	0.303627
4.800000	0.303627
4.864000	0.303627
4.928000	0.303627
4.992000	0.303627
5.056000	0.303627
5.120000	0.303627
5.184000	0.303627
5.248000	0.303627
5.312000	0.303627
5.376000	0.303627
5.440000	0.303627
5.504000	0.303627
5.568000	0.303627
5.632000	0.303627
5.696000	0.303627
5.760000	0.303627
5.824000	0.303627
5.888000	0.303627
5.952000	0.303627
6.016000	0.303627
6.080000	0.303627
6.144000	0.303627
6.208000	0.303627
6.272000	0.303627
6.336000	0.303627
6.400000	0.303627
6.464000	0.303627
6.528000	0.303627
6.592000	0.303627
6.656000	0.303627
6.720000	0.303627
6.784000	0.303627
6.848000	0.303627
6.912000	0.303627
6.976000	0.303627
7.040000	0.303627
7.104000	0.303627
7.168000	0.303627
7.232000	0.303627
7.296000	0.303977
7.360000	0.254406
7.424000	0.254406
7.488000	0.254406
7.552000	0.254406
7.616000	0.254406
7.680000	0.254406
7.744000	0.254406
7.808000	0.254406
7.872000	0.254406
7.936000	0.254406
8.000000	0.254406
8.064000	0.254406
8.128000	0.254406
8.192000	0.254406
8.256000	0.254406
8.320000	0.254406
8.384000	0.254406
8.448000	0.254406
8.512000	0.254406
8.576000	0.254406
8.640000	0.254406
8.704000	0.254406
8.768000	0.254406
8.832000	0.254406
8.896000	0.254406
8.960000	0.254406
9.024000	0.254406
9.088000	0.254406
9.152000	0.254406
9.216000	0.254406
9.280000	0.254406
9.344000	0.254406
9.408000	0.254406
9.472000	0.254406
9.536000	0.254406
9.600000	0.254406
9.664000	0.254406
9.728000	0.254406
9.792000	0.254406
9.856000	0.169504
9.920000	0.169504
9.984000	0.169504
10.048000	0.169504
10.112000	0.169504
10.176000	0.169504
10.240000	0.169504
10.304000	0.169504
10.368000	0.169504
10.432000	0.169504
10.496000	0.169504
10.560000	0.169504
10.624000	0.169504
10.688000	0.169504
10.752000	0.169504
10.816000	0.169504
10.880000	0.169504
10.944000	0.169504
11.008000	0.169504
11.072000	0.169504
11.136000	0.169504
11.200000	0.169504
11.264000	0.169504
11.328000	0.169504
11.392000	0.169504
11.456000	0.169504
11.520000	0.169504
11.584000	0.169504
11.648000	0.169504
11.712000	0.169504
11.776000	0.169504
11.840000	0.169504
11.904000	0.169504
11.968000	0.169504
12.032000	0.169504
12.096000	0.169504
12.160000	0.169504
12.224000	0.169504
12.288000	0.169504
12.352000	0.169504
12.416000	0.169504
12.480000	0.169504
12.544000	0.169504
12.608000	0.169504
12.672000	0.169504
12.736000	0.169504
12.800000	0.169504
12.864000	0.169504
12.928000	0.169504
12.992000	0.169504
13.056000	0.169504
13.120000	0.169504
13.184000	0.169504
13.248000	0.169504
13.312000	0.169504
13.376000	0.169504
13.440000	0.169504
13.504000	0.169504
13.568000	0.169504
13.632000	0.169504
13.696000	0.169504
13.760000	0.169504
13.824000	0.169504
13.888000	0.169504
13.952000	0.169504
14.016000	0.169504
14.080000	0.169504
14.144000	0.169504
14.208000	0.169504
14.272000	0.169504
14.336000	0.169504
14.400000	0.169504
14.464000	0.169504
14.528000	0.169504
14.592000	0.169504
14.656000	0.169504
14.720000	0.169504
14.784000	0.169504
14.848000	0.169504
14.912000	0.169504
14.976000	0.169504
15.040000	0.169504
15.104000	0.169504
15.168000	0.169504
15.232000	0.169504
15.296000	0.169504
15.360000	0.169504
15.424000	0.169504
15.488000	0.169504
15.552000	0.169504
15.616000	0.169504
15.680000	0.169504
15.744000	0.169504
15.808000	0.169504
15.872000	0.169504
15.936000	0.169504
16.000000	0.169504
16.064000	0.169504
16.128000	0.169504
16.192000	0.169504
16.256000	0.261415
16.320000	0.261415
16.384000	0.261415
16.448000	0.261415
16.512000	0.261415
16.576000	0.192527
16.640000	0.192527
16.704000	0.192527
16.768000	0.192527
16.832000	0.192527
16.896000	0.192527
16.960000	0.192527
17.024000	0.192527
17.088000	0.192527
17.152000	0.192527
17.216000	0.192527
17.280000	0.192527
17.344000	0.192527
17.408000	0.192527
17.472000	0.192527
17.536000	0.192527
17.600000	0.192527
17.664000	0.192527
17.728000	0.192527
17.792000	0.192527
17.856000	0.192527
17.920000	0.192527
17.984000	0.192527
18.048000	0.192527
18.112000	0.192527
18.176000	0.192527
18.240000	0.192527
18.304000	0.192527
18.368000	0.192527
18.432000	0.192527
18.496000	0.192527
18.560000	0.192527
18.624000	0.192527
18.688000	0.192527
18.752000	0.192527
18.816000	0.192527
18.880000	0.192527
18.944000	0.192527
19.008000	0.192527
19.072000	0.192527
19.136000	0.192527
19.200000	0.192527
19.264000	0.192527
19.328000	0.192527
19.392000	0.192527
19.456000	0.192527
19.520000	0.192527
19.584000	0.192527
19.648000	0.192527
19.712000	0.192527
19.776000	0.192527
19.840000	0.192527
19.904000	0.192527
19.968000	0.192527
20.032000	0.192527
20.096000	0.192527
20.160000	0.192527
20.224000	0.192527
20.288000	0.192527
20.352000	0.192527
20.416000	0.192527
20.480000	0.192527
20.544000	0.192527
20.608000	0.192527
20.672000	0.192527
20.736000	0.192527
20.800000	0.192527
20.864000	0.192527
20.928000	0.192527
20.992000	0.192527
21.056000	0.192527
21.120000	0.192527
21.184000	0.192527
21.248000	0.192527
21.312000	0.192527
21.376000	0.192527
21.440000	0.192527
21.504000	0.192527
21.568000	0.192527
21.632000	0.192527
21.696000	0.192527
21.760000	0.192527
21.824000	0.192527
21.888000	0.192527
21.952000	0.192527
22.016000	0.192527
22.080000	0.192527
22.144000	0.192527
22.208000	0.192527
22.272000	0.192527
22.336000	0.192527
22.400000	0.192527
22.464000	0.192527
22.528000	0.192527
22.592000	0.192527
22.656000	0.192527
22.720000	0.192527
22.784000	0.192527
22.848000	0.192527
22.912000	0.192527
22.976000	0.208574
23.040000	0.208574
23.104000	0.208574
23.168000	0.208574
23.232000	0.208574
23.296000	0.208574
23.360000	0.208574
23.424000	0.208574
23.488000	0.208574
23.552000	0.208574
23.616000	0.208574
23.680000	0.208574
23.744000	0.208574
23.808000	0.208574
23.872000	0.208574
23.936000	0.208574
24.000000	0.261861
24.064000	0.261861
24.128000	0.261861
24.192000	0.261861
24.256000	0.261861
24.320000	0.261861
24.384000	0.261861
24.448000	0.261861
24.512000	0.261861
24.576000	0.261861
24.640000	0.261861
24.704000	0.261861
24.768000	0.261861
24.832000	0.261861
24.896000	0.261861
24.960000	0.417187
25.024000	0.423931
25.088000	0.423931
25.152000	0.423931
25.216000	0.423931
25.280000	0.423931
25.344000	0.423931
25.408000	0.423931
25.472000	0.423931
25.536000	0.423931
25.600000	0.423931
25.664000	0.423931
25.728000	0.423931
25.792000	0.423931
25.856000	0.423931
25.920000	0.423931
25.984000	0.423931
26.048000	0.423931
26.112000	0.423931
26.176000	0.423931
26.240000	0.423931
26.304000	0.423931
26.368000	0.423931
26.432000	0.423931
26.496000	0.423931
26.560000	0.423931
26.624000	0.423931
26.688000	0.423931
26.752000	0.423931
26.816000	0.423931
26.880000	0.423931
26.944000	0.423931
27.008000	0.423931
27.072000	0.423931
27.136000	0.494464
27.200000	0.494464
27.264000	0.494464
27.328000	0.494464
27.392000	0.494464
27.456000	0.494464
27.520000	0.494464
27.584000	0.494464
27.648000	0.494464
27.712000	0.494464
27.776000	0.494464
27.840000	0.494464
27.904000	0.478635
27.968000	0.420665
28.032000	0.420665
28.096000	0.420665
28.160000	0.420665
28.224000	0.420665
28.288000	0.420665
28.352000	0.420665
28.416000	0.420665
28.480000	0.420665
28.544000	0.420665
28.608000	0.420665
28.672000	0.420665
28.736000	0.420665
28.800000	0.420665
28.864000	0.420665
28.928000	0.420665
28.992000	0.420665
29.056000	0.420665
29.120000	0.420665
29.184000	0.420665
29.248000	0.420665
29.312000	0.420665
29.376000	0.420665
29.440000	0.420665
29.504000	0.283593
29.568000	0.283593
29.632000	0.283593
29.696000	0.283593
29.760000	0.283593
29.824000	0.283593
29.888000	0.283593
29.952000	0.283593
30.016000	0.283593
30.080000	0.283593
30.144000	0.283593
30.208000	0.283593
30.272000	0.283593
30.336000	0.283593
30.400000	0.283593
30.464000	0.283593
30.528000	0.283593
30.592000	0.283593
30.656000	0.283593
30.720000	0.283593
30.784000	0.283593
30.848000	0.283593
30.912000	0.283593
30.976000	0.283593
31.040000	0.283593
31.104000	0.283593
31.168000	0.283593
31.232000	0.283593
31.296000	0.283593
31.360000	0.283593
31.424000	0.283593
31.488000	0.283593
31.552000	0.283593
31.616000	0.283593
31.680000	0.283593
31.744000	0.283593
31.808000	0.283593
31.872000	0.283593
31.936000	0.283593
32.000000	0.283593
32.064000	0.283593
32.128000	0.283593
32.192000	0.283593
32.256000	0.283593
32.320000	0.283593
32.384000	0.283593
32.448000	0.283593
32.512000	0.283593
32.576000	0.283593
32.640000	0.283593
32.704000	0.283593
32.768000	0.283593
32.832000	0.283593
32.896000	0.283593
32.960000	0.283593
33.024000	0.283593
33.088000	0.283593
33.152000	0.283593
33.216000	0.283593
33.280000	0.283593
33.344000	0.283593
33.408000	0.283593
33.472000	0.283593
33.536000	0.283593
33.600000	0.283593
33.664000	0.283593
33.728000	0.283593
33.792000	0.283593
33.856000	0.241518
33.920000	0.241518
33.984000	0.241518
34.048000	0.241518
34.112000	0.241518
34.176000	0.241518
34.240000	0.241518
34.304000	0.241518
34.368000	0.241518
34.432000	0.241518
34.496000	0.241518
34.560000	0.241518
34.624000	0.241518
34.688000	0.241518
34.752000	0.241518
34.816000	0.241518
34.880000	0.241518
34.944000	0.241518
35.008000	0.241518
35.072000	0.241518
35.136000	0.241518
35.200000	0.241518
35.264000	0.241518
35.328000	0.241518
35.392000	0.241518
35.456000	0.241518
35.520000	0.241518
35.584000	0.241518
35.648000	0.241518
35.712000	0.241518
35.776000	0.241518
35.840000	0.241518
35.904000	0.241518
35.968000	0.241518
36.032000	0.241518
36.096000	0.241518
36.160000	0.241518
36.224000	0.241518
36.288000	0.241518
36.352000	0.241518
36.416000	0.241518
36.480000	0.241518
36.544000	0.241518
36.608000	0.241518
36.672000	0.241518
36.736000	0.241518
36.800000	0.241518
36.864000	0.241518
36.928000	0.241518
36.992000	0.241518
37.056000	0.241518
37.120000	0.241518
37.184000	0.241518
37.248000	0.241518
37.312000	0.241518
37.376000	0.241518
37.440000	0.241518
37.504000	0.241518
37.568000	0.241518
37.632000	0.241518
37.696000	0.241518
37.760000	0.241518
37.824000	0.241518
37.888000	0.241518
37.952000	0.241518
38.016000	0.241518
38.080000	0.241518
38.144000	0.241518
38.208000	0.241518
38.272000	0.241518
38.336000	0.241518
38.400000	0.241518
38.464000	0.241518
38.528000	0.241518
38.592000	0.241518
38.656000	0.241518
38.720000	0.241518
38.784000	0.241518
38.848000	0.241518
38.912000	0.241518
38.976000	0.241518
39.040000	0.241518
39.104000	0.241518
39.168000	0.241518
39.232000	0.241518
39.296000	0.241518
39.360000	0.241518
39.424000	0.241518
39.488000	0.241518
39.552000	0.241518
39.616000	0.241518
39.680000	0.241518
39.744000	0.241518
39.808000	0.241518
39.872000	0.241518
39.936000	0.241518
40.000000	0.241518
40.064000	0.241518
40.128000	0.241518
40.192000	0.241518
40.256000	0.340980
40.320000	0.340980
40.384000	0.340980
40.448000	0.340980
40.512000	0.340980
40.576000	0.289479
40.640000	0.289479
40.704000	0.289479
40.768000	0.289479
40.832000	0.289479
40.896000	0.289479
40.960000	0.289479
41.024000	0.289479
41.088000	0.289479
41.152000	0.289479
41.216000	0.289479
41.280000	0.289479
41.344000	0.289479
41.408000	0.289479
41.472000	0.289479
41.536000	0.289479
41.600000	0.289479
41.664000	0.289479
41.728000	0.289479
41.792000	0.289479
41.856000	0.289479
41.920000	0.289479
41.984000	0.289479
42.048000	0.289479
42.112000	0.289479
42.176000	0.289479
42.240000	0.289479
42.304000	0.289479
42.368000	0.289479
42.432000	0.289479
42.496000	0.289479
42.560000	0.289479
42.624000	0.289479
42.688000	0.289479
42.752000	0.289479
42.816000	0.289479
42.880000	0.289479
42.944000	0.289479
43.008000	0.289479
43.072000	0.289479
43.136000	0.289479
43.200000	0.289479
43.264000	0.289479
43.328000	0.289479
43.392000	0.289479
43.456000	0.289479
43.520000	0.289479
43.584000	0.289479
43.648000	0.289479
43.712000	0.289479
43.776000	0.289479
43.840000	0.289479
43.904000	0.289479
43.968000	0.289479
44.032000	0.289479
44.096000	0.289479
44.160000	0.289479
44.224000	0.289479
44.288000	0.289479
44.352000	0.289479
44.416000	0.289479
44.480000	0.289479
44.544000	0.289479
44.608000	0.289479
44.672000	0.289479
44.736000	0.289479
44.800000	0.289479
44.864000	0.289479
44.928000	0.289479
44.992000	0.289479
45.056000	0.289479
45.120000	0.289479
45.184000	0.289479
45.248000	0.289479
45.312000	0.289479
45.376000	0.289479
45.440000	0.289479
45.504000	0.289479
45.568000	0.289479
45.632000	0.289479
45.696000	0.289479
45.760000	0.289479
45.824000	0.289479
45.888000	0.289479
45.952000	0.289479
46.016000	0.289479
46.080000	0.289479
46.144000	0.289479
46.208000	0.289479
46.272000	0.289479
46.336000	0.289479
46.400000	0.289479
46.464000	0.289479
46.528000	0.289479
46.592000	0.289479
46.656000	0.289479
46.720000	0.289479
46.784000	0.289479
46.848000	0.289479
46.912000	0.289479
46.976000	0.297301
47.040000	0.297301
47.104000	0.297301
47.168000	0.297301
47.232000	0.297301
47.296000	0.297301
47.360000	0.297301
47.424000	0.297301
47.488000	0.297301
47.552000	0.297301
47.616000	0.297301
47.680000	0.297301
47.744000	0.297301
47.808000	0.297301
47.872000	0.297301
47.936000	0.297301
48.000000	0.311071
48.064000	0.311071
48.128000	0.311071
48.192000	0.311071
48.256000	0.311071
48.320000	0.311071
48.384000	0.311071
48.448000	0.311071
48.512000	0.311071
48.576000	0.311071
48.640000	0.311071
48.704000	0.311071
48.768000	0.311071
48.832000	0.311071
48.896000	0.311071
48.960000	0.311071
49.024000	0.311071
49.088000	0.311071
49.152000	0.311071
49.216000	0.311071
49.280000	0.311071
49.344000	0.311071
49.408000	0.311071
49.472000	0.311071
49.536000	0.311071
49.600000	0.311071
49.664000	0.311071
49.728000	0.311071
49.792000	0.311071
49.856000	0.311071
49.920000	0.311071
49.984000	0.311071
50.048000	0.311071
50.112000	0.311071
50.176000	0.311071
50.240000	0.311071
50.304000	0.311071
50.368000	0.311071
50.432000	0.311071
50.496000	0.311071
50.560000	0.311071
50.624000	0.311071
50.688000	0.311071
50.752000	0.311071
50.816000	0.311071
50.880000	0.311071
50.944000	0.311071
51.008000	0.311071
51.072000	0.311071
51.136000	0.311071
51.200000	0.311071
51.264000	0.311071
51.328000	0.311071
51.392000	0.311071
51.456000	0.311071
51.520000	0.311071
51.584000	0.311071
51.648000	0.311071
51.712000	0.311071
51.776000	0.311071
51.840000	0.311071
51.904000	0.311071
51.968000	0.311071
52.032000	0.311071
52.096000	0.311071
52.160000	0.311071
52.224000	0.311071
52.288000	0.311071
52.352000	0.311071
52.416000	0.311071
52.480000	0.311071
52.544000	0.311071
52.608000	0.311071
52.672000	0.311071
52.736000	0.392367
52.800000	0.457533
52.864000	0.460311
52.928000	0.460311
52.992000	0.460311
53.056000	0.460311
53.120000	0.460311
53.184000	0.460311
53.248000	0.460311
53.312000	0.460311
53.376000	0.460311
53.440000	0.460311
53.504000	0.460311
53.568000	0.460311
53.632000	0.460311
53.696000	0.460311
53.760000	0.460311
53.824000	0.460311
53.888000	0.460311
53.952000	0.460311
54.016000	0.460311
54.080000	0.460311
54.144000	0.460311
54.208000	0.460311
54.272000	0.460311
54.336000	0.460311
54.400000	0.460311
54.464000	0.460311
54.528000	0.460311
54.592000	0.460311
54.656000	0.534669
54.720000	0.534669
54.784000	0.534669
54.848000	0.534669
54.912000	0.534669
54.976000	0.534669
55.040000	0.534669
55.104000	0.534669
55.168000	0.534669
55.232000	0.534669
55.296000	0.534669
55.360000	0.534669
55.424000	0.534669
55.488000	0.534669
55.552000	0.534669
55.616000	0.534669
55.680000	0.534669
55.744000	0.534669
55.808000	0.534669
55.872000	0.534669
55.936000	0.534669
56.000000	0.534669
56.064000	0.534669
56.128000	0.534669
56.192000	0.534669
56.256000	0.534669
56.320000	0.669249
56.384000	0.669249
56.448000	0.669249
56.512000	0.691576
56.576000	0.691576
56.640000	0.691576
56.704000	0.691576
56.768000	0.691576
56.832000	0.691576
56.896000	0.691576
56.960000	0.691576
57.024000	0.691576
57.088000	0.691576
57.152000	0.691576
57.216000	0.645943
57.280000	0.645943
57.344000	0.645943
57.408000	0.645943
57.472000	0.645943
57.536000	0.645943
57.600000	0.539535
57.664000	0.525597
57.728000	0.525597
57.792000	0.525597
57.856000	0.525597
57.920000	0.525597
57.984000	0.525597
58.048000	0.525597
58.112000	0.525597
58.176000	0.525597
58.240000	0.525597
58.304000	0.525597
58.368000	0.525597
58.432000	0.525597
58.496000	0.525597
58.560000	0.525597
58.624000	0.525597
58.688000	0.525597
58.752000	0.525597
58.816000	0.525597
58.880000	0.525597
58.944000	0.525597
59.008000	0.525597
59.072000	0.525597
59.136000	0.525597
59.200000	0.525597
59.264000	0.525597
59.328000	0.525597
59.392000	0.525597
59.456000	0.525597
59.520000	0.525597
59.584000	0.525597
59.648000	0.525597
59.712000	0.525597
59.776000	0.525597
59.840000	0.525597
59.904000	0.525597
59.968000	0.525597
60.032000	0.525597
60.096000	0.525597
60.160000	0.525597
60.224000	0.525597
60.288000	0.525597
60.352000	0.525597
60.416000	0.525597
60.480000	0.525597
60.544000	0.525597
60.608000	0.525597
60.672000	0.525597
60.736000	0.525597
60.800000	0.525597
60.864000	0.525597
60.928000	0.525597
60.992000	0.525597
61.056000	0.525597
61.120000	0.525597
61.184000	0.525597
61.248000	0.525597
61.312000	0.525597
61.376000	0.525597
61.440000	0.525597
61.504000	0.525597
61.568000	0.525597
61.632000	0.525597
61.696000	0.525597
61.760000	0.525597
61.824000	0.525597
61.888000	0.525597
61.952000	0.525597
62.016000	0.525597
62.080000	0.525597
62.144000	0.525597
62.208000	0.525597
62.272000	0.525597
62.336000	0.525597
62.400000	0.525597
62.464000	0.525597
62.528000	0.525597
62.592000	0.525597
62.656000	0.525597
62.720000	0.525597
62.784000	0.525597
62.848000	0.525597
62.912000	0.525597
62.976000	0.525597
63.040000	0.525597
63.104000	0.525597
63.168000	0.525597
63.232000	0.525597
63.296000	0.525597
63.360000	0.525597
63.424000	0.525597
63.488000	0.525597
63.552000	0.525597
63.616000	0.525597
63.680000	0.525597
63.744000	0.525597
63.808000	0.525597
63.872000	0.525597
63.936000	0.525597
64.000000	0.525597
64.064000	0.547553
64.128000	0.533943
64.192000	0.533943
64.256000	0.533943
64.320000	0.533943
64.384000	0.533943
64.448000	0.533943
64.512000	0.533943
64.576000	0.533943
64.640000	0.533943
64.704000	0.533943
64.768000	0.533943
64.832000	0.533943
64.896000	0.533943
64.960000	0.533943
65.024000	0.533943
65.088000	0.533943
65.152000	0.533943
65.216000	0.533943
65.280000	0.533943
65.344000	0.533943
65.408000	0.533943
65.472000	0.533943
65.536000	0.533943
65.600000	0.533943
65.664000	0.533943
65.728000	0.533943
65.792000	0.311696
65.856000	0.311696
65.920000	0.311696
65.984000	0.311696
66.048000	0.311696
66.112000	0.311696
66.176000	0.311696
66.240000	0.311696
66.304000	0.311696
66.368000	0.311696
66.432000	0.311696
66.496000	0.311696
66.560000	0.311696
66.624000	0.311696
66.688000	0.311696
66.752000	0.311696
66.816000	0.311696
66.880000	0.311696
66.944000	0.311696
67.008000	0.311696
67.072000	0.311696
67.136000	0.311696
67.200000	0.311696
67.264000	0.311696
67.328000	0.311696
67.392000	0.311696
67.456000	0.311696
67.520000	0.311696
67.584000	0.311696
67.648000	0.311696
67.712000	0.311696
67.776000	0.311696
67.840000	0.311696
67.904000	0.311696
67.968000	0.311696
68.032000	0.311696
68.096000	0.311696
68.160000	0.311696
68.224000	0.311696
68.288000	0.311696
68.352000	0.311696
68.416000	0.311696
68.480000	0.311696
68.544000	0.311696
68.608000	0.311696
68.672000	0.311696
68.736000	0.311696
68.800000	0.311696
68.864000	0.311696
68.928000	0.311696
68.992000	0.311696
69.056000	0.311696
69.120000	0.311696
69.184000	0.311696
69.248000	0.311696
69.312000	0.311696
69.376000	0.311696
69.440000	0.311696
69.504000	0.311696
69.568000	0.311696
69.632000	0.311696
69.696000	0.311696
69.760000	0.311696
69.824000	0.311696
69.888000	0.311696
69.952000	0.311696
70.016000	0.311696
70.080000	0.311696
70.144000	0.311696
70.208000	0.311696
70.272000	0.311696
70.336000	0.311696
70.400000	0.311696
70.464000	0.311696
70.528000	0.311696
70.592000	0.311696
70.656000	0.311696
70.720000	0.311696
70.784000	0.311696
70.848000	0.311696
70.912000	0.311696
70.976000	0.311696
71.040000	0.311696
71.104000	0.311696
71.168000	0.311696
71.232000	0.311696
71.296000	0.311696
71.360000	0.311696
71.424000	0.311696
71.488000	0.311696
71.552000	0.311696
71.616000	0.311696
71.680000	0.311696
71.744000	0.311696
71.808000	0.311696
71.872000	0.311696
71.936000	0.311696
72.000000	0.311696
72.064000	0.311696
72.128000	0.311696
72.192000	0.386379
72.256000	0.386379
72.320000	0.386379
72.384000	0.386379
72.448000	0.386379
72.512000	0.386379
72.576000	0.386379
72.640000	0.386379
72.704000	0.386379
72.768000	0.386379
72.832000	0.386379
72.896000	0.386379
72.960000	0.386379
73.024000	0.386379
73.088000	0.386379
73.152000	0.386379
73.216000	0.386379
73.280000	0.386379
73.344000	0.386379
73.408000	0.386379
73.472000	0.386379
73.536000	0.386379
73.600000	0.386379
73.664000	0.386379
73.728000	0.386379
73.792000	0.386379
73.856000	0.386379
73.920000	0.386379
73.984000	0.386379
74.048000	0.291562
74.112000	0.291562
74.176000	0.291562
74.240000	0.291562
74.304000	0.291562
74.368000	0.291562
74.432000	0.291562
74.496000	0.291562
74.560000	0.291562
74.624000	0.291562
74.688000	0.291562
74.752000	0.291562
74.816000	0.291562
74.880000	0.291562
74.944000	0.291562
75.008000	0.291562
75.072000	0.291562
75.136000	0.291562
75.200000	0.291562
75.264000	0.291562
75.328000	0.291562
75.392000	0.291562
75.456000	0.291562
75.520000	0.291562
75.584000	0.291562
75.648000	0.291562
75.712000	0.291562
75.776000	0.291562
75.840000	0.291562
75.904000	0.291562
75.968000	0.291562
76.032000	0.291562
76.096000	0.291562
76.160000	0.291562
76.224000	0.291562
76.288000	0.291562
76.352000	0.291562
76.416000	0.291562
76.480000	0.291562
76.544000	0.291562
76.608000	0.291562
76.672000	0.291562
76.736000	0.291562
76.800000	0.291562
76.864000	0.291562
76.928000	0.291562
76.992000	0.291562
77.056000	0.291562
77.120000	0.291562
77.184000	0.291562
77.248000	0.291562
77.312000	0.291562
77.376000	0.291562
77.440000	0.291562
77.504000	0.291562
77.568000	0.291562
77.632000	0.291562
77.696000	0.291562
77.760000	0.291562
77.824000	0.291562
77.888000	0.291562
77.952000	0.291562
78.016000	0.291562
78.080000	0.291562
78.144000	0.291562
78.208000	0.291562
78.272000	0.291562
78.336000	0.291562
78.400000	0.181599
78.464000	0.181599
78.528000	0.181599
78.592000	0.181599
78.656000	0.181599
78.720000	0.181599
78.784000	0.181599
78.848000	0.181599
78.912000	0.181599
78.976000	0.181599
79.040000	0.181599
79.104000	0.181599
79.168000	0.181599
79.232000	0.181599
79.296000	0.181599
79.360000	0.181599
79.424000	0.181599
79.488000	0.181599
79.552000	0.181599
79.616000	0.181599
79.680000	0.181599
79.744000	0.181599
79.808000	0.181599
79.872000	0.181599
79.936000	0.181599
80.000000	0.181599
80.064000	0.181599
80.128000	0.181599
80.192000	0.181599
80.256000	0.181599
80.320000	0.181599
80.384000	0.181599
80.448000	0.181599
80.512000	0.181599
80.576000	0.181599
80.640000	0.181599
80.704000	0.181599
80.768000	0.181599
80.832000	0.181599
80.896000	0.181599
80.960000	0.181599
81.024000	0.181599
81.088000	0.181599
81.152000	0.181599
81.216000	0.181599
81.280000	0.181599
81.344000	0.181599
81.408000	0.181599
81.472000	0.181599
81.536000	0.181599
81.600000	0.181599
81.664000	0.181599
81.728000	0.181599
81.792000	0.181599
81.856000	0.181599
81.920000	0.181599
81.984000	0.181599
82.048000	0.181599
82.112000	0.181599
82.176000	0.181599
82.240000	0.181599
82.304000	0.181599
82.368000	0.181599
82.432000	0.181599
82.496000	0.181599
82.560000	0.181599
82.624000	0.181599
82.688000	0.181599
82.752000	0.181599
82.816000	0.181599
82.880000	0.181599
82.944000	0.181599
83.008000	0.181599
83.072000	0.181599
83.136000	0.181599
83.200000	0.181599
83.264000	0.181599
83.328000	0.181599
83.392000	0.181599
83.456000	0.181599
83.520000	0.181599
83.584000	0.181599
83.648000	0.181599
83.712000	0.181599
83.776000	0.181599
83.840000	0.181599
83.904000	0.181599
83.968000	0.181599
84.032000	0.181599
84.096000	0.181599
84.160000	0.181599
84.224000	0.181599
84.288000	0.181599
84.352000	0.181599
84.416000	0.181599
84.480000	0.181599
84.544000	0.181599
84.608000	0.181599
84.672000	0.181599
84.736000	0.181599
84.800000	0.251162
84.864000	0.245050
84.928000	0.245050
84.992000	0.245050
85.056000	0.245050
85.120000	0.245050
85.184000	0.245050
85.248000	0.245050
85.312000	0.245050
85.376000	0.245050
85.440000	0.245050
85.504000	0.245050
85.568000	0.222853
85.632000	0.222853
85.696000	0.222853
85.760000	0.222853
85.824000	0.222853
85.888000	0.222853
85.952000	0.222853
86.016000	0.222853
86.080000	0.222853
86.144000	0.222853
86.208000	0.222853
86.272000	0.222853
86.336000	0.222853
86.400000	0.222853
86.464000	0.222853
86.528000	0.222853
86.592000	0.222853
86.656000	0.222853
86.720000	0.222853
86.784000	0.222853
86.848000	0.222853
86.912000	0.222853
86.976000	0.222853
87.040000	0.222853
87.104000	0.222853
87.168000	0.222853
87.232000	0.222853
87.296000	0.222853
87.360000	0.222853
87.424000	0.222853
87.488000	0.222853
87.552000	0.222853
87.616000	0.222853
87.680000	0.222853
87.744000	0.222853
87.808000	0.222853
87.872000	0.222853
87.936000	0.222853
88.000000	0.222853
88.064000	0.222853
88.128000	0.222853
88.192000	0.222853
88.256000	0.222853
88.320000	0.222853
88.384000	0.222853
88.448000	0.222853
88.512000	0.222853
88.576000	0.222853
88.640000	0.222853
88.704000	0.208299
88.768000	0.208299
88.832000	0.208299
88.896000	0.208299
88.960000	0.208299
89.024000	0.208299
89.088000	0.208299
89.152000	0.208299
89.216000	0.208299
89.280000	0.208299
89.344000	0.208299
89.408000	0.208299
89.472000	0.208299
89.536000	0.208299
89.600000	0.208299
89.664000	0.208299
89.728000	0.208299
89.792000	0.208299
89.856000	0.208299
89.920000	0.208299
89.984000	0.208299
90.048000	0.208299
90.112000	0.208299
90.176000	0.208299
90.240000	0.208299
90.304000	0.208299
90.368000	0.208299
90.432000	0.208299
90.496000	0.208299
90.560000	0.208299
90.624000	0.208299
90.688000	0.208299
90.752000	0.208299
90.816000	0.208299
90.880000	0.208299
90.944000	0.208299
91.008000	0.208299
91.072000	0.208299
91.136000	0.208299
91.200000	0.208299
91.264000	0.208299
91.328000	0.208299
91.392000	0.208299
91.456000	0.200209
91.520000	0.200209
91.584000	0.200209
91.648000	0.200209
91.712000	0.200209
91.776000	0.200209
91.840000	0.200209
91.904000	0.200209
91.968000	0.200209
92.032000	0.200209
92.096000	0.200209
92.160000	0.200209
92.224000	0.200209
92.288000	0.200209
92.352000	0.200209
92.416000	0.200209
92.480000	0.200209
92.544000	0.200209
92.608000	0.200209
92.672000	0.200209
92.736000	0.200209
92.800000	0.200209
92.864000	0.200209
92.928000	0.200209
92.992000	0.200209
93.056000	0.200209
93.120000	0.200209
93.184000	0.200209
93.248000	0.200209
93.312000	0.200209
93.376000	0.200209
93.440000	0.200209
93.504000	0.200209
93.568000	0.200209
93.632000	0.200209
93.696000	0.200209
93.760000	0.200209
93.824000	0.200209
93.888000	0.200209
93.952000	0.200209
94.016000	0.200209
94.080000	0.200209
94.144000	0.200209
94.208000	0.200209
94.272000	0.200209
94.336000	0.200209
94.400000	0.200209
94.464000	0.200209
94.528000	0.200209
94.592000	0.200209
94.656000	0.200209
94.720000	0.200209
94.784000	0.200209
94.848000	0.200209
94.912000	0.200209
94.976000	0.200209
95.040000	0.200209
95.104000	0.200209
95.168000	0.200209
95.232000	0.200209
95.296000	0.200209
95.360000	0.200209
95.424000	0.200209
95.488000	0.200209
95.552000	0.200209
95.616000	0.200209
95.680000	0.200209
95.744000	0.200209
95.808000	0.200209
95.872000	0.200209
95.936000	0.200209
96.000000	0.200209
96.064000	0.200209
96.128000	0.200209
96.192000	0.200209
96.256000	0.200209
96.320000	0.200209
96.384000	0.200209
96.448000	0.200209
96.512000	0.200209
96.576000	0.200209
96.640000	0.200209
96.704000	0.200209
96.768000	0.200209
96.832000	0.200209
96.896000	0.200209
96.960000	0.200209
97.024000	0.200209
97.088000	0.200209
97.152000	0.200209
97.216000	0.200209
97.280000	0.200209
97.344000	0.200209
97.408000	0.200209
97.472000	0.200209
97.536000	0.200209
97.600000	0.200209
97.664000	0.200209
97.728000	0.200209
97.792000	0.200209
97.856000	0.224653
97.920000	0.224653
97.984000	0.224653
98.048000	0.224653
98.112000	0.224653
98.176000	0.224653
98.240000	0.224653
98.304000	0.224653
98.368000	0.224653
98.432000	0.224653
98.496000	0.224653
98.560000	0.224653
98.624000	0.224653
98.688000	0.224653
98.752000	0.224653
98.816000	0.224653
98.880000	0.224653
98.944000	0.224653
99.008000	0.224653
99.072000	0.224653
99.136000	0.224653
99.200000	0.224653
99.264000	0.224653
99.328000	0.224653
99.392000	0.224653
99.456000	0.224653
99.520000	0.278463
99.584000	0.288238
99.648000	0.288238
99.712000	0.288238
99.776000	0.288238
99.840000	0.288238
99.904000	0.288238
99.968000	0.288238
100.032000	0.288238
100.096000	0.288238
100.160000	0.288238
100.224000	0.288238
100.288000	0.288238
100.352000	0.288238
100.416000	0.288238
100.480000	0.288238
100.544000	0.288238
100.608000	0.288238
100.672000	0.288238
100.736000	0.288238
100.800000	0.288238
100.864000	0.288238
100.928000	0.288238
100.992000	0.288238
101.056000	0.288238
101.120000	0.288238
101.184000	0.288238
101.248000	0.288238
101.312000	0.288238
101.376000	0.288238
101.440000	0.288238
101.504000	0.288238
101.568000	0.288238
101.632000	0.288238
101.696000	0.288238
101.760000	0.288238
101.824000	0.288238
101.888000	0.288238
101.952000	0.288238
102.016000	0.288238
102.080000	0.288238
102.144000	0.288238
102.208000	0.288238
102.272000	0.288238
102.336000	0.288238
102.400000	0.251856
102.464000	0.251856
102.528000	0.251856
102.592000	0.251856
102.656000	0.251856
102.720000	0.251856
102.784000	0.251856
102.848000	0.251856
102.912000	0.251856
102.976000	0.251856
103.040000	0.251856
103.104000	0.251856
103.168000	0.251856
103.232000	0.251856
103.296000	0.251856
103.360000	0.251856
103.424000	0.251856
103.488000	0.251856
103.552000	0.251856
103.616000	0.251856
103.680000	0.251856
103.744000	0.251856
103.808000	0.251856
103.872000	0.251856
103.936000	0.251856
104.000000	0.251856
104.064000	0.251856
104.128000	0.251856
104.192000	0.251856
104.256000	0.251856
104.320000	0.251856
104.384000	0.251856
104.448000	0.251856
104.512000	0.251856
104.576000	0.251856
104.640000	0.251856
104.704000	0.251856
104.768000	0.251856
104.832000	0.251856
104.896000	0.251856
104.960000	0.251856
105.024000	0.251856
105.088000	0.251856
105.152000	0.251856
105.216000	0.251856
105.280000	0.251856
105.344000	0.251856
105.408000	0.251856
105.472000	0.251856
105.536000	0.251856
105.600000	0.251856
105.664000	0.251856
105.728000	0.251856
105.792000	0.251856
105.856000	0.251856
105.920000	0.251856
105.984000	0.251856
106.048000	0.251856
106.112000	0.251856
106.176000	0.251856
106.240000	0.251856
106.304000	0.251856
106.368000	0.251856
106.432000	0.251856
106.496000	0.251856
106.560000	0.251856
106.624000	0.251856
106.688000	0.251856
106.752000	0.251856
106.816000	0.251856
106.880000	0.251856
106.944000	0.251856
107.008000	0.251856
107.072000	0.251856
107.136000	0.251856
107.200000	0.251856
107.264000	0.179979
107.328000	0.179979
107.392000	0.179979
107.456000	0.179979
107.520000	0.179979
107.584000	0.179979
107.648000	0.179979
107.712000	0.179979
107.776000	0.179979
107.840000	0.179979
107.904000	0.179979
107.968000	0.179979
108.032000	0.179979
108.096000	0.179979
108.160000	0.179979
108.224000	0.179979
108.288000	0.179979
108.352000	0.179979
108.416000	0.179979
108.480000	0.179979
108.544000	0.179979
108.608000	0.179979
108.672000	0.179979
108.736000	0.179979
108.800000	0.179979
108.864000	0.179979
108.928000	0.179979
108.992000	0.179979
109.056000	0.179979
109.120000	0.179979
109.184000	0.179979
109.248000	0.179979
109.312000	0.179979
109.376000	0.179979
109.440000	0.179979
109.504000	0.179979
109.568000	0.179979
109.632000	0.179979
109.696000	0.179979
109.760000	0.179979
109.824000	0.179979
109.888000	0.179979
109.952000	0.179979
110.016000	0.179979
110.080000	0.179979
110.144000	0.179979
110.208000	0.179979
110.272000	0.179979
110.336000	0.179979
110.400000	0.179979
110.464000	0.179979
110.528000	0.179979
110.592000	0.179979
110.656000	0.179979
110.720000	0.179979
110.784000	0.179979
110.848000	0.179979
110.912000	0.179979
110.976000	0.179979
111.040000	0.179979
111.104000	0.179979
111.168000	0.179979
111.232000	0.179979
111.296000	0.179979
111.360000	0.179979
111.424000	0.179979
111.488000	0.179979
111.552000	0.179979
111.616000	0.179979
111.680000	0.179979
111.744000	0.179979
111.808000	0.179979
111.872000	0.179979
111.936000	0.179979
112.000000	0.179979
112.064000	0.179979
112.128000	0.179979
112.192000	0.179979
112.256000	0.179979
112.320000	0.166234
112.384000	0.166234
112.448000	0.166234
112.512000	0.166234
112.576000	0.166234
112.640000	0.166234
112.704000	0.166234
112.768000	0.166234
112.832000	0.166234
112.896000	0.166234
112.960000	0.166234
113.024000	0.166234
113.088000	0.166234
113.152000	0.166234
113.216000	0.166234
113.280000	0.166234
113.344000	0.166234
113.408000	0.166234
113.472000	0.166234
113.536000	0.166234
113.600000	0.166234
113.664000	0.166234
113.728000	0.166234
113.792000	0.166234
113.856000	0.166234
113.920000	0.166234
113.984000	0.166234
114.048000	0.166234
114.112000	0.166234
114.176000	0.166234
114.240000	0.166234
114.304000	0.166234
114.368000	0.166234
114.432000	0.166234
114.496000	0.166234
114.560000	0.166234
114.624000	0.166234
114.688000	0.166234
114.752000	0.166234
114.816000	0.166234
114.880000	0.166234
114.944000	0.166234
115.008000	0.166234
115.072000	0.166234
115.136000	0.166234
115.200000	0.166234
115.264000	0.166234
115.328000	0.166234
115.392000	0.166234
115.456000	0.166234
115.520000	0.166234
115.584000	0.166234
115.648000	0.166234
115.712000	0.166234
115.776000	0.166234
115.840000	0.166234
115.904000	0.166234
115.968000	0.166234
116.032000	0.166234
116.096000	0.166234
116.160000	0.166234
116.224000	0.166234
116.288000	0.166234
116.352000	0.166234
116.416000	0.166234
116.480000	0.166234
116.544000	0.166234
116.608000	0.166234
116.672000	0.166234
116.736000	0.166234
116.800000	0.166234
116.864000	0.166234
116.928000	0.166234
116.992000	0.166234
117.056000	0.166234
117.120000	0.166234
117.184000	0.166234
117.248000	0.166234
117.312000	0.166234
117.376000	0.166234
117.440000	0.166234
117.504000	0.166234
117.568000	0.166234
117.632000	0.166234
117.696000	0.166234
117.760000	0.166234
117.824000	0.166234
117.888000	0.166234
117.952000	0.166234
118.016000	0.166234
118.080000	0.166234
118.144000	0.166234
118.208000	0.166234
118.272000	0.166234
118.336000	0.166234
118.400000	0.166234
118.464000	0.166234
118.528000	0.166234
118.592000	0.166234
118.656000	0.166234
118.720000	0.167353
118.784000	0.167353
118.848000	0.167353
118.912000	0.167353
118.976000	0.167353
119.040000	0.167353
119.104000	0.167353
119.168000	0.167353
119.232000	0.167353
119.296000	0.167353
119.360000	0.167353
119.424000	0.167353
119.488000	0.167353
119.552000	0.167353
119.616000	0.167353
119.680000	0.167353
119.744000	0.234091
119.808000	0.234091
119.872000	0.234091
119.936000	0.234091
120.000000	0.234091
120.064000	0.234091
120.128000	0.234091
120.192000	0.234091
120.256000	0.234091
120.320000	0.234091
120.384000	0.234091
120.448000	0.234091
120.512000	0.234091
120.576000	0.234091
120.640000	0.234091
120.704000	0.234091
120.768000	0.234091
120.832000	0.234091
120.896000	0.234091
120.960000	0.234091
121.024000	0.234091
121.088000	0.234091
121.152000	0.234091
121.216000	0.234091
121.280000	0.234091
121.344000	0.234091
121.408000	0.234091
121.472000	0.234091
121.536000	0.234091
121.600000	0.234091
121.664000	0.234091
121.728000	0.234091
121.792000	0.234091
121.856000	0.234091
121.920000	0.234091
121.984000	0.234091
122.048000	0.234091
122.112000	0.234091
122.176000	0.234091
122.240000	0.234091
122.304000	0.234091
122.368000	0.234091
122.432000	0.234091
122.496000	0.234091
122.560000	0.234091
122.624000	0.234091
122.688000	0.234091
122.752000	0.234091
122.816000	0.234091
122.880000	0.234091
122.944000	0.234091
123.008000	0.234091
123.072000	0.234091
123.136000	0.234091
123.200000	0.234091
123.264000	0.234091
123.328000	0.234091
123.392000	0.234091
123.456000	0.234091
123.520000	0.234091
123.584000	0.234091
123.648000	0.234091
123.712000	0.234091
123.776000	0.234091
123.840000	0.234091
123.904000	0.234091
123.968000	0.234091
124.032000	0.210736
124.096000	0.210736
124.160000	0.210736
124.224000	0.210736
124.288000	0.210736
124.352000	0.210736
124.416000	0.210736
124.480000	0.210736
124.544000	0.210736
124.608000	0.210736
124.672000	0.210736
124.736000	0.210736
124.800000	0.210736
124.864000	0.210736
124.928000	0.210736
124.992000	0.210736
125.056000	0.210736
125.120000	0.210736
125.184000	0.210736
125.248000	0.210736
125.312000	0.210736
125.376000	0.210736
125.440000	0.210736
125.504000	0.210736
125.568000	0.210736
125.632000	0.210736
125.696000	0.210736
125.760000	0.210736
125.824000	0.210736
125.888000	0.210736
125.952000	0.210736
126.016000	0.210736
126.080000	0.210736
126.144000	0.210736
126.208000	0.210736
126.272000	0.210736
126.336000	0.210736
126.400000	0.210736
126.464000	0.210736
126.528000	0.210736
126.592000	0.210736
126.656000	0.210736
126.720000	0.210736
126.784000	0.210736
126.848000	0.210736
126.912000	0.210736
126.976000	0.210736
127.040000	0.210736
127.104000	0.210736
127.168000	0.210736
127.232000	0.210736
127.296000	0.210736
127.360000	0.210736
127.424000	0.210736
127.488000	0.210736
127.552000	0.210736
127.616000	0.210736
127.680000	0.210736
127.744000	0.210736
127.808000	0.210736
127.872000	0.210736
127.936000	0.210736
128.000000	0.210736
128.064000	0.210736
128.128000	0.210736
128.192000	0.210736
128.256000	0.210736
128.320000	0.210736
128.384000	0.210736
128.448000	0.210736
128.512000	0.210736
128.576000	0.210736
128.640000	0.210736
128.704000	0.210736
128.768000	0.210736
128.832000	0.210736
128.896000	0.210736
128.960000	0.210736
129.024000	0.210736
129.088000	0.210736
129.152000	0.210736
129.216000	0.210736
129.280000	0.210736
129.344000	0.210736
129.408000	0.210736
129.472000	0.210736
129.536000	0.210736
129.600000	0.210736
129.664000	0.210736
129.728000	0.210736
129.792000	0.210736
129.856000	0.210736
129.920000	0.210736
129.984000	0.210736
130.048000	0.210736
130.112000	0.210736
130.176000	0.210736
130.240000	0.210736
130.304000	0.210736
130.368000	0.210736
130.432000	0.286123
130.496000	0.286123
130.560000	0.286123
130.624000	0.286123
130.688000	0.286123
130.752000	0.286123
130.816000	0.286123
130.880000	0.286123
130.944000	0.286123
131.008000	0.286123
131.072000	0.286123
131.136000	0.299665
131.200000	0.299665
131.264000	0.299665
131.328000	0.299665
131.392000	0.299665
131.456000	0.299665
131.520000	0.299665
131.584000	0.299665
131.648000	0.299665
131.712000	0.299665
131.776000	0.299665
131.840000	0.299665
131.904000	0.299665
131.968000	0.299665
132.032000	0.299665
132.096000	0.299665
132.160000	0.299665
132.224000	0.299665
132.288000	0.232977
132.352000	0.232977
132.416000	0.232977
132.480000	0.232977
132.544000	0.232977
132.608000	0.232977
132.672000	0.232977
132.736000	0.232977
132.800000	0.232977
132.864000	0.232977
132.928000	0.232977
132.992000	0.232977
133.056000	0.232977
133.120000	0.232977
133.184000	0.232977
133.248000	0.232977
133.312000	0.232977
133.376000	0.232977
133.440000	0.232977
133.504000	0.232977
133.568000	0.232977
133.632000	0.232977
133.696000	0.232977
133.760000	0.232977
133.824000	0.232977
133.888000	0.232977
133.952000	0.232977
134.016000	0.232977
134.080000	0.232977
134.144000	0.232977
134.208000	0.232977
134.272000	0.232977
134.336000	0.232977
134.400000	0.232977
134.464000	0.232977
134.528000	0.232977
134.592000	0.232977
134.656000	0.221929
134.720000	0.221929
134.784000	0.221929
134.848000	0.221929
134.912000	0.221929
134.976000	0.221929
135.040000	0.221929
135.104000	0.221929
135.168000	0.221929
135.232000	0.221929
135.296000	0.221929
135.360000	0.221929
135.424000	0.221929
135.488000	0.221929
135.552000	0.221929
135.616000	0.221929
135.680000	0.221929
135.744000	0.221929
135.808000	0.221929
135.872000	0.221929
135.936000	0.221929
136.000000	0.221929
136.064000	0.221929
136.128000	0.221929
136.192000	0.221929
136.256000	0.221929
136.320000	0.221929
136.384000	0.221929
136.448000	0.221929
136.512000	0.221929
136.576000	0.221929
136.640000	0.221929
136.704000	0.221929
136.768000	0.221929
136.832000	0.221929
136.896000	0.221929
136.960000	0.221929
137.024000	0.221929
137.088000	0.221929
137.152000	0.221929
137.216000	0.221929
137.280000	0.221929
137.344000	0.221929
137.408000	0.221929
137.472000	0.221929
137.536000	0.221929
137.600000	0.221929
137.664000	0.221929
137.728000	0.221929
137.792000	0.221929
137.856000	0.221929
137.920000	0.221929
137.984000	0.221929
138.048000	0.221929
138.112000	0.221929
138.176000	0.221929
138.240000	0.221929
138.304000	0.221929
138.368000	0.221929
138.432000	0.221929
138.496000	0.221929
138.560000	0.221929
138.624000	0.221929
138.688000	0.221929
138.752000	0.221929
138.816000	0.221929
138.880000	0.221929
138.944000	0.221929
139.008000	0.221929
139.072000	0.221929
139.136000	0.221929
139.200000	0.221929
139.264000	0.221929
139.328000	0.221929
139.392000	0.221929
139.456000	0.221929
139.520000	0.221929
139.584000	0.221929
139.648000	0.221929
139.712000	0.221929
139.776000	0.221929
139.840000	0.221929
139.904000	0.221929
139.968000	0.221929
140.032000	0.221929
140.096000	0.221929
140.160000	0.221929
140.224000	0.221929
140.288000	0.221929
140.352000	0.221929
140.416000	0.221929
140.480000	0.221929
140.544000	0.221929
140.608000	0.221929
140.672000	0.221929
140.736000	0.221929
140.800000	0.221929
140.864000	0.221929
140.928000	0.221929
140.992000	0.221929
141.056000	0.276823
141.120000	0.276823
141.184000	0.276823
141.248000	0.276823
141.312000	0.276823
141.376000	0.276823
141.440000	0.276823
141.504000	0.276823
141.568000	0.276823
141.632000	0.276823
141.696000	0.276823
141.760000	0.276823
141.824000	0.276823
141.888000	0.276823
141.952000	0.276823
142.016000	0.276823
142.080000	0.276823
142.144000	0.276823
142.208000	0.276823
142.272000	0.276823
142.336000	0.276823
142.400000	0.276823
142.464000	0.276823
142.528000	0.276823
142.592000	0.276823
142.656000	0.276823
142.720000	0.276823
142.784000	0.276823
142.848000	0.276823
142.912000	0.276823
142.976000	0.276823
143.040000	0.276823
143.104000	0.276823
143.168000	0.276823
143.232000	0.276823
143.296000	0.276823
143.360000	0.276823
143.424000	0.276823
143.488000	0.276823
143.552000	0.276823
143.616000	0.276823
143.680000	0.276823
143.744000	0.276823
143.808000	0.276823
143.872000	0.276823
143.936000	0.276823
144.000000	0.276823
144.064000	0.276823
144.128000	0.276823
144.192000	0.276823
144.256000	0.276823
144.320000	0.330522
144.384000	0.330522
144.448000	0.330522
144.512000	0.330522
144.576000	0.330522
144.640000	0.330522
144.704000	0.330522
144.768000	0.330522
144.832000	0.330522
144.896000	0.330522
144.960000	0.330522
145.024000	0.330522
145.088000	0.330522
145.152000	0.330522
145.216000	0.330522
145.280000	0.330522
145.344000	0.330522
145.408000	0.330522
145.472000	0.330522
145.536000	0.330522
145.600000	0.330522
145.664000	0.330522
145.728000	0.330522
145.792000	0.330522
145.856000	0.330522
145.920000	0.330522
145.984000	0.432285
146.048000	0.432285
146.112000	0.432285
146.176000	0.432285
146.240000	0.432285
146.304000	0.432285
146.368000	0.432285
146.432000	0.432285
146.496000	0.432285
146.560000	0.432285
146.624000	0.432285
146.688000	0.432285
146.752000	0.432285
146.816000	0.432285
146.880000	0.432285
146.944000	0.432285
147.008000	0.432285
147.072000	0.432285
147.136000	0.432285
147.200000	0.432285
147.264000	0.432285
147.328000	0.432285
147.392000	0.432285
147.456000	0.432285
147.520000	0.432285
147.584000	0.432285
147.648000	0.432285
147.712000	0.432285
147.776000	0.432285
147.840000	0.432285
147.904000	0.432285
147.968000	0.432285
148.032000	0.432285
148.096000	0.432285
148.160000	0.432285
148.224000	0.432285
148.288000	0.432285
148.352000	0.432285
148.416000	0.432285
148.480000	0.432285
148.544000	0.432285
148.608000	0.432285
148.672000	0.432285
148.736000	0.432285
148.800000	0.432285
148.864000	0.432285
148.928000	0.432285
148.992000	0.432285
149.056000	0.432285
149.120000	0.432285
149.184000	0.432285
149.248000	0.432285
149.312000	0.432285
149.376000	0.432285
149.440000	0.432285
149.504000	0.432285
149.568000	0.432285
149.632000	0.432285
149.696000	0.432285
149.760000	0.432285
149.824000	0.432285
149.888000	0.432285
149.952000	0.432285
150.016000	0.432285
150.080000	0.432285
150.144000	0.432285
150.208000	0.432285
150.272000	0.432285
150.336000	0.432285
150.400000	0.432285
150.464000	0.432285
150.528000	0.432285
150.592000	0.432285
150.656000	0.432285
150.720000	0.432285
150.784000	0.432285
150.848000	0.432285
150.912000	0.432285
150.976000	0.432285
151.040000	0.474155
151.104000	0.474155
151.168000	0.474155
151.232000	0.474155
151.296000	0.474155
151.360000	0.474155
151.424000	0.474155
151.488000	0.474155
151.552000	0.474155
151.616000	0.474155
151.680000	0.474155
151.744000	0.474155
151.808000	0.474155
151.872000	0.474155
151.936000	0.474155
152.000000	0.474155
152.064000	0.474155
152.128000	0.474155
152.192000	0.474155
152.256000	0.474155
152.320000	0.474155
152.384000	0.474155
152.448000	0.474155
152.512000	0.474155
152.576000	0.474155
152.640000	0.474155
152.704000	0.474155
152.768000	0.474155
152.832000	0.474155
152.896000	0.474155
152.960000	0.474155
153.024000	0.435585
153.088000	0.435585
153.152000	0.435585
153.216000	0.435585
153.280000	0.435585
153.344000	0.435585
153.408000	0.435585
153.472000	0.435585
153.536000	0.435585
153.600000	0.435585
153.664000	0.435585
153.728000	0.435585
153.792000	0.435585
153.856000	0.435585
153.920000	0.435585
153.984000	0.435585
154.048000	0.435585
154.112000	0.435585
154.176000	0.367675
154.240000	0.367675
154.304000	0.367675
154.368000	0.367675
154.432000	0.367675
154.496000	0.367675
154.560000	0.367675
154.624000	0.367675
154.688000	0.367675
154.752000	0.367675
154.816000	0.367675
154.880000	0.367675
154.944000	0.367675
155.008000	0.367675
155.072000	0.367675
155.136000	0.367675
155.200000	0.367675
155.264000	0.367675
155.328000	0.367675
155.392000	0.367675
155.456000	0.367675
155.520000	0.367675
155.584000	0.367675
155.648000	0.367675
155.712000	0.367675
155.776000	0.367675
155.840000	0.367675
155.904000	0.367675
155.968000	0.367675
156.032000	0.272616
156.096000	0.272616
156.160000	0.272616
156.224000	0.272616
156.288000	0.272616
156.352000	0.272616
156.416000	0.272616
156.480000	0.272616
156.544000	0.272616
156.608000	0.272616
156.672000	0.272616
156.736000	0.272616
156.800000	0.272616
156.864000	0.272616
156.928000	0.272616
156.992000	0.272616
157.056000	0.272616
157.120000	0.272616
157.184000	0.272616
157.248000	0.272616
157.312000	0.272616
157.376000	0.272616
157.440000	0.272616
157.504000	0.272616
157.568000	0.272616
157.632000	0.272616
157.696000	0.272616
157.760000	0.272616
157.824000	0.272616
157.888000	0.272616
157.952000	0.272616
158.016000	0.272616
158.080000	0.272616
158.144000	0.272616
158.208000	0.272616
158.272000	0.272616
158.336000	0.272616
158.400000	0.272616
158.464000	0.272616
158.528000	0.272616
158.592000	0.272616
158.656000	0.272616
158.720000	0.272616
158.784000	0.272616
158.848000	0.272616
158.912000	0.272616
158.976000	0.272616
159.040000	0.272616
159.104000	0.272616
159.168000	0.272616
159.232000	0.272616
159.296000	0.272616
159.360000	0.272616
159.424000	0.272616
159.488000	0.272616
159.552000	0.272616
159.616000	0.272616
159.680000	0.272616
159.744000	0.272616
159.808000	0.272616
159.872000	0.272616
159.936000	0.272616
160.000000	0.272616
160.064000	0.272616
160.128000	0.272616
160.192000	0.272616
160.256000	0.272616
160.320000	0.272616
160.384000	0.272616
160.448000	0.272616
160.512000	0.272616
160.576000	0.272616
160.640000	0.272616
160.704000	0.272616
160.768000	0.272616
160.832000	0.272616
160.896000	0.272616
160.960000	0.272616
161.024000	0.272616
161.088000	0.272616
161.152000	0.272616
161.216000	0.272616
161.280000	0.272616
161.344000	0.272616
161.408000	0.272616
161.472000	0.272616
161.536000	0.272616
161.600000	0.272616
161.664000	0.272616
161.728000	0.272616
161.792000	0.272616
161.856000	0.272616
161.920000	0.272616
161.984000	0.272616
162.048000	0.272616
162.112000	0.272616
162.176000	0.272616
162.240000	0.272616
162.304000	0.272616
162.368000	0.272616
162.432000	0.341724
162.496000	0.341724
162.560000	0.341724
162.624000	0.341724
162.688000	0.341724
162.752000	0.255053
162.816000	0.255053
162.880000	0.255053
162.944000	0.255053
163.008000	0.255053
163.072000	0.255053
163.136000	0.255053
163.200000	0.255053
163.264000	0.255053
163.328000	0.255053
163.392000	0.255053
163.456000	0.255053
163.520000	0.255053
163.584000	0.255053
163.648000	0.255053
163.712000	0.255053
163.776000	0.255053
163.840000	0.255053
163.904000	0.255053
163.968000	0.255053
164.032000	0.255053
164.096000	0.255053
164.160000	0.255053
164.224000	0.255053
164.288000	0.255053
164.352000	0.255053
164.416000	0.255053
164.480000	0.255053
164.544000	0.255053
164.608000	0.255053
164.672000	0.255053
164.736000	0.255053
164.800000	0.255053
164.864000	0.255053
164.928000	0.255053
164.992000	0.255053
165.056000	0.255053
165.120000	0.255053
165.184000	0.255053
165.248000	0.255053
165.312000	0.255053
165.376000	0.255053
165.440000	0.255053
165.504000	0.255053
165.568000	0.255053
165.632000	0.255053
165.696000	0.255053
165.760000	0.255053
165.824000	0.255053
165.888000	0.255053
165.952000	0.255053
166.016000	0.255053
166.080000	0.255053
166.144000	0.255053
166.208000	0.255053
166.272000	0.255053
166.336000	0.255053
166.400000	0.255053
166.464000	0.255053
166.528000	0.255053
166.592000	0.255053
166.656000	0.255053
166.720000	0.255053
166.784000	0.255053
166.848000	0.255053
166.912000	0.255053
166.976000	0.255053
167.040000	0.255053
167.104000	0.255053
167.168000	0.255053
167.232000	0.255053
167.296000	0.255053
167.360000	0.255053
167.424000	0.255053
167.488000	0.255053
167.552000	0.255053
167.616000	0.255053
167.680000	0.255053
167.744000	0.255053
167.808000	0.255053
167.872000	0.255053
167.936000	0.255053
168.000000	0.255053
168.064000	0.255053
168.128000	0.255053
168.192000	0.255053
168.256000	0.255053
168.320000	0.255053
168.384000	0.255053
168.448000	0.255053
168.512000	0.255053
168.576000	0.255053
168.640000	0.255053
168.704000	0.255053
168.768000	0.255053
168.832000	0.255053
168.896000	0.255053
168.960000	0.255053
169.024000	0.255053
169.088000	0.255053
169.152000	0.298186
169.216000	0.298186
169.280000	0.298186
169.344000	0.298186
169.408000	0.298186
169.472000	0.298186
169.536000	0.298186
169.600000	0.298186
169.664000	0.298186
169.728000	0.298186
169.792000	0.298186
169.856000	0.298186
169.920000	0.298186
169.984000	0.298186
170.048000	0.298186
170.112000	0.298186
170.176000	0.298186
170.240000	0.298186
170.304000	0.298186
170.368000	0.298186
170.432000	0.298186
170.496000	0.298186
170.560000	0.298186
170.624000	0.298186
170.688000	0.298186
170.752000	0.298186
170.816000	0.298186
170.880000	0.298186
170.944000	0.298186
171.008000	0.298186
171.072000	0.298186
171.136000	0.298186
171.200000	0.298186
171.264000	0.298186
171.328000	0.298186
171.392000	0.298186
171.456000	0.295025
171.520000	0.295025
171.584000	0.295025
171.648000	0.295025
171.712000	0.295025
171.776000	0.295025
171.840000	0.295025
171.904000	0.295025
171.968000	0.295025
172.032000	0.295025
172.096000	0.295025
172.160000	0.295025
172.224000	0.295025
172.288000	0.295025
172.352000	0.295025
172.416000	0.295025
172.480000	0.295025
172.544000	0.295025
172.608000	0.295025
172.672000	0.295025
172.736000	0.295025
172.800000	0.295025
172.864000	0.295025
172.928000	0.295025
172.992000	0.295025
173.056000	0.295025
173.120000	0.295025
173.184000	0.295025
173.248000	0.295025
173.312000	0.295025
173.376000	0.295025
173.440000	0.295025
173.504000	0.295025
173.568000	0.295025
173.632000	0.295025
173.696000	0.295025
173.760000	0.295025
173.824000	0.295025
173.888000	0.295025
173.952000	0.295025
174.016000	0.295025
174.080000	0.295025
174.144000	0.289755
174.208000	0.207361
174.272000	0.207361
174.336000	0.207361
174.400000	0.207361
174.464000	0.207361
174.528000	0.207361
174.592000	0.207361
174.656000	0.207361
174.720000	0.207361
174.784000	0.207361
174.848000	0.207361
174.912000	0.207361
174.976000	0.207361
175.040000	0.205484
175.104000	0.205484
175.168000	0.205484
175.232000	0.205484
175.296000	0.205484
175.360000	0.205484
175.424000	0.205484
175.488000	0.205484
175.552000	0.205484
175.616000	0.205484
175.680000	0.205484
175.744000	0.205484
175.808000	0.205484
175.872000	0.205484
175.936000	0.205484
176.000000	0.205484
176.064000	0.205484
176.128000	0.205484
176.192000	0.205484
176.256000	0.205484
176.320000	0.205484
176.384000	0.205484
176.448000	0.205484
176.512000	0.205484
176.576000	0.205484
176.640000	0.205484
176.704000	0.205484
176.768000	0.205484
176.832000	0.205484
176.896000	0.205484
176.960000	0.205484
177.024000	0.205484
177.088000	0.205484
177.152000	0.205484
177.216000	0.205484
177.280000	0.205484
177.344000	0.205484
177.408000	0.205484
177.472000	0.205484
177.536000	0.205484
177.600000	0.205484
177.664000	0.205484
177.728000	0.205484
177.792000	0.205484
177.856000	0.205484
177.920000	0.205484
177.984000	0.205484
178.048000	0.205484
178.112000	0.205484
178.176000	0.205484
178.240000	0.205484
178.304000	0.205484
178.368000	0.205484
178.432000	0.205484
178.496000	0.205484
178.560000	0.205484
178.624000	0.205484
178.688000	0.205484
178.752000	0.205484
178.816000	0.205484
178.880000	0.205484
178.944000	0.205484
179.008000	0.205484
179.072000	0.205484
179.136000	0.205484
179.200000	0.205484
179.264000	0.205484
179.328000	0.205484
179.392000	0.205484
179.456000	0.205484
179.520000	0.205484
179.584000	0.205484
179.648000	0.205484
179.712000	0.205484
179.776000	0.205484
179.840000	0.205484
179.904000	0.205484
179.968000	0.205484
180.032000	0.205484
180.096000	0.205484
180.160000	0.205484
180.224000	0.205484
180.288000	0.205484
180.352000	0.205484
180.416000	0.205484
180.480000	0.205484
180.544000	0.205484
180.608000	0.205484
180.672000	0.205484
180.736000	0.205484
180.800000	0.205484
180.864000	0.205484
180.928000	0.205484
180.992000	0.205484
181.056000	0.205484
181.120000	0.205484
181.184000	0.205484
181.248000	0.205484
181.312000	0.205484
181.376000	0.205484
181.440000	0.216418
181.504000	0.216418
181.568000	0.216418
181.632000	0.252399
181.696000	0.252399
181.760000	0.252399
181.824000	0.252399
181.888000	0.252399
181.952000	0.252399
182.016000	0.252399
182.080000	0.252399
182.144000	0.252399
182.208000	0.252399
182.272000	0.252399
182.336000	0.252399
182.400000	0.252399
182.464000	0.252399
182.528000	0.252399
182.592000	0.252399
182.656000	0.252399
182.720000	0.252399
182.784000	0.252399
182.848000	0.252399
182.912000	0.252399
182.976000	0.252399
183.040000	0.252399
183.104000	0.252399
183.168000	0.252399
183.232000	0.252399
183.296000	0.252399
183.360000	0.252399
183.424000	0.252399
183.488000	0.252399
183.552000	0.252399
183.616000	0.252399
183.680000	0.252399
183.744000	0.252399
183.808000	0.252399
183.872000	0.252399
183.936000	0.252399
184.000000	0.252399
184.064000	0.252399
184.128000	0.252399
184.192000	0.252399
184.256000	0.252399
184.320000	0.294318
184.384000	0.294318
184.448000	0.294318
184.512000	0.294318
184.576000	0.294318
184.640000	0.294318
184.704000	0.219602
184.768000	0.219602
184.832000	0.219602
184.896000	0.219602
184.960000	0.219602
185.024000	0.219602
185.088000	0.219602
185.152000	0.219602
185.216000	0.219602
185.280000	0.219602
185.344000	0.219602
185.408000	0.219602
185.472000	0.219602
185.536000	0.219602
185.600000	0.219602
185.664000	0.219602
185.728000	0.219602
185.792000	0.219602
185.856000	0.219602
185.920000	0.219602
185.984000	0.219602
186.048000	0.219602
186.112000	0.219602
186.176000	0.219602
186.240000	0.219602
186.304000	0.219602
186.368000	0.219602
186.432000	0.219602
186.496000	0.219602
186.560000	0.219602
186.624000	0.219602
186.688000	0.219602
186.752000	0.219602
186.816000	0.219602
186.880000	0.219602
186.944000	0.219602
187.008000	0.219602
187.072000	0.219602
187.136000	0.219602
187.200000	0.219602
187.264000	0.219602
187.328000	0.219602
187.392000	0.219602
187.456000	0.219602
187.520000	0.219602
187.584000	0.219602
187.648000	0.219602
187.712000	0.219602
187.776000	0.219602
187.840000	0.219602
187.904000	0.219602
187.968000	0.219602
188.032000	0.219602
188.096000	0.219602
188.160000	0.219602
188.224000	0.219602
188.288000	0.219602
188.352000	0.219602
188.416000	0.219602
188.480000	0.219602
188.544000	0.219602
188.608000	0.219602
188.672000	0.219602
188.736000	0.219602
188.800000	0.219602
188.864000	0.219602
188.928000	0.219602
188.992000	0.219602
189.056000	0.219602
189.120000	0.219602
189.184000	0.219602
189.248000	0.219602
189.312000	0.219602
189.376000	0.219602
189.440000	0.219602
189.504000	0.219602
189.568000	0.219602
189.632000	0.219602
189.696000	0.219602
189.760000	0.219602
189.824000	0.219602
189.888000	0.219602
189.952000	0.219602
190.016000	0.219602
190.080000	0.219602
190.144000	0.219602
190.208000	0.219602
190.272000	0.219602
190.336000	0.219602
190.400000	0.219602
190.464000	0.219602
190.528000	0.219602
190.592000	0.219602
190.656000	0.219602
190.720000	0.219602
190.784000	0.219602
190.848000	0.219602
190.912000	0.219602
190.976000	0.219602
191.040000	0.219602
191.104000	0.238150
191.168000	0.238150
191.232000	0.238150
191.296000	0.238150
191.360000	0.238150
191.424000	0.238150
191.488000	0.238150
191.552000	0.238150
191.616000	0.238150
191.680000	0.238150
191.744000	0.238150
191.808000	0.238150
191.872000	0.238150
191.936000	0.238150
192.000000	0.238150
192.064000	0.238150
192.128000	0.238150
192.192000	0.238150
192.256000	0.238150
192.320000	0.238150
192.384000	0.238150
192.448000	0.238150
192.512000	0.238150
192.576000	0.238150
192.640000	0.238150
192.704000	0.238150
192.768000	0.238150
192.832000	0.238150
192.896000	0.238150
192.960000	0.238150
193.024000	0.238150
193.088000	0.238150
193.152000	0.238150
193.216000	0.238150
193.280000	0.238150
193.344000	0.238150
193.408000	0.238150
193.472000	0.229511
193.536000	0.140046
193.600000	0.140046
193.664000	0.140046
193.728000	0.140046
193.792000	0.140046
193.856000	0.140046
193.920000	0.140046
193.984000	0.140046
194.048000	0.140046
194.112000	0.140046
194.176000	0.140046
194.240000	0.140046
194.304000	0.140046
194.368000	0.140046
194.432000	0.140046
194.496000	0.140046
194.560000	0.140046
194.624000	0.140046
194.688000	0.140046
194.752000	0.140046
194.816000	0.140046
194.880000	0.140046
194.944000	0.140046
195.008000	0.140046
195.072000	0.140046
195.136000	0.140046
195.200000	0.140046
195.264000	0.140046
195.328000	0.140046
195.392000	0.140046
195.456000	0.140046
195.520000	0.140046
195.584000	0.140046
195.648000	0.140046
195.712000	0.140046
195.776000	0.140046
195.840000	0.140046
195.904000	0.140046
195.968000	0.140046
196.032000	0.140046
196.096000	0.140046
196.160000	0.140046
196.224000	0.140046
196.288000	0.140046
196.352000	0.140046
196.416000	0.140046
196.480000	0.140046
196.544000	0.140046
196.608000	0.140046
196.672000	0.140046
196.736000	0.140046
196.800000	0.140046
196.864000	0.140046
196.928000	0.140046
196.992000	0.140046
197.056000	0.140046
197.120000	0.140046
197.184000	0.140046
197.248000	0.140046
197.312000	0.140046
197.376000	0.140046
197.440000	0.140046
197.504000	0.140046
197.568000	0.140046
197.632000	0.140046
197.696000	0.140046
197.760000	0.140046
197.824000	0.140046
197.888000	0.140046
197.952000	0.140046
198.016000	0.140046
198.080000	0.140046
198.144000	0.140046
198.208000	0.140046
198.272000	0.140046
198.336000	0.140046
198.400000	0.140046
198.464000	0.140046
198.528000	0.140046
198.592000	0.140046
198.656000	0.140046
198.720000	0.140046
198.784000	0.140046
198.848000	0.140046
198.912000	0.140046
198.976000	0.140046
199.040000	0.140046
199.104000	0.140046
199.168000	0.140046
199.232000	0.140046
199.296000	0.140046
199.360000	0.140046
199.424000	0.140046
199.488000	0.140046
199.552000	0.140046
199.616000	0.140046
199.680000	0.140046
199.744000	0.140046
199.808000	0.140046
199.872000	0.140046
199.936000	0.163568
200.000000	0.163568
200.064000	0.163568
200.128000	0.163568
200.192000	0.163568
200.256000	0.163568
200.320000	0.163568
200.384000	0.150687
200.448000	0.150687
200.512000	0.150687
200.576000	0.150687
200.640000	0.150687
200.704000	0.150687
200.768000	0.150687
200.832000	0.150687
200.896000	0.150687
200.960000	0.150687
201.024000	0.150687
201.088000	0.150687
201.152000	0.150687
201.216000	0.150687
201.280000	0.150687
201.344000	0.150687
201.408000	0.150687
201.472000	0.150687
201.536000	0.150687
201.600000	0.150687
201.664000	0.150687
201.728000	0.150687
201.792000	0.150687
201.856000	0.150687
201.920000	0.150687
201.984000	0.150687
202.048000	0.150687
202.112000	0.150687
202.176000	0.150687
202.240000	0.150687
202.304000	0.150687
202.368000	0.150687
202.432000	0.150687
202.496000	0.150687
202.560000	0.150687
202.624000	0.150687
202.688000	0.150687
202.752000	0.150687
202.816000	0.150687
202.880000	0.150687
202.944000	0.150687
203.008000	0.150687
203.072000	0.150687
203.136000	0.150687
203.200000	0.150687
203.264000	0.150687
203.328000	0.150687
203.392000	0.150687
203.456000	0.150687
203.520000	0.150687
203.584000	0.150687
203.648000	0.150687
203.712000	0.150687
203.776000	0.150687
203.840000	0.150687
203.904000	0.150687
203.968000	0.150687
204.032000	0.150687
204.096000	0.150687
204.160000	0.150687
204.224000	0.150687
204.288000	0.150687
204.352000	0.150687
204.416000	0.150687
204.480000	0.150687
204.544000	0.150687
204.608000	0.150687
204.672000	0.150687
204.736000	0.150687
204.800000	0.150687
204.864000	0.150687
204.928000	0.150687
204.992000	0.150687
205.056000	0.150687
205.120000	0.150687
205.184000	0.150687
205.248000	0.150687
205.312000	0.150687
205.376000	0.150687
205.440000	0.150687
205.504000	0.150687
205.568000	0.150687
205.632000	0.150687
205.696000	0.150687
205.760000	0.150687
205.824000	0.150687
205.888000	0.150687
205.952000	0.150687
206.016000	0.150687
206.080000	0.150687
206.144000	0.150687
206.208000	0.150687
206.272000	0.150687
206.336000	0.150687
206.400000	0.150687
206.464000	0.150687
206.528000	0.150687
206.592000	0.150687
206.656000	0.150687
206.720000	0.150687
206.784000	0.175850
206.848000	0.175850
206.912000	0.175850
206.976000	0.175850
207.040000	0.175850
207.104000	0.175850
207.168000	0.175850
207.232000	0.175850
207.296000	0.175850
207.360000	0.175850
207.424000	0.175850
207.488000	0.175850
207.552000	0.175850
207.616000	0.175850
207.680000	0.175850
207.744000	0.175850
207.808000	0.175850
207.872000	0.175850
207.936000	0.175850
208.000000	0.175850
208.064000	0.175850
208.128000	0.175850
208.192000	0.175850
208.256000	0.175850
208.320000	0.187935
208.384000	0.187935
208.448000	0.187935
208.512000	0.187935
208.576000	0.187935
208.640000	0.187935
208.704000	0.187935
208.768000	0.187935
208.832000	0.187935
208.896000	0.187935
208.960000	0.187935
209.024000	0.187935
209.088000	0.187935
209.152000	0.187935
209.216000	0.187935
209.280000	0.187935
209.344000	0.187935
209.408000	0.193105
209.472000	0.193105
209.536000	0.193105
209.600000	0.193105
209.664000	0.193105
209.728000	0.193105
209.792000	0.193105
209.856000	0.193105
209.920000	0.193105
209.984000	0.193105
210.048000	0.193105
210.112000	0.193105
210.176000	0.193105
210.240000	0.193105
210.304000	0.193105
210.368000	0.193105
210.432000	0.193105
210.496000	0.193105
210.560000	0.193105
210.624000	0.193105
210.688000	0.193105
210.752000	0.193105
210.816000	0.193105
210.880000	0.193105
210.944000	0.193105
211.008000	0.193105
211.072000	0.193105
211.136000	0.193105
211.200000	0.193105
211.264000	0.193105
211.328000	0.193105
211.392000	0.193105
211.456000	0.193105
211.520000	0.193105
211.584000	0.193105
211.648000	0.193105
211.712000	0.193105
211.776000	0.193105
211.840000	0.193105
211.904000	0.193105
211.968000	0.193105
212.032000	0.193105
212.096000	0.181725
212.160000	0.181725
212.224000	0.181725
212.288000	0.181725
212.352000	0.181725
212.416000	0.181725
212.480000	0.181725
212.544000	0.181725
212.608000	0.181725
212.672000	0.181725
212.736000	0.181725
212.800000	0.181725
212.864000	0.181725
212.928000	0.181725
212.992000	0.181725
213.056000	0.181725
213.120000	0.181725
213.184000	0.181725
213.248000	0.181725
213.312000	0.181725
213.376000	0.181725
213.440000	0.181725
213.504000	0.181725
213.568000	0.181725
213.632000	0.181725
213.696000	0.181725
213.760000	0.181725
213.824000	0.181725
213.888000	0.181725
213.952000	0.181725
214.016000	0.181725
214.080000	0.181725
214.144000	0.181725
214.208000	0.181725
214.272000	0.181725
214.336000	0.181725
214.400000	0.181725
214.464000	0.181725
214.528000	0.181725
214.592000	0.181725
214.656000	0.181725
214.720000	0.181725
214.784000	0.181725
214.848000	0.181725
214.912000	0.181725
214.976000	0.181725
215.040000	0.181725
215.104000	0.181725
215.168000	0.181725
215.232000	0.181725
215.296000	0.181725
215.360000	0.181725
215.424000	0.181725
215.488000	0.181725
215.552000	0.181725
215.616000	0.181725
215.680000	0.181725
215.744000	0.181725
215.808000	0.180826
215.872000	0.180826
215.936000	0.180826
216.000000	0.180826
216.064000	0.180826
216.128000	0.180826
216.192000	0.180826
216.256000	0.180826
216.320000	0.180826
216.384000	0.180826
216.448000	0.180826
216.512000	0.180826
216.576000	0.180826
216.640000	0.180826
216.704000	0.180826
216.768000	0.180826
216.832000	0.180826
216.896000	0.180826
216.960000	0.180826
217.024000	0.180826
217.088000	0.180826
217.152000	0.180826
217.216000	0.180826
217.280000	0.180826
217.344000	0.180826
217.408000	0.180826
217.472000	0.180826
217.536000	0.180826
217.600000	0.180826
217.664000	0.180826
217.728000	0.180826
217.792000	0.180826
217.856000	0.180826
217.920000	0.180826
217.984000	0.180826
218.048000	0.180826
218.112000	0.180826
218.176000	0.180826
218.240000	0.180826
218.304000	0.180826
218.368000	0.180826
218.432000	0.180826
218.496000	0.180826
218.560000	0.180826
218.624000	0.180826
218.688000	0.180826
218.752000	0.180826
218.816000	0.180826
218.880000	0.150645
218.944000	0.150645
219.008000	0.150645
219.072000	0.150645
219.136000	0.150645
219.200000	0.150645
219.264000	0.150645
219.328000	0.150645
219.392000	0.150645
219.456000	0.150645
219.520000	0.150645
219.584000	0.150645
219.648000	0.150645
219.712000	0.150645
219.776000	0.150645
219.840000	0.150645
219.904000	0.150645
219.968000	0.150645
220.032000	0.150645
220.096000	0.150645
220.160000	0.150645
220.224000	0.150645
220.288000	0.150645
220.352000	0.150645
220.416000	0.150645
220.480000	0.150645
220.544000	0.150645
220.608000	0.150645
220.672000	0.150645
220.736000	0.150645
220.800000	0.150645
220.864000	0.150645
220.928000	0.150645
220.992000	0.150645
221.056000	0.150645
221.120000	0.150645
221.184000	0.150645
221.248000	0.150645
221.312000	0.150645
221.376000	0.150645
221.440000	0.150645
221.504000	0.150645
221.568000	0.150645
221.632000	0.150645
221.696000	0.150645
221.760000	0.150645
221.824000	0.150645
221.888000	0.150645
221.952000	0.150645
222.016000	0.150645
222.080000	0.150645
222.144000	0.150645
222.208000	0.150645
222.272000	0.150645
222.336000	0.150645
222.400000	0.150645
222.464000	0.150645
222.528000	0.150645
222.592000	0.150645
222.656000	0.150645
222.720000	0.150645
222.784000	0.150645
222.848000	0.150645
222.912000	0.150645
222.976000	0.150645
223.040000	0.150645
223.104000	0.150645
223.168000	0.150645
223.232000	0.150645
223.296000	0.150645
223.360000	0.150645
223.424000	0.150645
223.488000	0.150645
223.552000	0.150645
223.616000	0.150645
223.680000	0.150645
223.744000	0.150645
223.808000	0.150645
223.872000	0.150645
223.936000	0.150645
224.000000	0.150645
224.064000	0.150645
224.128000	0.150645
224.192000	0.150645
224.256000	0.150645
224.320000	0.150645
224.384000	0.150645
224.448000	0.150645
224.512000	0.150645
224.576000	0.150645
224.640000	0.150645
224.704000	0.150645
224.768000	0.150645
224.832000	0.150645
224.896000	0.150645
224.960000	0.150645
225.024000	0.150645
225.088000	0.150645
225.152000	0.150645
225.216000	0.150645
225.280000	0.186592
225.344000	0.186592
225.408000	0.186592
225.472000	0.186592
225.536000	0.186592
225.600000	0.186592
225.664000	0.186592
225.728000	0.186592
225.792000	0.186592
225.856000	0.186592
225.920000	0.186592
225.984000	0.186592
226.048000	0.186592
226.112000	0.186592
226.176000	0.186592
226.240000	0.186592
226.304000	0.186592
226.368000	0.186592
226.432000	0.147349
226.496000	0.147349
226.560000	0.147349
226.624000	0.147349
226.688000	0.147349
226.752000	0.147349
226.816000	0.147349
226.880000	0.147349
226.944000	0.147349
227.008000	0.147349
227.072000	0.147349
227.136000	0.147349
227.200000	0.147349
227.264000	0.147349
227.328000	0.147349
227.392000	0.147349
227.456000	0.147349
227.520000	0.147349
227.584000	0.147349
227.648000	0.147349
227.712000	0.147349
227.776000	0.147349
227.840000	0.147349
227.904000	0.147349
227.968000	0.147349
228.032000	0.147349
228.096000	0.147349
228.160000	0.147349
228.224000	0.147349
228.288000	0.147349
228.352000	0.147349
228.416000	0.147349
228.480000	0.147349
228.544000	0.147349
228.608000	0.147349
228.672000	0.147349
228.736000	0.147349
228.800000	0.147349
228.864000	0.147349
228.928000	0.147349
228.992000	0.147349
229.056000	0.147349
229.120000	0.147349
229.184000	0.147349
229.248000	0.147349
229.312000	0.147349
229.376000	0.147349
229.440000	0.147349
229.504000	0.147349
229.568000	0.147349
229.632000	0.147349
229.696000	0.147349
229.760000	0.147349
229.824000	0.147349
229.888000	0.147349
229.952000	0.100538
230.016000	0.100538
230.080000	0.100538
230.144000	0.100538
230.208000	0.100538
230.272000	0.100538
230.336000	0.100538
230.400000	0.100538
230.464000	0.100538
230.528000	0.100538
230.592000	0.100538
230.656000	0.100538
230.720000	0.100538
230.784000	0.100538
230.848000	0.100538
230.912000	0.100538
230.976000	0.100538
231.040000	0.100538
231.104000	0.100538
231.168000	0.100538
231.232000	0.100538
231.296000	0.100538
231.360000	0.100538
231.424000	0.100538
231.488000	0.100538
231.552000	0.100538
231.616000	0.100538
231.680000	0.100538
231.744000	0.100538
231.808000	0.100538
231.872000	0.100538
231.936000	0.100538
232.000000	0.100538
232.064000	0.100538
232.128000	0.100538
232.192000	0.100538
232.256000	0.100538
232.320000	0.100538
232.384000	0.100538
232.448000	0.100538
232.512000	0.100538
232.576000	0.100538
232.640000	0.100538
232.704000	0.100538
232.768000	0.100538
232.832000	0.100538
232.896000	0.100538
232.960000	0.100538
233.024000	0.100538
233.088000	0.100538
233.152000	0.100538
233.216000	0.100538
233.280000	0.100538
233.344000	0.100538
233.408000	0.100538
233.472000	0.100538
233.536000	0.100538
233.600000	0.100538
233.664000	0.100538
233.728000	0.100538
233.792000	0.100538
233.856000	0.100538
233.920000	0.100538
233.984000	0.100538
234.048000	0.100538
234.112000	0.100538
234.176000	0.100538
234.240000	0.100538
234.304000	0.100538
234.368000	0.100538
234.432000	0.100538
234.496000	0.100538
234.560000	0.100538
234.624000	0.100538
234.688000	0.100538
234.752000	0.100538
234.816000	0.100538
234.880000	0.100538
234.944000	0.100538
235.008000	0.100538
235.072000	0.100538
235.136000	0.100538
235.200000	0.100538
235.264000	0.100538
235.328000	0.100538
235.392000	0.100538
235.456000	0.100538
235.520000	0.100538
235.584000	0.100538
235.648000	0.100538
235.712000	0.100538
235.776000	0.100538
235.840000	0.100538
235.904000	0.100538
235.968000	0.100538
236.032000	0.100538
236.096000	0.100538
236.160000	0.100538
236.224000	0.100538
236.288000	0.100538
236.352000	0.219664
236.416000	0.219664
236.480000	0.208757
236.544000	0.208757
236.608000	0.208757
236.672000	0.208757
236.736000	0.208757
236.800000	0.208757
236.864000	0.208757
236.928000	0.208757
236.992000	0.208757
237.056000	0.208757
237.120000	0.208757
237.184000	0.208757
237.248000	0.208757
237.312000	0.208757
237.376000	0.208757
237.440000	0.208757
237.504000	0.208757
237.568000	0.208757
237.632000	0.208757
237.696000	0.208757
237.760000	0.208757
237.824000	0.208757
237.888000	0.208757
237.952000	0.208757
238.016000	0.208757
238.080000	0.208757
238.144000	0.208757
238.208000	0.208757
238.272000	0.208757
238.336000	0.208757
238.400000	0.208757
238.464000	0.208757
238.528000	0.208757
238.592000	0.208757
238.656000	0.208757
238.720000	0.208757
238.784000	0.208757
238.848000	0.208757
238.912000	0.208757
238.976000	0.208757
239.040000	0.208757
239.104000	0.208757
239.168000	0.208757
239.232000	0.208757
239.296000	0.208757
239.360000	0.208757
239.424000	0.208757
239.488000	0.208757
239.552000	0.208757
239.616000	0.208757
239.680000	0.208757
239.744000	0.208757
239.808000	0.208757
239.872000	0.208757
239.936000	0.208757
240.000000	0.208757
240.064000	0.208757
240.128000	0.208757
240.192000	0.208757
240.256000	0.208757
240.320000	0.208757
240.384000	0.208757
240.448000	0.208757
240.512000	0.208757
240.576000	0.208757
240.640000	0.208757
240.704000	0.208757
240.768000	0.208757
240.832000	0.208757
240.896000	0.208757
240.960000	0.208757
241.024000	0.208757
241.088000	0.208757
241.152000	0.208757
241.216000	0.208757
241.280000	0.208757
241.344000	0.208757
241.408000	0.208757
241.472000	0.208757
241.536000	0.208757
241.600000	0.208757
241.664000	0.208757
241.728000	0.208757
241.792000	0.208757
241.856000	0.208757
241.920000	0.208757
241.984000	0.208757
242.048000	0.208757
242.112000	0.208757
242.176000	0.208757
242.240000	0.208757
242.304000	0.208757
242.368000	0.208757
242.432000	0.208757
242.496000	0.208757
242.560000	0.208757
242.624000	0.208757
242.688000	0.208757
242.752000	0.208757
242.816000	0.208757
242.880000	0.350588
242.944000	0.350588
243.008000	0.350588
243.072000	0.350588
243.136000	0.350588
243.200000	0.350588
243.264000	0.350588
243.328000	0.350588
243.392000	0.350588
243.456000	0.350588
243.520000	0.350588
243.584000	0.350588
243.648000	0.350588
243.712000	0.350588
243.776000	0.365853
243.840000	0.365853
243.904000	0.365853
243.968000	0.365853
244.032000	0.365853
244.096000	0.365853
244.160000	0.365853
244.224000	0.365853
244.288000	0.365853
244.352000	0.365853
244.416000	0.365853
244.480000	0.365853
244.544000	0.365853
244.608000	0.365853
244.672000	0.365853
244.736000	0.365853
244.800000	0.365853
244.864000	0.365853
244.928000	0.365853
244.992000	0.365853
245.056000	0.365853
245.120000	0.365853
245.184000	0.365853
245.248000	0.365853
245.312000	0.365853
245.376000	0.365853
245.440000	0.365853
245.504000	0.365853
245.568000	0.365853
245.632000	0.365853
245.696000	0.365853
245.760000	0.365853
245.824000	0.365853
245.888000	0.365853
245.952000	0.365853
246.016000	0.365853
246.080000	0.365853
246.144000	0.365853
246.208000	0.365853
246.272000	0.365853
246.336000	0.365853
246.400000	0.365853
246.464000	0.365853
246.528000	0.365853
246.592000	0.365853
246.656000	0.365853
246.720000	0.365853
246.784000	0.365853
246.848000	0.365853
246.912000	0.365853
246.976000	0.365853
247.040000	0.365853
247.104000	0.365853
247.168000	0.365853
247.232000	0.365853
247.296000	0.365853
247.360000	0.365853
247.424000	0.365853
247.488000	0.365853
247.552000	0.249989
247.616000	0.236199
247.680000	0.236199
247.744000	0.236199
247.808000	0.236199
247.872000	0.236199
247.936000	0.236199
248.000000	0.236199
248.064000	0.236199
248.128000	0.236199
248.192000	0.236199
248.256000	0.236199
248.320000	0.236199
248.384000	0.236199
248.448000	0.236199
248.512000	0.236199
248.576000	0.236199
248.640000	0.236199
248.704000	0.236199
248.768000	0.236199
248.832000	0.236199
248.896000	0.236199
248.960000	0.236199
249.024000	0.236199
249.088000	0.236199
249.152000	0.236199
249.216000	0.236199
249.280000	0.236199
249.344000	0.236199
249.408000	0.236199
249.472000	0.236199
249.536000	0.236199
249.600000	0.236199
249.664000	0.236199
249.728000	0.236199
249.792000	0.236199
249.856000	0.236199
249.920000	0.236199
249.984000	0.236199
250.048000	0.236199
250.112000	0.236199
250.176000	0.236199
250.240000	0.236199
250.304000	0.236199
250.368000	0.236199
250.432000	0.236199
250.496000	0.236199
250.560000	0.236199
250.624000	0.236199
250.688000	0.236199
250.752000	0.236199
250.816000	0.236199
250.880000	0.236199
250.944000	0.236199
251.008000	0.236199
251.072000	0.236199
251.136000	0.236199
251.200000	0.236199
251.264000	0.236199
251.328000	0.236199
251.392000	0.236199
251.456000	0.236199
251.520000	0.236199
251.584000	0.236199
251.648000	0.236199
251.712000	0.236199
251.776000	0.236199
251.840000	0.236199
251.904000	0.236199
251.968000	0.236199
252.032000	0.236199
252.096000	0.236199
252.160000	0.236199
252.224000	0.236199
252.288000	0.236199
252.352000	0.236199
252.416000	0.236199
252.480000	0.236199
252.544000	0.236199
252.608000	0.236199
252.672000	0.236199
252.736000	0.236199
252.800000	0.236199
252.864000	0.236199
252.928000	0.236199
252.992000	0.236199
253.056000	0.236199
253.120000	0.236199
253.184000	0.236199
253.248000	0.236199
253.312000	0.236199
253.376000	0.236199
253.440000	0.236199
253.504000	0.236199
253.568000	0.236199
253.632000	0.236199
253.696000	0.236199
253.760000	0.236199
253.824000	0.236199
253.888000	0.236199
253.952000	0.236199
254.016000	0.327160
254.080000	0.327160
254.144000	0.327160
254.208000	0.327160
254.272000	0.327160
254.336000	0.327160
254.400000	0.327160
254.464000	0.327160
254.528000	0.327160
254.592000	0.327160
254.656000	0.327160
254.720000	0.327160
254.784000	0.327160
254.848000	0.327160
254.912000	0.327160
254.976000	0.327160
255.040000	0.327160
255.104000	0.327160
255.168000	0.327160
255.232000	0.327160
255.296000	0.327160
255.360000	0.327160
255.424000	0.327160
255.488000	0.327160
255.552000	0.327160
255.616000	0.327160
255.680000	0.327160
255.744000	0.327160
255.808000	0.327160
255.872000	0.327160
255.936000	0.327160
256.000000	0.327160
256.064000	0.327160
256.128000	0.327160
256.192000	0.327160
256.256000	0.327160
256.320000	0.327160
256.384000	0.327160
256.448000	0.327160
256.512000	0.327160
256.576000	0.327160
256.640000	0.327160
256.704000	0.327160
256.768000	0.327160
256.832000	0.327160
256.896000	0.327160
256.960000	0.327160
257.024000	0.327160
257.088000	0.327160
257.152000	0.327160
257.216000	0.327160
257.280000	0.327160
257.344000	0.327160
257.408000	0.291801
257.472000	0.291801
257.536000	0.227283
257.600000	0.227283
257.664000	0.227283
257.728000	0.227283
257.792000	0.227283
257.856000	0.227283
257.920000	0.227283
257.984000	0.227283
258.048000	0.227283
258.112000	0.227283
258.176000	0.227283
258.240000	0.227283
258.304000	0.227283
258.368000	0.227283
258.432000	0.227283
258.496000	0.227283
258.560000	0.227283
258.624000	0.227283
258.688000	0.227283
258.752000	0.227283
258.816000	0.227283
258.880000	0.227283
258.944000	0.227283
259.008000	0.227283
259.072000	0.227283
259.136000	0.227283
259.200000	0.227283
259.264000	0.227283
259.328000	0.227283
259.392000	0.227283
259.456000	0.227283
259.520000	0.227283
259.584000	0.227283
259.648000	0.227283
259.712000	0.227283
259.776000	0.227283
259.840000	0.227283
259.904000	0.227283
259.968000	0.227283
260.032000	0.227283
260.096000	0.227283
260.160000	0.227283
260.224000	0.227283
260.288000	0.227283
260.352000	0.227283
260.416000	0.227283
260.480000	0.227283
260.544000	0.227283
260.608000	0.227283
260.672000	0.227283
260.736000	0.227283
260.800000	0.215041
260.864000	0.215041
260.928000	0.215041
260.992000	0.215041
261.056000	0.215041
261.120000	0.157485
261.184000	0.157485
261.248000	0.157485
261.312000	0.157485
261.376000	0.157485
261.440000	0.157485
261.504000	0.157485
261.568000	0.157485
261.632000	0.157485
261.696000	0.157485
261.760000	0.157485
261.824000	0.157485
261.888000	0.157485
261.952000	0.157485
262.016000	0.157485
262.080000	0.157485
262.144000	0.157485
262.208000	0.157485
262.272000	0.157485
262.336000	0.157485
262.400000	0.157485
262.464000	0.157485
262.528000	0.157485
262.592000	0.157485
262.656000	0.157485
262.720000	0.157485
262.784000	0.157485
262.848000	0.157485
262.912000	0.157485
262.976000	0.157485
263.040000	0.157485
263.104000	0.157485
263.168000	0.157485
263.232000	0.157485
263.296000	0.157485
263.360000	0.157485
263.424000	0.157485
263.488000	0.157485
263.552000	0.157485
263.616000	0.157485
263.680000	0.157485
263.744000	0.157485
263.808000	0.157485
263.872000	0.157485
263.936000	0.157485
264.000000	0.157485
264.064000	0.157485
264.128000	0.157485
264.192000	0.157485
264.256000	0.157485
264.320000	0.157485
264.384000	0.157485
264.448000	0.157485
264.512000	0.157485
264.576000	0.157485
264.640000	0.157485
264.704000	0.157485
264.768000	0.157485
264.832000	0.157485
264.896000	0.157485
264.960000	0.157485
265.024000	0.157485
265.088000	0.157485
265.152000	0.157485
265.216000	0.157485
265.280000	0.157485
265.344000	0.157485
265.408000	0.157485
265.472000	0.157485
265.536000	0.157485
265.600000	0.157485
265.664000	0.157485
265.728000	0.157485
265.792000	0.157485
265.856000	0.157485
265.920000	0.157485
265.984000	0.157485
266.048000	0.157485
266.112000	0.157485
266.176000	0.157485
266.240000	0.157485
266.304000	0.157485
266.368000	0.157485
266.432000	0.157485
266.496000	0.157485
266.560000	0.157485
266.624000	0.157485
266.688000	0.157485
266.752000	0.157485
266.816000	0.157485
266.880000	0.157485
266.944000	0.157485
267.008000	0.157485
267.072000	0.157485
267.136000	0.157485
267.200000	0.157485
267.264000	0.157485
267.328000	0.157485
267.392000	0.157485
267.456000	0.157485
267.520000	0.174799
267.584000	0.174799
267.648000	0.174799
267.712000	0.174799
267.776000	0.174799
267.840000	0.174799
267.904000	0.174799
267.968000	0.174799
268.032000	0.174799
268.096000	0.174799
268.160000	0.174799
268.224000	0.174799
268.288000	0.174799
268.352000	0.174799
268.416000	0.174799
268.480000	0.174799
268.544000	0.174799
268.608000	0.174799
268.672000	0.174799
268.736000	0.174799
268.800000	0.174799
268.864000	0.174799
268.928000	0.174799
268.992000	0.174799
269.056000	0.174799
269.120000	0.174799
269.184000	0.174799
269.248000	0.174799
269.312000	0.174799
269.376000	0.174799
269.440000	0.174799
269.504000	0.174799
269.568000	0.293120
269.632000	0.299935
269.696000	0.299935
269.760000	0.299935
269.824000	0.299935
269.888000	0.299935
269.952000	0.299935
270.016000	0.299935
270.080000	0.299935
270.144000	0.299935
270.208000	0.299935
270.272000	0.299935
270.336000	0.299935
270.400000	0.299935
270.464000	0.299935
270.528000	0.299935
270.592000	0.299935
270.656000	0.299935
270.720000	0.299935
270.784000	0.299935
270.848000	0.299935
270.912000	0.299935
270.976000	0.299935
271.040000	0.299935
271.104000	0.299935
271.168000	0.299935
271.232000	0.299935
271.296000	0.299935
271.360000	0.299935
271.424000	0.299935
271.488000	0.299935
271.552000	0.299935
271.616000	0.299935
271.680000	0.299935
271.744000	0.299935
271.808000	0.299935
271.872000	0.299935
271.936000	0.299935
272.000000	0.299935
272.064000	0.299935
272.128000	0.299935
272.192000	0.299935
272.256000	0.299935
272.320000	0.299935
272.384000	0.299935
272.448000	0.299935
272.512000	0.299935
272.576000	0.299935
272.640000	0.299935
272.704000	0.299935
272.768000	0.299935
272.832000	0.299935
272.896000	0.299935
272.960000	0.299935
273.024000	0.299935
273.088000	0.299935
273.152000	0.299935
273.216000	0.299935
273.280000	0.299935
273.344000	0.299935
273.408000	0.299935
273.472000	0.299935
273.536000	0.299935
273.600000	0.299935
273.664000	0.299935
273.728000	0.299935
273.792000	0.299935
273.856000	0.299935
273.920000	0.299935
273.984000	0.299935
274.048000	0.299935
274.112000	0.299935
274.176000	0.299935
274.240000	0.299935
274.304000	0.299935
274.368000	0.299935
274.432000	0.299935
274.496000	0.299935
274.560000	0.299935
274.624000	0.299935
274.688000	0.299935
274.752000	0.299935
274.816000	0.299935
274.880000	0.299935
274.944000	0.299935
275.008000	0.299935
275.072000	0.299935
275.136000	0.299935
275.200000	0.299935
275.264000	0.299935
275.328000	0.303877
275.392000	0.303877
275.456000	0.303877
275.520000	0.303877
275.584000	0.303877
275.648000	0.303877
275.712000	0.303877
275.776000	0.303877
275.840000	0.303877
275.904000	0.303877
275.968000	0.303877
276.032000	0.303877
276.096000	0.303877
276.160000	0.303877
276.224000	0.303877
276.288000	0.303877
276.352000	0.303877
276.416000	0.303877
276.480000	0.303877
276.544000	0.303877
276.608000	0.303877
276.672000	0.303877
276.736000	0.303877
276.800000	0.303877
276.864000	0.303877
276.928000	0.303877
276.992000	0.303877
277.056000	0.303877
277.120000	0.303877
277.184000	0.303877
277.248000	0.303877
277.312000	0.303877
277.376000	0.303877
277.440000	0.303877
277.504000	0.303877
277.568000	0.303877
277.632000	0.303877
277.696000	0.303877
277.760000	0.303877
277.824000	0.303877
277.888000	0.303877
277.952000	0.303877
278.016000	0.303877
278.080000	0.303877
278.144000	0.303877
278.208000	0.303877
278.272000	0.303877
278.336000	0.303877
278.400000	0.303877
278.464000	0.303877
278.528000	0.303877
278.592000	0.303877
278.656000	0.303877
278.720000	0.303877
278.784000	0.303877
278.848000	0.303877
278.912000	0.303877
278.976000	0.303877
279.040000	0.303877
279.104000	0.303877
279.168000	0.303877
279.232000	0.303877
279.296000	0.303877
279.360000	0.303877
279.424000	0.303877
279.488000	0.303877
279.552000	0.303877
279.616000	0.303877
279.680000	0.303877
279.744000	0.303877
279.808000	0.303877
279.872000	0.303877
279.936000	0.303877
280.000000	0.303877
280.064000	0.303877
280.128000	0.303877
280.192000	0.303877
280.256000	0.303877
280.320000	0.303877
280.384000	0.303877
280.448000	0.303877
280.512000	0.303877
280.576000	0.272841
280.640000	0.272841
280.704000	0.272841
280.768000	0.272841
280.832000	0.272841
280.896000	0.272841
280.960000	0.272841
281.024000	0.272841
281.088000	0.272841
281.152000	0.272841
281.216000	0.272841
281.280000	0.272841
281.344000	0.272841
281.408000	0.272841
281.472000	0.272841
281.536000	0.272841
281.600000	0.272841
281.664000	0.272841
281.728000	0.272841
281.792000	0.272841
281.856000	0.272841
281.920000	0.272841
281.984000	0.272841
282.048000	0.272841
282.112000	0.272841
282.176000	0.272841
282.240000	0.272841
282.304000	0.272841
282.368000	0.272841
282.432000	0.272841
282.496000	0.272841
282.560000	0.272841
282.624000	0.272841
282.688000	0.272841
282.752000	0.272841
282.816000	0.272841
282.880000	0.272841
282.944000	0.272841
283.008000	0.272841
283.072000	0.272841
283.136000	0.272841
283.200000	0.272841
283.264000	0.272841
283.328000	0.272841
283.392000	0.272841
283.456000	0.272841
283.520000	0.272841
283.584000	0.272841
283.648000	0.272841
283.712000	0.272841
283.776000	0.272841
283.840000	0.272841
283.904000	0.272841
283.968000	0.272841
284.032000	0.272841
284.096000	0.272841
284.160000	0.272841
284.224000	0.272841
284.288000	0.272841
284.352000	0.272841
284.416000	0.272841
284.480000	0.272841
284.544000	0.272841
284.608000	0.272841
284.672000	0.272841
284.736000	0.272841
284.800000	0.272841
284.864000	0.272841
284.928000	0.272841
284.992000	0.272841
285.056000	0.272841
285.120000	0.272841
285.184000	0.272841
285.248000	0.272841
285.312000	0.272841
285.376000	0.272841
285.440000	0.272841
285.504000	0.272841
285.568000	0.272841
285.632000	0.272841
285.696000	0.272841
285.760000	0.272841
285.824000	0.272841
285.888000	0.272841
285.952000	0.272841
286.016000	0.272841
286.080000	0.272841
286.144000	0.272841
286.208000	0.272841
286.272000	0.272841
286.336000	0.272841
286.400000	0.272841
286.464000	0.272841
286.528000	0.272841
286.592000	0.272841
286.656000	0.272841
286.720000	0.272841
286.784000	0.272841
286.848000	0.272841
286.912000	0.272841
286.976000	0.429667
287.040000	0.429667
287.104000	0.429667
287.168000	0.429667
287.232000	0.429667
287.296000	0.429667
287.360000	0.429667
287.424000	0.429667
287.488000	0.429667
287.552000	0.429667
287.616000	0.429667
287.680000	0.429667
287.744000	0.317025
287.808000	0.317025
287.872000	0.317025
287.936000	0.317025
288.000000	0.317025
288.064000	0.317025
288.128000	0.317025
288.192000	0.317025
288.256000	0.317025
288.320000	0.317025
288.384000	0.317025
288.448000	0.317025
288.512000	0.317025
288.576000	0.317025
288.640000	0.317025
288.704000	0.317025
288.768000	0.317025
288.832000	0.317025
288.896000	0.317025
288.960000	0.317025
289.024000	0.317025
289.088000	0.317025
289.152000	0.317025
289.216000	0.317025
289.280000	0.317025
289.344000	0.317025
289.408000	0.317025
289.472000	0.317025
289.536000	0.317025
289.600000	0.317025
289.664000	0.317025
289.728000	0.317025
289.792000	0.317025
289.856000	0.317025
289.920000	0.313027
289.984000	0.313027
290.048000	0.313027
290.112000	0.313027
290.176000	0.313027
290.240000	0.313027
290.304000	0.313027
290.368000	0.313027
290.432000	0.313027
290.496000	0.313027
290.560000	0.313027
290.624000	0.313027
290.688000	0.313027
290.752000	0.313027
290.816000	0.313027
290.880000	0.313027
290.944000	0.313027
291.008000	0.313027
291.072000	0.313027
291.136000	0.313027
291.200000	0.313027
291.264000	0.313027
291.328000	0.313027
291.392000	0.313027
291.456000	0.313027
291.520000	0.313027
291.584000	0.313027
291.648000	0.313027
291.712000	0.313027
291.776000	0.313027
291.840000	0.313027
291.904000	0.313027
291.968000	0.313027
292.032000	0.313027
292.096000	0.313027
292.160000	0.313027
292.224000	0.313027
292.288000	0.313027
292.352000	0.313027
292.416000	0.313027
292.480000	0.313027
292.544000	0.313027
292.608000	0.313027
292.672000	0.313027
292.736000	0.313027
292.800000	0.313027
292.864000	0.313027
292.928000	0.313027
292.992000	0.313027
293.056000	0.313027
293.120000	0.313027
293.184000	0.313027
293.248000	0.313027
293.312000	0.313027
293.376000	0.313027
293.440000	0.313027
293.504000	0.313027
293.568000	0.313027
293.632000	0.313027
293.696000	0.313027
293.760000	0.313027
293.824000	0.313027
293.888000	0.313027
293.952000	0.313027
294.016000	0.313027
294.080000	0.313027
294.144000	0.313027
294.208000	0.313027
294.272000	0.313027
294.336000	0.313027
294.400000	0.218470
294.464000	0.218470
294.528000	0.218470
294.592000	0.218470
294.656000	0.218470
294.720000	0.218470
294.784000	0.218470
294.848000	0.218470
294.912000	0.218470
294.976000	0.218470
295.040000	0.218470
295.104000	0.218470
295.168000	0.218470
295.232000	0.218470
295.296000	0.218470
295.360000	0.218470
295.424000	0.218470
295.488000	0.218470
295.552000	0.218470
295.616000	0.218470
295.680000	0.218470
295.744000	0.218470
295.808000	0.218470
295.872000	0.218470
295.936000	0.218470
296.000000	0.218470
296.064000	0.218470
296.128000	0.218470
296.192000	0.218470
296.256000	0.218470
296.320000	0.218470
296.384000	0.218470
296.448000	0.218470
296.512000	0.218470
296.576000	0.218470
296.640000	0.218470
296.704000	0.218470
296.768000	0.218470
296.832000	0.218470
296.896000	0.218470
296.960000	0.218470
297.024000	0.218470
297.088000	0.218470
297.152000	0.218470
297.216000	0.218470
297.280000	0.218470
297.344000	0.218470
297.408000	0.218470
297.472000	0.218470
297.536000	0.218470
297.600000	0.218470
297.664000	0.218470
297.728000	0.218470
297.792000	0.052539
297.856000	0.000020
297.920000	0.000010
297.984000	0.000006
298.048000	0.000005
298.112000	0.000005
298.176000	0.000005
298.240000	0.000005
298.304000	0.000005
298.368000	0.000004
298.432000	0.000004
298.496000	0.000004
298.560000	0.000004
298.624000	0.000000
298.688000	0.000000
298.752000	0.000000
298.816000	0.000000
298.880000	0.000000
298.944000	0.000000
299.008000	0.000000
299.072000	0.000000
299.136000	0.000000
299.200000	0.000000
299.264000	0.000000
299.328000	0.000000
299.392000	0.000000
299.456000	0.000000
299.520000	0.000000
299.584000	0.000000
299.648000	0.000000
299.712000	0.000000
299.776000	0.000000
299.840000	0.000000
299.904000	0.000000
299.968000	0.000000
300.032000	0.000000
300.096000	0.000000
300.160000	0.000000
300.224000	0.000000
300.288000	0.000000
300.352000	0.000000
300.416000	0.000000
300.480000	0.000000
300.544000	0.000000
300.608000	0.000000
300.672000	0.000000
300.736000	0.000000
300.800000	0.000000
300.864000	0.000000
300.928000	0.000000
300.992000	0.000000
301.056000	0.000000
301.120000	0.000000
301.184000	0.000000
301.248000	0.000000
301.312000	0.000000
301.376000	0.000000
301.440000	0.000000
301.504000	0.000000
301.568000	0.000000
301.632000	0.000000
301.696000	0.000000
301.760000	0.000000
