0.064000	0.000000
0.128000	0.000000
0.192000	0.000000
0.256000	0.000000
0.320000	0.000000
0.384000	0.000000
0.448000	0.000000
0.512000	0.000000
0.576000	0.000000
0.640000	0.000000
0.704000	0.000000
0.768000	0.000000
0.832000	0.000000
0.896000	0.000000
0.960000	0.000000
1.024000	0.000000
1.088000	0.000000
1.152000	0.000000
1.216000	0.000000
1.280000	0.000000
1.344000	0.000000
1.408000	0.000000
1.472000	0.000000
1.536000	0.000000
1.600000	0.000000
1.664000	0.000000
1.728000	0.000000
1.792000	0.000000
1.856000	0.000000
1.920000	0.000000
1.984000	0.000000
2.048000	0.000000
2.112000	0.000000
2.176000	0.000000
2.240000	0.000000
2.304000	0.000000
2.368000	0.000000
2.432000	0.000000
2.496000	0.000000
2.560000	0.000000
2.624000	0.000000
2.688000	0.000000
2.752000	0.000000
2.816000	0.000000
2.880000	0.000000
2.944000	0.000000
3.008000	0.000000
3.072000	0.000000
3.136000	0.000000
3.200000	0.000000
3.264000	0.221125
3.328000	0.221125
3.392000	0.221125
3.456000	0.221125
3.520000	0.221125
3.584000	0.221125
3.648000	0.221125
3.712000	0.221125
3.776000	0.221125
3.840000	0.221125
3.904000	0.221125
3.968000	0.221125
4.032000	0.221125
4.096000	0.221125
4.160000	0.221125
4.224000	0.221125
4.288000	0.221125
4.352000	0.221125
4.416000	0.221125
4.480000	0.221125
4.544000	0.221125
4.608000	0.221125
4.672000	0.221125
4.736000	0.221125
4.800000	0.221125
4.864000	0.221125
4.928000	0.221125
4.992000	0.217960
5.056000	0.217960
5.120000	0.217960
5.184000	0.217960
5.248000	0.217960
5.312000	0.217960
5.376000	0.217960
5.440000	0.217960
5.504000	0.217960
5.568000	0.217960
5.632000	0.217960
5.696000	0.217960
5.760000	0.217960
5.824000	0.217960
5.888000	0.217960
5.952000	0.217960
6.016000	0.217960
6.080000	0.217960
6.144000	0.217960
6.208000	0.217960
6.272000	0.217960
6.336000	0.217960
6.400000	0.217960
6.464000	0.217960
6.528000	0.217960
6.592000	0.217960
6.656000	0.217960
6.720000	0.217960
6.784000	0.217960
6.848000	0.217960
6.912000	0.217960
6.976000	0.217960
7.040000	0.217960
7.104000	0.217960
7.168000	0.217960
7.232000	0.217960
7.296000	0.217960
7.360000	0.217960
7.424000	0.217960
7.488000	0.217960
7.552000	0.203177
7.616000	0.203177
7.680000	0.203177
7.744000	0.203177
7.808000	0.203177
7.872000	0.203177
7.936000	0.203177
8.000000	0.203177
8.064000	0.203177
8.128000	0.203177
8.192000	0.203177
8.256000	0.203177
8.320000	0.203177
8.384000	0.203177
8.448000	0.203177
8.512000	0.203177
8.576000	0.203177
8.640000	0.203177
8.704000	0.203177
8.768000	0.203177
8.832000	0.203177
8.896000	0.203177
8.960000	0.203177
9.024000	0.203177
9.088000	0.203177
9.152000	0.120674
9.216000	0.120674
9.280000	0.120674
9.344000	0.120674
9.408000	0.120674
9.472000	0.120674
9.536000	0.120674
9.600000	0.120674
9.664000	0.120674
9.728000	0.120674
9.792000	0.120674
9.856000	0.120674
9.920000	0.120674
9.984000	0.120674
10.048000	0.120674
10.112000	0.120674
10.176000	0.120674
10.240000	0.120674
10.304000	0.120674
10.368000	0.120674
10.432000	0.120674
10.496000	0.120674
10.560000	0.120674
10.624000	0.120674
10.688000	0.120674
10.752000	0.120674
10.816000	0.120674
10.880000	0.120674
10.944000	0.120674
11.008000	0.120674
11.072000	0.120674
11.136000	0.120674
11.200000	0.120674
11.264000	0.120674
11.328000	0.120674
11.392000	0.120674
11.456000	0.120674
11.520000	0.120674
11.584000	0.120674
11.648000	0.120674
11.712000	0.120674
11.776000	0.120674
11.840000	0.120674
11.904000	0.120674
11.968000	0.120674
12.032000	0.120674
12.096000	0.120674
12.160000	0.120674
12.224000	0.120674
12.288000	0.120674
12.352000	0.120674
12.416000	0.120674
12.480000	0.120674
12.544000	0.120674
12.608000	0.120674
12.672000	0.120674
12.736000	0.120674
12.800000	0.120674
12.864000	0.120674
12.928000	0.120674
12.992000	0.120674
13.056000	0.120674
13.120000	0.120674
13.184000	0.120674
13.248000	0.120674
13.312000	0.120674
13.376000	0.120674
13.440000	0.120674
13.504000	0.120674
13.568000	0.120674
13.632000	0.120674
13.696000	0.120674
13.760000	0.120674
13.824000	0.120674
13.888000	0.120674
13.952000	0.120674
14.016000	0.120674
14.080000	0.120674
14.144000	0.120674
14.208000	0.120674
14.272000	0.120674
14.336000	0.120674
14.400000	0.120674
14.464000	0.120674
14.528000	0.120674
14.592000	0.120674
14.656000	0.120674
14.720000	0.120674
14.784000	0.120674
14.848000	0.120674
14.912000	0.120674
14.976000	0.120674
15.040000	0.120674
15.104000	0.120674
15.168000	0.120674
15.232000	0.120674
15.296000	0.120674
15.360000	0.120674
15.424000	0.120674
15.488000	0.120674
15.552000	0.195428
15.616000	0.195428
15.680000	0.195428
15.744000	0.195428
15.808000	0.195428
15.872000	0.195428
15.936000	0.195428
16.000000	0.195428
16.064000	0.195428
16.128000	0.195428
16.192000	0.195428
16.256000	0.195428
16.320000	0.195428
16.384000	0.195428
16.448000	0.195428
16.512000	0.195428
16.576000	0.195428
16.640000	0.195428
16.704000	0.195428
16.768000	0.195428
16.832000	0.195428
16.896000	0.195428
16.960000	0.195428
17.024000	0.195428
17.088000	0.195428
17.152000	0.195428
17.216000	0.195428
17.280000	0.195428
17.344000	0.195428
17.408000	0.195428
17.472000	0.195428
17.536000	0.195428
17.600000	0.195428
17.664000	0.195428
17.728000	0.195428
17.792000	0.195428
17.856000	0.195428
17.920000	0.195428
17.984000	0.195428
18.048000	0.195428
18.112000	0.195428
18.176000	0.195428
18.240000	0.195428
18.304000	0.195428
18.368000	0.195428
18.432000	0.195428
18.496000	0.195428
18.560000	0.195428
18.624000	0.195428
18.688000	0.195428
18.752000	0.195428
18.816000	0.195428
18.880000	0.195428
18.944000	0.195428
19.008000	0.195428
19.072000	0.195428
19.136000	0.195428
19.200000	0.195428
19.264000	0.213709
19.328000	0.213709
19.392000	0.213709
19.456000	0.213709
19.520000	0.213709
19.584000	0.213709
19.648000	0.213709
19.712000	0.213709
19.776000	0.213709
19.840000	0.213709
19.904000	0.213709
19.968000	0.213709
20.032000	0.213709
20.096000	0.213709
20.160000	0.213709
20.224000	0.213709
20.288000	0.213709
20.352000	0.213709
20.416000	0.213709
20.480000	0.213709
20.544000	0.213709
20.608000	0.213709
20.672000	0.213709
20.736000	0.213709
20.800000	0.213709
20.864000	0.213709
20.928000	0.213709
20.992000	0.213709
21.056000	0.213709
21.120000	0.213709
21.184000	0.213709
21.248000	0.213709
21.312000	0.213709
21.376000	0.213709
21.440000	0.213709
21.504000	0.213709
21.568000	0.213709
21.632000	0.213709
21.696000	0.213709
21.760000	0.213709
21.824000	0.213709
21.888000	0.213709
21.952000	0.213709
22.016000	0.213709
22.080000	0.213709
22.144000	0.213709
22.208000	0.213709
22.272000	0.213709
22.336000	0.213709
22.400000	0.213709
22.464000	0.213709
22.528000	0.213709
22.592000	0.213709
22.656000	0.213709
22.720000	0.213709
22.784000	0.213709
22.848000	0.213709
22.912000	0.213709
22.976000	0.213709
23.040000	0.213709
23.104000	0.213709
23.168000	0.213709
23.232000	0.213709
23.296000	0.213709
23.360000	0.213709
23.424000	0.213709
23.488000	0.213709
23.552000	0.231619
23.616000	0.231619
23.680000	0.231619
23.744000	0.231619
23.808000	0.231619
23.872000	0.231619
23.936000	0.231619
24.000000	0.231619
24.064000	0.231619
24.128000	0.231619
24.192000	0.231619
24.256000	0.231619
24.320000	0.231619
24.384000	0.231619
24.448000	0.231619
24.512000	0.231619
24.576000	0.231619
24.640000	0.231619
24.704000	0.231619
24.768000	0.231619
24.832000	0.231619
24.896000	0.231619
24.960000	0.231619
25.024000	0.231619
25.088000	0.231619
25.152000	0.231619
25.216000	0.231619
25.280000	0.231619
25.344000	0.231619
25.408000	0.231619
25.472000	0.231619
25.536000	0.231619
25.600000	0.231619
25.664000	0.231619
25.728000	0.231619
25.792000	0.231619
25.856000	0.231619
25.920000	0.231619
25.984000	0.231619
26.048000	0.231619
26.112000	0.231619
26.176000	0.231619
26.240000	0.231619
26.304000	0.231619
26.368000	0.231619
26.432000	0.231619
26.496000	0.231619
26.560000	0.231619
26.624000	0.231619
26.688000	0.231619
26.752000	0.231619
26.816000	0.231619
26.880000	0.231619
26.944000	0.231619
27.008000	0.231619
27.072000	0.190573
27.136000	0.190573
27.200000	0.190573
27.264000	0.190573
27.328000	0.190573
27.392000	0.190573
27.456000	0.190573
27.520000	0.190573
27.584000	0.190573
27.648000	0.190573
27.712000	0.190573
27.776000	0.190573
27.840000	0.190573
27.904000	0.190573
27.968000	0.190573
28.032000	0.190573
28.096000	0.190573
28.160000	0.190573
28.224000	0.190573
28.288000	0.190573
28.352000	0.190573
28.416000	0.190573
28.480000	0.190573
28.544000	0.190573
28.608000	0.190573
28.672000	0.190573
28.736000	0.190573
28.800000	0.190573
28.864000	0.190573
28.928000	0.190573
28.992000	0.190573
29.056000	0.190573
29.120000	0.190573
29.184000	0.190573
29.248000	0.190573
29.312000	0.190573
29.376000	0.190573
29.440000	0.190573
29.504000	0.190573
29.568000	0.190573
29.632000	0.190573
29.696000	0.190573
29.760000	0.190573
29.824000	0.190573
29.888000	0.190573
29.952000	0.190573
30.016000	0.190573
30.080000	0.190573
30.144000	0.190573
30.208000	0.190573
30.272000	0.190573
30.336000	0.190573
30.400000	0.190573
30.464000	0.190573
30.528000	0.190573
30.592000	0.190573
30.656000	0.190573
30.720000	0.190573
30.784000	0.190573
30.848000	0.190573
30.912000	0.190573
30.976000	0.190573
31.040000	0.190573
31.104000	0.190573
31.168000	0.190573
31.232000	0.190573
31.296000	0.190573
31.360000	0.190573
31.424000	0.190573
31.488000	0.190573
31.552000	0.190573
31.616000	0.190573
31.680000	0.190573
31.744000	0.190573
31.808000	0.190573
31.872000	0.190573
31.936000	0.190573
32.000000	0.190573
32.064000	0.190573
32.128000	0.190573
32.192000	0.190573
32.256000	0.190573
32.320000	0.190573
32.384000	0.190573
32.448000	0.190573
32.512000	0.190573
32.576000	0.190573
32.640000	0.190573
32.704000	0.190573
32.768000	0.190573
32.832000	0.190573
32.896000	0.190573
32.960000	0.190573
33.024000	0.190573
33.088000	0.190573
33.152000	0.190573
33.216000	0.190573
33.280000	0.190573
33.344000	0.190573
33.408000	0.190573
33.472000	0.195124
33.536000	0.195124
33.600000	0.195124
33.664000	0.195124
33.728000	0.195124
33.792000	0.195124
33.856000	0.195124
33.920000	0.195124
33.984000	0.195124
34.048000	0.195124
34.112000	0.195124
34.176000	0.160621
34.240000	0.160621
34.304000	0.160621
34.368000	0.160621
34.432000	0.160621
34.496000	0.160621
34.560000	0.160621
34.624000	0.160621
34.688000	0.160621
34.752000	0.160621
34.816000	0.160621
34.880000	0.160621
34.944000	0.160621
35.008000	0.160621
35.072000	0.160621
35.136000	0.160621
35.200000	0.160621
35.264000	0.160621
35.328000	0.160621
35.392000	0.160621
35.456000	0.160621
35.520000	0.160621
35.584000	0.160621
35.648000	0.160621
35.712000	0.160621
35.776000	0.160621
35.840000	0.160621
35.904000	0.160621
35.968000	0.160621
36.032000	0.160621
36.096000	0.160621
36.160000	0.160621
36.224000	0.160621
36.288000	0.160621
36.352000	0.160621
36.416000	0.160621
36.480000	0.160621
36.544000	0.160621
36.608000	0.160621
36.672000	0.160621
36.736000	0.160621
36.800000	0.160621
36.864000	0.160621
36.928000	0.160621
36.992000	0.160621
37.056000	0.160621
37.120000	0.160621
37.184000	0.160621
37.248000	0.160621
37.312000	0.160621
37.376000	0.160621
37.440000	0.160621
37.504000	0.160621
37.568000	0.160621
37.632000	0.160621
37.696000	0.160621
37.760000	0.160621
37.824000	0.160621
37.888000	0.160621
37.952000	0.160621
38.016000	0.160621
38.080000	0.160621
38.144000	0.160621
38.208000	0.160621
38.272000	0.160621
38.336000	0.160621
38.400000	0.160621
38.464000	0.160621
38.528000	0.160621
38.592000	0.160621
38.656000	0.160621
38.720000	0.160621
38.784000	0.160621
38.848000	0.160621
38.912000	0.160621
38.976000	0.160621
39.040000	0.160621
39.104000	0.160621
39.168000	0.160621
39.232000	0.160621
39.296000	0.160621
39.360000	0.160621
39.424000	0.160621
39.488000	0.160621
39.552000	0.160621
39.616000	0.160621
39.680000	0.160621
39.744000	0.160621
39.808000	0.160621
39.872000	0.160621
39.936000	0.160621
40.000000	0.160621
40.064000	0.160621
40.128000	0.160621
40.192000	0.160621
40.256000	0.160621
40.320000	0.160621
40.384000	0.160621
40.448000	0.113607
40.512000	0.113607
40.576000	0.113607
40.640000	0.113607
40.704000	0.113607
40.768000	0.113607
40.832000	0.113607
40.896000	0.113607
40.960000	0.113607
41.024000	0.113607
41.088000	0.113607
41.152000	0.113607
41.216000	0.113607
41.280000	0.113607
41.344000	0.113607
41.408000	0.113607
41.472000	0.113607
41.536000	0.113607
41.600000	0.113607
41.664000	0.113607
41.728000	0.113607
41.792000	0.113607
41.856000	0.113607
41.920000	0.113607
41.984000	0.113607
42.048000	0.113607
42.112000	0.113607
42.176000	0.113607
42.240000	0.113607
42.304000	0.113607
42.368000	0.113607
42.432000	0.113607
42.496000	0.113607
42.560000	0.113607
42.624000	0.113607
42.688000	0.113607
42.752000	0.113607
42.816000	0.113607
42.880000	0.113607
42.944000	0.113607
43.008000	0.113607
43.072000	0.113607
43.136000	0.113607
43.200000	0.095932
43.264000	0.095932
43.328000	0.095932
43.392000	0.095932
43.456000	0.095932
43.520000	0.095932
43.584000	0.095932
43.648000	0.095932
43.712000	0.095932
43.776000	0.095932
43.840000	0.095932
43.904000	0.095932
43.968000	0.095932
44.032000	0.095932
44.096000	0.095932
44.160000	0.095932
44.224000	0.095932
44.288000	0.095932
44.352000	0.095932
44.416000	0.095932
44.480000	0.095932
44.544000	0.095932
44.608000	0.095932
44.672000	0.095932
44.736000	0.095932
44.800000	0.095932
44.864000	0.095932
44.928000	0.095932
44.992000	0.095932
45.056000	0.095932
45.120000	0.095932
45.184000	0.095932
45.248000	0.095932
45.312000	0.095932
45.376000	0.095932
45.440000	0.095932
45.504000	0.095932
45.568000	0.095932
45.632000	0.095932
45.696000	0.095932
45.760000	0.095932
45.824000	0.095932
45.888000	0.095932
45.952000	0.095932
46.016000	0.095932
46.080000	0.095932
46.144000	0.095932
46.208000	0.095932
46.272000	0.095932
46.336000	0.095932
46.400000	0.095932
46.464000	0.095932
46.528000	0.095932
46.592000	0.095932
46.656000	0.095932
46.720000	0.095932
46.784000	0.095932
46.848000	0.095932
46.912000	0.095932
46.976000	0.095932
47.040000	0.095932
47.104000	0.095932
47.168000	0.095932
47.232000	0.095932
47.296000	0.095932
47.360000	0.095932
47.424000	0.095932
47.488000	0.095932
47.552000	0.095932
47.616000	0.095932
47.680000	0.095932
47.744000	0.095932
47.808000	0.095932
47.872000	0.095932
47.936000	0.095932
48.000000	0.095932
48.064000	0.095932
48.128000	0.095932
48.192000	0.095932
48.256000	0.095932
48.320000	0.095932
48.384000	0.095932
48.448000	0.095932
48.512000	0.095932
48.576000	0.095932
48.640000	0.095932
48.704000	0.095932
48.768000	0.095932
48.832000	0.095932
48.896000	0.095932
48.960000	0.095932
49.024000	0.095932
49.088000	0.095932
49.152000	0.095932
49.216000	0.095932
49.280000	0.095932
49.344000	0.095932
49.408000	0.095932
49.472000	0.095932
49.536000	0.095932
49.600000	0.135481
49.664000	0.167307
49.728000	0.167307
49.792000	0.167307
49.856000	0.167307
49.920000	0.167307
49.984000	0.167307
50.048000	0.167307
50.112000	0.167307
50.176000	0.167307
50.240000	0.167307
50.304000	0.167307
50.368000	0.167307
50.432000	0.167307
50.496000	0.167307
50.560000	0.167307
50.624000	0.167307
50.688000	0.167307
50.752000	0.167307
50.816000	0.167307
50.880000	0.167307
50.944000	0.167307
51.008000	0.167307
51.072000	0.167307
51.136000	0.167307
51.200000	0.167307
51.264000	0.167307
51.328000	0.167307
51.392000	0.167307
51.456000	0.167307
51.520000	0.167307
51.584000	0.167307
51.648000	0.167307
51.712000	0.167307
51.776000	0.167307
51.840000	0.167307
51.904000	0.167307
51.968000	0.167307
52.032000	0.167307
52.096000	0.167307
52.160000	0.167307
52.224000	0.167307
52.288000	0.167307
52.352000	0.167307
52.416000	0.167307
52.480000	0.167307
52.544000	0.167307
52.608000	0.167307
52.672000	0.167307
52.736000	0.167307
52.800000	0.167307
52.864000	0.167307
52.928000	0.167307
52.992000	0.167307
53.056000	0.167307
53.120000	0.167307
53.184000	0.167307
53.248000	0.167307
53.312000	0.167307
53.376000	0.167307
53.440000	0.167307
53.504000	0.167307
53.568000	0.167307
53.632000	0.167307
53.696000	0.167307
53.760000	0.167307
53.824000	0.167307
53.888000	0.167307
53.952000	0.167307
54.016000	0.167307
54.080000	0.167307
54.144000	0.167307
54.208000	0.167307
54.272000	0.167307
54.336000	0.167307
54.400000	0.167307
54.464000	0.167307
54.528000	0.167307
54.592000	0.167307
54.656000	0.167307
54.720000	0.167307
54.784000	0.167307
54.848000	0.167307
54.912000	0.339952
54.976000	0.477887
55.040000	0.477887
55.104000	0.477887
55.168000	0.477827
55.232000	0.477827
55.296000	0.477827
55.360000	0.477827
55.424000	0.477827
55.488000	0.477827
55.552000	0.477827
55.616000	0.477827
55.680000	0.477827
55.744000	0.477827
55.808000	0.477827
55.872000	0.477827
55.936000	0.477827
56.000000	0.477827
56.064000	0.477827
56.128000	0.477827
56.192000	0.477827
56.256000	0.477827
56.320000	0.477827
56.384000	0.477827
56.448000	0.477827
56.512000	0.477827
56.576000	0.477827
56.640000	0.477827
56.704000	0.477827
56.768000	0.477827
56.832000	0.477827
56.896000	0.477827
56.960000	0.477827
57.024000	0.477827
57.088000	0.477827
57.152000	0.477827
57.216000	0.477827
57.280000	0.477827
57.344000	0.477827
57.408000	0.407929
57.472000	0.407929
57.536000	0.407929
57.600000	0.407929
57.664000	0.407929
57.728000	0.407929
57.792000	0.407929
57.856000	0.407929
57.920000	0.407929
57.984000	0.407929
58.048000	0.407929
58.112000	0.407929
58.176000	0.407929
58.240000	0.407929
58.304000	0.407929
58.368000	0.407929
58.432000	0.407929
58.496000	0.407929
58.560000	0.407929
58.624000	0.407929
58.688000	0.407929
58.752000	0.407929
58.816000	0.407929
58.880000	0.407929
58.944000	0.407929
59.008000	0.407929
59.072000	0.407929
59.136000	0.407929
59.200000	0.407929
59.264000	0.407929
59.328000	0.407929
59.392000	0.407929
59.456000	0.407929
59.520000	0.407929
59.584000	0.407929
59.648000	0.407929
59.712000	0.407929
59.776000	0.276872
59.840000	0.201103
59.904000	0.201103
59.968000	0.201103
60.032000	0.201103
60.096000	0.201103
60.160000	0.201103
60.224000	0.201103
60.288000	0.201103
60.352000	0.201103
60.416000	0.201103
60.480000	0.201103
60.544000	0.190976
60.608000	0.190976
60.672000	0.190976
60.736000	0.190976
60.800000	0.190976
60.864000	0.190976
60.928000	0.156926
60.992000	0.156926
61.056000	0.156926
61.120000	0.156926
61.184000	0.156926
61.248000	0.156926
61.312000	0.156926
61.376000	0.126876
61.440000	0.126876
61.504000	0.126876
61.568000	0.126876
61.632000	0.126876
61.696000	0.126876
61.760000	0.126876
61.824000	0.126876
61.888000	0.126876
61.952000	0.126876
62.016000	0.126876
62.080000	0.126876
62.144000	0.126876
62.208000	0.126876
62.272000	0.126876
62.336000	0.126876
62.400000	0.126876
62.464000	0.126876
62.528000	0.126876
62.592000	0.126876
62.656000	0.126876
62.720000	0.126876
62.784000	0.126876
62.848000	0.126876
62.912000	0.126876
62.976000	0.126876
63.040000	0.126876
63.104000	0.126876
63.168000	0.126876
63.232000	0.126876
63.296000	0.126876
63.360000	0.126876
63.424000	0.126876
63.488000	0.126876
63.552000	0.126876
63.616000	0.126876
63.680000	0.126876
63.744000	0.126876
63.808000	0.126876
63.872000	0.126876
63.936000	0.126876
64.000000	0.126876
64.064000	0.126876
64.128000	0.126876
64.192000	0.126876
64.256000	0.126876
64.320000	0.126876
64.384000	0.126876
64.448000	0.126876
64.512000	0.126876
64.576000	0.126876
64.640000	0.126876
64.704000	0.126876
64.768000	0.126876
64.832000	0.126876
64.896000	0.126876
64.960000	0.126876
65.024000	0.126876
65.088000	0.126876
65.152000	0.126876
65.216000	0.126876
65.280000	0.126876
65.344000	0.126876
65.408000	0.126876
65.472000	0.126876
65.536000	0.126876
65.600000	0.126876
65.664000	0.126876
65.728000	0.126876
65.792000	0.126876
65.856000	0.126876
65.920000	0.126876
65.984000	0.126876
66.048000	0.126876
66.112000	0.126876
66.176000	0.126876
66.240000	0.126876
66.304000	0.126876
66.368000	0.126876
66.432000	0.126876
66.496000	0.126876
66.560000	0.126876
66.624000	0.126876
66.688000	0.126876
66.752000	0.126876
66.816000	0.126876
66.880000	0.126876
66.944000	0.126876
67.008000	0.126876
67.072000	0.126876
67.136000	0.126876
67.200000	0.126876
67.264000	0.126876
67.328000	0.126876
67.392000	0.126876
67.456000	0.126876
67.520000	0.126876
67.584000	0.126876
67.648000	0.126876
67.712000	0.126876
67.776000	0.179123
67.840000	0.179123
67.904000	0.179123
67.968000	0.179123
68.032000	0.179123
68.096000	0.179123
68.160000	0.179123
68.224000	0.179123
68.288000	0.179123
68.352000	0.179123
68.416000	0.179123
68.480000	0.179123
68.544000	0.179123
68.608000	0.179123
68.672000	0.179123
68.736000	0.179123
68.800000	0.179123
68.864000	0.179123
68.928000	0.179123
68.992000	0.179123
69.056000	0.179123
69.120000	0.179123
69.184000	0.190800
69.248000	0.190800
69.312000	0.190800
69.376000	0.190800
69.440000	0.190800
69.504000	0.190800
69.568000	0.190800
69.632000	0.190800
69.696000	0.190800
69.760000	0.322152
69.824000	0.322152
69.888000	0.322152
69.952000	0.322152
70.016000	0.322152
70.080000	0.322152
70.144000	0.322152
70.208000	0.322152
70.272000	0.322152
70.336000	0.262132
70.400000	0.262132
70.464000	0.262132
70.528000	0.262132
70.592000	0.262132
70.656000	0.262132
70.720000	0.262132
70.784000	0.262132
70.848000	0.262132
70.912000	0.262132
70.976000	0.262132
71.040000	0.262132
71.104000	0.262132
71.168000	0.262132
71.232000	0.262132
71.296000	0.262132
71.360000	0.262132
71.424000	0.262132
71.488000	0.262132
71.552000	0.262132
71.616000	0.262132
71.680000	0.262132
71.744000	0.262132
71.808000	0.262132
71.872000	0.262132
71.936000	0.262132
72.000000	0.262132
72.064000	0.262132
72.128000	0.262132
72.192000	0.262132
72.256000	0.262132
72.320000	0.262132
72.384000	0.262132
72.448000	0.262132
72.512000	0.262132
72.576000	0.262132
72.640000	0.262132
72.704000	0.262132
72.768000	0.262132
72.832000	0.262132
72.896000	0.262132
72.960000	0.262132
73.024000	0.262132
73.088000	0.262132
73.152000	0.262132
73.216000	0.262132
73.280000	0.262132
73.344000	0.262132
73.408000	0.262132
73.472000	0.262132
73.536000	0.262132
73.600000	0.262132
73.664000	0.262132
73.728000	0.262132
73.792000	0.262132
73.856000	0.262132
73.920000	0.262132
73.984000	0.262132
74.048000	0.262132
74.112000	0.262132
74.176000	0.262132
74.240000	0.262132
74.304000	0.262132
74.368000	0.262132
74.432000	0.262132
74.496000	0.262132
74.560000	0.262132
74.624000	0.262132
74.688000	0.262132
74.752000	0.262132
74.816000	0.262132
74.880000	0.262132
74.944000	0.262132
75.008000	0.262132
75.072000	0.262132
75.136000	0.262132
75.200000	0.262132
75.264000	0.262132
75.328000	0.262132
75.392000	0.262132
75.456000	0.262132
75.520000	0.262132
75.584000	0.262132
75.648000	0.262132
75.712000	0.262132
75.776000	0.262132
75.840000	0.262132
75.904000	0.262132
75.968000	0.262132
76.032000	0.262132
76.096000	0.262132
76.160000	0.262132
76.224000	0.262132
76.288000	0.262132
76.352000	0.262132
76.416000	0.262132
76.480000	0.262132
76.544000	0.262132
76.608000	0.262132
76.672000	0.262132
76.736000	0.276639
76.800000	0.276639
76.864000	0.276639
76.928000	0.276639
76.992000	0.276639
77.056000	0.276639
77.120000	0.276639
77.184000	0.276639
77.248000	0.273529
77.312000	0.273529
77.376000	0.273529
77.440000	0.273529
77.504000	0.273529
77.568000	0.273529
77.632000	0.273529
77.696000	0.273529
77.760000	0.273529
77.824000	0.273529
77.888000	0.273529
77.952000	0.273529
78.016000	0.273529
78.080000	0.273529
78.144000	0.273529
78.208000	0.273529
78.272000	0.273529
78.336000	0.273529
78.400000	0.273529
78.464000	0.273529
78.528000	0.273529
78.592000	0.273529
78.656000	0.273529
78.720000	0.273529
78.784000	0.273529
78.848000	0.273529
78.912000	0.273529
78.976000	0.273529
79.040000	0.273529
79.104000	0.273529
79.168000	0.273529
79.232000	0.273529
79.296000	0.273529
79.360000	0.273529
79.424000	0.273529
79.488000	0.273529
79.552000	0.273529
79.616000	0.273529
79.680000	0.273529
79.744000	0.273529
79.808000	0.273529
79.872000	0.273529
79.936000	0.273529
80.000000	0.273529
80.064000	0.273529
80.128000	0.273529
80.192000	0.273529
80.256000	0.273529
80.320000	0.273529
80.384000	0.273529
80.448000	0.266348
80.512000	0.216069
80.576000	0.214325
80.640000	0.194134
80.704000	0.194134
80.768000	0.194134
80.832000	0.194134
80.896000	0.194134
80.960000	0.194134
81.024000	0.194134
81.088000	0.167750
81.152000	0.167750
81.216000	0.167750
81.280000	0.167750
81.344000	0.167750
81.408000	0.167750
81.472000	0.167750
81.536000	0.167750
81.600000	0.167750
81.664000	0.167750
81.728000	0.167750
81.792000	0.167750
81.856000	0.167750
81.920000	0.167750
81.984000	0.167750
82.048000	0.167750
82.112000	0.167750
82.176000	0.167750
82.240000	0.167750
82.304000	0.167750
82.368000	0.167750
82.432000	0.167750
82.496000	0.167750
82.560000	0.167750
82.624000	0.167750
82.688000	0.167750
82.752000	0.167750
82.816000	0.167750
82.880000	0.167750
82.944000	0.167750
83.008000	0.167750
83.072000	0.167750
83.136000	0.167750
83.200000	0.167750
83.264000	0.167750
83.328000	0.167750
83.392000	0.167750
83.456000	0.167750
83.520000	0.167750
83.584000	0.167750
83.648000	0.167750
83.712000	0.167750
83.776000	0.167750
83.840000	0.167750
83.904000	0.167750
83.968000	0.167750
84.032000	0.167750
84.096000	0.167750
84.160000	0.167750
84.224000	0.167750
84.288000	0.167750
84.352000	0.149191
84.416000	0.149191
84.480000	0.149191
84.544000	0.149191
84.608000	0.149191
84.672000	0.149191
84.736000	0.149191
84.800000	0.149191
84.864000	0.149191
84.928000	0.149191
84.992000	0.149191
85.056000	0.149191
85.120000	0.149191
85.184000	0.149191
85.248000	0.149191
85.312000	0.149191
85.376000	0.149191
85.440000	0.149191
85.504000	0.149191
85.568000	0.149191
85.632000	0.149191
85.696000	0.149191
85.760000	0.149191
85.824000	0.149191
85.888000	0.149191
85.952000	0.137530
86.016000	0.137530
86.080000	0.137530
86.144000	0.137530
86.208000	0.137530
86.272000	0.137530
86.336000	0.137530
86.400000	0.137530
86.464000	0.137530
86.528000	0.137530
86.592000	0.137530
86.656000	0.137530
86.720000	0.137530
86.784000	0.137530
86.848000	0.137530
86.912000	0.137530
86.976000	0.137530
87.040000	0.137530
87.104000	0.137530
87.168000	0.137530
87.232000	0.137530
87.296000	0.137530
87.360000	0.137530
87.424000	0.137530
87.488000	0.137530
87.552000	0.137530
87.616000	0.137530
87.680000	0.137530
87.744000	0.137530
87.808000	0.137530
87.872000	0.137530
87.936000	0.137530
88.000000	0.137530
88.064000	0.137530
88.128000	0.137530
88.192000	0.137530
88.256000	0.137530
88.320000	0.137530
88.384000	0.137530
88.448000	0.137530
88.512000	0.137530
88.576000	0.137530
88.640000	0.137530
88.704000	0.137530
88.768000	0.137530
88.832000	0.137530
88.896000	0.137530
88.960000	0.137530
89.024000	0.137530
89.088000	0.137530
89.152000	0.137530
89.216000	0.137530
89.280000	0.137530
89.344000	0.137530
89.408000	0.137530
89.472000	0.137530
89.536000	0.137530
89.600000	0.137530
89.664000	0.137530
89.728000	0.137530
89.792000	0.137530
89.856000	0.137530
89.920000	0.137530
89.984000	0.137530
90.048000	0.137530
90.112000	0.137530
90.176000	0.137530
90.240000	0.137530
90.304000	0.137530
90.368000	0.137530
90.432000	0.137530
90.496000	0.137530
90.560000	0.137530
90.624000	0.137530
90.688000	0.137530
90.752000	0.137530
90.816000	0.137530
90.880000	0.137530
90.944000	0.137530
91.008000	0.137530
91.072000	0.137530
91.136000	0.137530
91.200000	0.137530
91.264000	0.137530
91.328000	0.137530
91.392000	0.137530
91.456000	0.137530
91.520000	0.137530
91.584000	0.137530
91.648000	0.137530
91.712000	0.137530
91.776000	0.137530
91.840000	0.137530
91.904000	0.137530
91.968000	0.137530
92.032000	0.137530
92.096000	0.137530
92.160000	0.137530
92.224000	0.137530
92.288000	0.137530
92.352000	0.141230
92.416000	0.194202
92.480000	0.202937
92.544000	0.202937
92.608000	0.202937
92.672000	0.202937
92.736000	0.202937
92.800000	0.202937
92.864000	0.202937
92.928000	0.202937
92.992000	0.202937
93.056000	0.202937
93.120000	0.202937
93.184000	0.202937
93.248000	0.202937
93.312000	0.202937
93.376000	0.202937
93.440000	0.191086
93.504000	0.191086
93.568000	0.191086
93.632000	0.191086
93.696000	0.191086
93.760000	0.191086
93.824000	0.191086
93.888000	0.151275
93.952000	0.134417
94.016000	0.134417
94.080000	0.134417
94.144000	0.134417
94.208000	0.134417
94.272000	0.134417
94.336000	0.134417
94.400000	0.134417
94.464000	0.134417
94.528000	0.134417
94.592000	0.134417
94.656000	0.134417
94.720000	0.134417
94.784000	0.134417
94.848000	0.134417
94.912000	0.134417
94.976000	0.134417
95.040000	0.134417
95.104000	0.134417
95.168000	0.134417
95.232000	0.134417
95.296000	0.134417
95.360000	0.134417
95.424000	0.134417
95.488000	0.134417
95.552000	0.134417
95.616000	0.134417
95.680000	0.134417
95.744000	0.134417
95.808000	0.134417
95.872000	0.134417
95.936000	0.134417
96.000000	0.134417
96.064000	0.134417
96.128000	0.134417
96.192000	0.134417
96.256000	0.134417
96.320000	0.134417
96.384000	0.134417
96.448000	0.134417
96.512000	0.134417
96.576000	0.134417
96.640000	0.134417
96.704000	0.134417
96.768000	0.134417
96.832000	0.134417
96.896000	0.134417
96.960000	0.134417
97.024000	0.134417
97.088000	0.134417
97.152000	0.134417
97.216000	0.134417
97.280000	0.134417
97.344000	0.134417
97.408000	0.134417
97.472000	0.134417
97.536000	0.134417
97.600000	0.134417
97.664000	0.134417
97.728000	0.134417
97.792000	0.134417
97.856000	0.134417
97.920000	0.134417
97.984000	0.134417
98.048000	0.134417
98.112000	0.134417
98.176000	0.134417
98.240000	0.134417
98.304000	0.134417
98.368000	0.134417
98.432000	0.134417
98.496000	0.134417
98.560000	0.134417
98.624000	0.134417
98.688000	0.134417
98.752000	0.134417
98.816000	0.134417
98.880000	0.134417
98.944000	0.134417
99.008000	0.134417
99.072000	0.134417
99.136000	0.130938
99.200000	0.130938
99.264000	0.130938
99.328000	0.130938
99.392000	0.130938
99.456000	0.130938
99.520000	0.130938
99.584000	0.130938
99.648000	0.130938
99.712000	0.130938
99.776000	0.130938
99.840000	0.130938
99.904000	0.130938
99.968000	0.130938
100.032000	0.130938
100.096000	0.130938
100.160000	0.130938
100.224000	0.130938
100.288000	0.130938
100.352000	0.130938
100.416000	0.130938
100.480000	0.130938
100.544000	0.130938
100.608000	0.130938
100.672000	0.130938
100.736000	0.130938
100.800000	0.130938
100.864000	0.130938
100.928000	0.130938
100.992000	0.130938
101.056000	0.130938
101.120000	0.130938
101.184000	0.130938
101.248000	0.130938
101.312000	0.130938
101.376000	0.130938
101.440000	0.130938
101.504000	0.130938
101.568000	0.130938
101.632000	0.130938
101.696000	0.130938
101.760000	0.130938
101.824000	0.130938
101.888000	0.130938
101.952000	0.130938
102.016000	0.130938
102.080000	0.130938
102.144000	0.130938
102.208000	0.130938
102.272000	0.130938
102.336000	0.130938
102.400000	0.130938
102.464000	0.130938
102.528000	0.130938
102.592000	0.130938
102.656000	0.130938
102.720000	0.130938
102.784000	0.130938
102.848000	0.130938
102.912000	0.130938
102.976000	0.130938
103.040000	0.130938
103.104000	0.130938
103.168000	0.130938
103.232000	0.130938
103.296000	0.130938
103.360000	0.130938
103.424000	0.103089
103.488000	0.103089
103.552000	0.103089
103.616000	0.103089
103.680000	0.103089
103.744000	0.103089
103.808000	0.103089
103.872000	0.103089
103.936000	0.103089
104.000000	0.103089
104.064000	0.103089
104.128000	0.103089
104.192000	0.103089
104.256000	0.103089
104.320000	0.103089
104.384000	0.103089
104.448000	0.103089
104.512000	0.103089
104.576000	0.103089
104.640000	0.103089
104.704000	0.103089
104.768000	0.103089
104.832000	0.103089
104.896000	0.103089
104.960000	0.103089
105.024000	0.103089
105.088000	0.103089
105.152000	0.103089
105.216000	0.103089
105.280000	0.103089
105.344000	0.103089
105.408000	0.103089
105.472000	0.103089
105.536000	0.103089
105.600000	0.103089
105.664000	0.103089
105.728000	0.103089
105.792000	0.103089
105.856000	0.103089
105.920000	0.103089
105.984000	0.103089
106.048000	0.103089
106.112000	0.103089
106.176000	0.103089
106.240000	0.103089
106.304000	0.103089
106.368000	0.103089
106.432000	0.103089
106.496000	0.103089
106.560000	0.103089
106.624000	0.103089
106.688000	0.103089
106.752000	0.103089
106.816000	0.103089
106.880000	0.103089
106.944000	0.103089
107.008000	0.103089
107.072000	0.103089
107.136000	0.103089
107.200000	0.103089
107.264000	0.103089
107.328000	0.103089
107.392000	0.103089
107.456000	0.103089
107.520000	0.103089
107.584000	0.103089
107.648000	0.103089
107.712000	0.103089
107.776000	0.103089
107.840000	0.103089
107.904000	0.103089
107.968000	0.103089
108.032000	0.103089
108.096000	0.103089
108.160000	0.103089
108.224000	0.103089
108.288000	0.103089
108.352000	0.103089
108.416000	0.103089
108.480000	0.103089
108.544000	0.103089
108.608000	0.103089
108.672000	0.103089
108.736000	0.103089
108.800000	0.103089
108.864000	0.103089
108.928000	0.103089
108.992000	0.103089
109.056000	0.103089
109.120000	0.103089
109.184000	0.103089
109.248000	0.103089
109.312000	0.103089
109.376000	0.103089
109.440000	0.103089
109.504000	0.103089
109.568000	0.103089
109.632000	0.103089
109.696000	0.103089
109.760000	0.103089
109.824000	0.127530
109.888000	0.127530
109.952000	0.127530
110.016000	0.127530
110.080000	0.127530
110.144000	0.127530
110.208000	0.127530
110.272000	0.127530
110.336000	0.127530
110.400000	0.127530
110.464000	0.127530
110.528000	0.127530
110.592000	0.127530
110.656000	0.127530
110.720000	0.127530
110.784000	0.127530
110.848000	0.127530
110.912000	0.127530
110.976000	0.127530
111.040000	0.127530
111.104000	0.127530
111.168000	0.127530
111.232000	0.127530
111.296000	0.127530
111.360000	0.127530
111.424000	0.127530
111.488000	0.127530
111.552000	0.127530
111.616000	0.127530
111.680000	0.127530
111.744000	0.127530
111.808000	0.127530
111.872000	0.127530
111.936000	0.127530
112.000000	0.127530
112.064000	0.127530
112.128000	0.127530
112.192000	0.127530
112.256000	0.127530
112.320000	0.127530
112.384000	0.127530
112.448000	0.127530
112.512000	0.127530
112.576000	0.127530
112.640000	0.127530
112.704000	0.127530
112.768000	0.127530
112.832000	0.127530
112.896000	0.127530
112.960000	0.127530
113.024000	0.127530
113.088000	0.127530
113.152000	0.207384
113.216000	0.352282
113.280000	0.391612
113.344000	0.391612
113.408000	0.391612
113.472000	0.391612
113.536000	0.391612
113.600000	0.391612
113.664000	0.391612
113.728000	0.391612
113.792000	0.454857
113.856000	0.510901
113.920000	0.510901
113.984000	0.510901
114.048000	0.510901
114.112000	0.510901
114.176000	0.510901
114.240000	0.510901
114.304000	0.510901
114.368000	0.510901
114.432000	0.510901
114.496000	0.510901
114.560000	0.510901
114.624000	0.510901
114.688000	0.510901
114.752000	0.510901
114.816000	0.510901
114.880000	0.510901
114.944000	0.510901
115.008000	0.510901
115.072000	0.510901
115.136000	0.510901
115.200000	0.510901
115.264000	0.510901
115.328000	0.510901
115.392000	0.510901
115.456000	0.510901
115.520000	0.510901
115.584000	0.510901
115.648000	0.510901
115.712000	0.510901
115.776000	0.510901
115.840000	0.510901
115.904000	0.510901
115.968000	0.510901
116.032000	0.510901
116.096000	0.510901
116.160000	0.510901
116.224000	0.510901
116.288000	0.510901
116.352000	0.510901
116.416000	0.510901
116.480000	0.510901
116.544000	0.510901
116.608000	0.510901
116.672000	0.372996
116.736000	0.372996
116.800000	0.372996
116.864000	0.372996
116.928000	0.372996
116.992000	0.372996
117.056000	0.372996
117.120000	0.372996
117.184000	0.372996
117.248000	0.372996
117.312000	0.372996
117.376000	0.372996
117.440000	0.372996
117.504000	0.372996
117.568000	0.372996
117.632000	0.372996
117.696000	0.372996
117.760000	0.372996
117.824000	0.372996
117.888000	0.372996
117.952000	0.372996
118.016000	0.372996
118.080000	0.372996
118.144000	0.372996
118.208000	0.372996
118.272000	0.372996
118.336000	0.372996
118.400000	0.372996
118.464000	0.372996
118.528000	0.372996
118.592000	0.372996
118.656000	0.372996
118.720000	0.372996
118.784000	0.372996
118.848000	0.372996
118.912000	0.372996
118.976000	0.372996
119.040000	0.372996
119.104000	0.372996
119.168000	0.372996
119.232000	0.372996
119.296000	0.372996
119.360000	0.372996
119.424000	0.372996
119.488000	0.372996
119.552000	0.372996
119.616000	0.372996
119.680000	0.372996
119.744000	0.372996
119.808000	0.372996
119.872000	0.372996
119.936000	0.372996
120.000000	0.372996
120.064000	0.372996
120.128000	0.372996
120.192000	0.372996
120.256000	0.372996
120.320000	0.372996
120.384000	0.372996
120.448000	0.372996
120.512000	0.372996
120.576000	0.372996
120.640000	0.372996
120.704000	0.372996
120.768000	0.372996
120.832000	0.372996
120.896000	0.372996
120.960000	0.372996
121.024000	0.372996
121.088000	0.372996
121.152000	0.372996
121.216000	0.372996
121.280000	0.372996
121.344000	0.372996
121.408000	0.372996
121.472000	0.372996
121.536000	0.372996
121.600000	0.372996
121.664000	0.372996
121.728000	0.372996
121.792000	0.372996
121.856000	0.372996
121.920000	0.372996
121.984000	0.372996
122.048000	0.372996
122.112000	0.372996
122.176000	0.372996
122.240000	0.372996
122.304000	0.372996
122.368000	0.372996
122.432000	0.372996
122.496000	0.372996
122.560000	0.372996
122.624000	0.372996
122.688000	0.372996
122.752000	0.372996
122.816000	0.372996
122.880000	0.372996
122.944000	0.372996
123.008000	0.372996
123.072000	0.392548
123.136000	0.392548
123.200000	0.392548
123.264000	0.392548
123.328000	0.392548
123.392000	0.392548
123.456000	0.392548
123.520000	0.392548
123.584000	0.392548
123.648000	0.392548
123.712000	0.392548
123.776000	0.392548
123.840000	0.392548
123.904000	0.392548
123.968000	0.392548
124.032000	0.392548
124.096000	0.392548
124.160000	0.392548
124.224000	0.392548
124.288000	0.392548
124.352000	0.392548
124.416000	0.392548
124.480000	0.392548
124.544000	0.392548
124.608000	0.434920
124.672000	0.434920
124.736000	0.434920
124.800000	0.434920
124.864000	0.434920
124.928000	0.434920
124.992000	0.434920
125.056000	0.434920
125.120000	0.434920
125.184000	0.434920
125.248000	0.448981
125.312000	0.448981
125.376000	0.448981
125.440000	0.448981
125.504000	0.448981
125.568000	0.448981
125.632000	0.448981
125.696000	0.448981
125.760000	0.448981
125.824000	0.448981
125.888000	0.448981
125.952000	0.448981
126.016000	0.448981
126.080000	0.448981
126.144000	0.448981
126.208000	0.448981
126.272000	0.448981
126.336000	0.448981
126.400000	0.448981
126.464000	0.448981
126.528000	0.448981
126.592000	0.448981
126.656000	0.448981
126.720000	0.448981
126.784000	0.448981
126.848000	0.448981
126.912000	0.448981
126.976000	0.448981
127.040000	0.439177
127.104000	0.439177
127.168000	0.439177
127.232000	0.439177
127.296000	0.439177
127.360000	0.439177
127.424000	0.439177
127.488000	0.439177
127.552000	0.439177
127.616000	0.439177
127.680000	0.439177
127.744000	0.439177
127.808000	0.439177
127.872000	0.439177
127.936000	0.439177
128.000000	0.439177
128.064000	0.439177
128.128000	0.439177
128.192000	0.439177
128.256000	0.439177
128.320000	0.439177
128.384000	0.439177
128.448000	0.439177
128.512000	0.439177
128.576000	0.439177
128.640000	0.412072
128.704000	0.412072
128.768000	0.412072
128.832000	0.412072
128.896000	0.342633
128.960000	0.342633
129.024000	0.342633
129.088000	0.342633
129.152000	0.342633
129.216000	0.342633
129.280000	0.342633
129.344000	0.342633
129.408000	0.342633
129.472000	0.342633
129.536000	0.342633
129.600000	0.342633
129.664000	0.342633
129.728000	0.342633
129.792000	0.342633
129.856000	0.342633
129.920000	0.342633
129.984000	0.342633
130.048000	0.342633
130.112000	0.342633
130.176000	0.342633
130.240000	0.342633
130.304000	0.342633
130.368000	0.342633
130.432000	0.342633
130.496000	0.342633
130.560000	0.342633
130.624000	0.342633
130.688000	0.342633
130.752000	0.342633
130.816000	0.342633
130.880000	0.342633
130.944000	0.342633
131.008000	0.342633
131.072000	0.342633
131.136000	0.342633
131.200000	0.342633
131.264000	0.342633
131.328000	0.342633
131.392000	0.342633
131.456000	0.342633
131.520000	0.336891
131.584000	0.336891
131.648000	0.336891
131.712000	0.336891
131.776000	0.336891
131.840000	0.336891
131.904000	0.336891
131.968000	0.336891
132.032000	0.336891
132.096000	0.336891
132.160000	0.336891
132.224000	0.336891
132.288000	0.336891
132.352000	0.336891
132.416000	0.336891
132.480000	0.336891
132.544000	0.336891
132.608000	0.336891
132.672000	0.336891
132.736000	0.336891
132.800000	0.336891
132.864000	0.336891
132.928000	0.336891
132.992000	0.336891
133.056000	0.336891
133.120000	0.336891
133.184000	0.336891
133.248000	0.336891
133.312000	0.336891
133.376000	0.336891
133.440000	0.336891
133.504000	0.336891
133.568000	0.336891
133.632000	0.336891
133.696000	0.336891
133.760000	0.336891
133.824000	0.336891
133.888000	0.336891
133.952000	0.336891
134.016000	0.336891
134.080000	0.336891
134.144000	0.336891
134.208000	0.336891
134.272000	0.336891
134.336000	0.336891
134.400000	0.336891
134.464000	0.336891
134.528000	0.336891
134.592000	0.336891
134.656000	0.336891
134.720000	0.336891
134.784000	0.336891
134.848000	0.336891
134.912000	0.336891
134.976000	0.336891
135.040000	0.336891
135.104000	0.336891
135.168000	0.336891
135.232000	0.336891
135.296000	0.336891
135.360000	0.336891
135.424000	0.336891
135.488000	0.336891
135.552000	0.336891
135.616000	0.336891
135.680000	0.336891
135.744000	0.336891
135.808000	0.336891
135.872000	0.336891
135.936000	0.336891
136.000000	0.336891
136.064000	0.336891
136.128000	0.336891
136.192000	0.336891
136.256000	0.336891
136.320000	0.336891
136.384000	0.336891
136.448000	0.336891
136.512000	0.336891
136.576000	0.336891
136.640000	0.336891
136.704000	0.336891
136.768000	0.336891
136.832000	0.336891
136.896000	0.336891
136.960000	0.336891
137.024000	0.336891
137.088000	0.336891
137.152000	0.336891
137.216000	0.336891
137.280000	0.336891
137.344000	0.336891
137.408000	0.336891
137.472000	0.336891
137.536000	0.336891
137.600000	0.336891
137.664000	0.336891
137.728000	0.336891
137.792000	0.336891
137.856000	0.336891
137.920000	0.418198
137.984000	0.418198
138.048000	0.418198
138.112000	0.418198
138.176000	0.418198
138.240000	0.418198
138.304000	0.418198
138.368000	0.418198
138.432000	0.418198
138.496000	0.418198
138.560000	0.418198
138.624000	0.418198
138.688000	0.418198
138.752000	0.418198
138.816000	0.418198
138.880000	0.418198
138.944000	0.418198
139.008000	0.418198
139.072000	0.418198
139.136000	0.418198
139.200000	0.418198
139.264000	0.418198
139.328000	0.418198
139.392000	0.418198
139.456000	0.418198
139.520000	0.418198
139.584000	0.418198
139.648000	0.418198
139.712000	0.418198
139.776000	0.418198
139.840000	0.447720
139.904000	0.447720
139.968000	0.447720
140.032000	0.447720
140.096000	0.447720
140.160000	0.447720
140.224000	0.447720
140.288000	0.447720
140.352000	0.447720
140.416000	0.447720
140.480000	0.447720
140.544000	0.447720
140.608000	0.447720
140.672000	0.447720
140.736000	0.447720
140.800000	0.447720
140.864000	0.461612
140.928000	0.461612
140.992000	0.461612
141.056000	0.461612
141.120000	0.461612
141.184000	0.461612
141.248000	0.461612
141.312000	0.461612
141.376000	0.461612
141.440000	0.461612
141.504000	0.461612
141.568000	0.461612
141.632000	0.461612
141.696000	0.461612
141.760000	0.461612
141.824000	0.461612
141.888000	0.461612
141.952000	0.461612
142.016000	0.413209
142.080000	0.413209
142.144000	0.413209
142.208000	0.413209
142.272000	0.413209
142.336000	0.413209
142.400000	0.413209
142.464000	0.413209
142.528000	0.413209
142.592000	0.413209
142.656000	0.413209
142.720000	0.413209
142.784000	0.413209
142.848000	0.413209
142.912000	0.413209
142.976000	0.413209
143.040000	0.413209
143.104000	0.413209
143.168000	0.413209
143.232000	0.413209
143.296000	0.413209
143.360000	0.413209
143.424000	0.413209
143.488000	0.413209
143.552000	0.413209
143.616000	0.413209
143.680000	0.413209
143.744000	0.296055
143.808000	0.296055
143.872000	0.296055
143.936000	0.296055
144.000000	0.296055
144.064000	0.296055
144.128000	0.296055
144.192000	0.296055
144.256000	0.296055
144.320000	0.296055
144.384000	0.296055
144.448000	0.296055
144.512000	0.296055
144.576000	0.296055
144.640000	0.296055
144.704000	0.296055
144.768000	0.296055
144.832000	0.296055
144.896000	0.296055
144.960000	0.296055
145.024000	0.296055
145.088000	0.296055
145.152000	0.296055
145.216000	0.296055
145.280000	0.296055
145.344000	0.296055
145.408000	0.296055
145.472000	0.296055
145.536000	0.296055
145.600000	0.296055
145.664000	0.296055
145.728000	0.296055
145.792000	0.296055
145.856000	0.296055
145.920000	0.296055
145.984000	0.296055
146.048000	0.296055
146.112000	0.296055
146.176000	0.296055
146.240000	0.296055
146.304000	0.296055
146.368000	0.296055
146.432000	0.296055
146.496000	0.296055
146.560000	0.296055
146.624000	0.296055
146.688000	0.296055
146.752000	0.296055
146.816000	0.296055
146.880000	0.296055
146.944000	0.296055
147.008000	0.296055
147.072000	0.296055
147.136000	0.296055
147.200000	0.296055
147.264000	0.296055
147.328000	0.296055
147.392000	0.296055
147.456000	0.296055
147.520000	0.296055
147.584000	0.296055
147.648000	0.296055
147.712000	0.296055
147.776000	0.296055
147.840000	0.296055
147.904000	0.296055
147.968000	0.296055
148.032000	0.296055
148.096000	0.296055
148.160000	0.296055
148.224000	0.296055
148.288000	0.296055
148.352000	0.296055
148.416000	0.296055
148.480000	0.296055
148.544000	0.296055
148.608000	0.296055
148.672000	0.296055
148.736000	0.296055
148.800000	0.296055
148.864000	0.296055
148.928000	0.296055
148.992000	0.296055
149.056000	0.296055
149.120000	0.296055
149.184000	0.296055
149.248000	0.296055
149.312000	0.296055
149.376000	0.296055
149.440000	0.296055
149.504000	0.296055
149.568000	0.296055
149.632000	0.296055
149.696000	0.296055
149.760000	0.296055
149.824000	0.296055
149.888000	0.296055
149.952000	0.296055
150.016000	0.296055
150.080000	0.296055
150.144000	0.442451
150.208000	0.442451
150.272000	0.513423
150.336000	0.513423
150.400000	0.513423
150.464000	0.513423
150.528000	0.513423
150.592000	0.513423
150.656000	0.513423
150.720000	0.513423
150.784000	0.513423
150.848000	0.513423
150.912000	0.513423
150.976000	0.513423
151.040000	0.513423
151.104000	0.513423
151.168000	0.513423
151.232000	0.513423
151.296000	0.513423
151.360000	0.513423
151.424000	0.513423
151.488000	0.513423
151.552000	0.513423
151.616000	0.513423
151.680000	0.513423
151.744000	0.513423
151.808000	0.513423
151.872000	0.513423
151.936000	0.513423
152.000000	0.513423
152.064000	0.513423
152.128000	0.513423
152.192000	0.513423
152.256000	0.513423
152.320000	0.513423
152.384000	0.513423
152.448000	0.513423
152.512000	0.513423
152.576000	0.513423
152.640000	0.513423
152.704000	0.513423
152.768000	0.513423
152.832000	0.451790
152.896000	0.451790
152.960000	0.451790
153.024000	0.451790
153.088000	0.451790
153.152000	0.451790
153.216000	0.451790
153.280000	0.451790
153.344000	0.451790
153.408000	0.236850
153.472000	0.236850
153.536000	0.236850
153.600000	0.236850
153.664000	0.236850
153.728000	0.236850
153.792000	0.236850
153.856000	0.236850
153.920000	0.236850
153.984000	0.236850
154.048000	0.236850
154.112000	0.236850
154.176000	0.236850
154.240000	0.236850
154.304000	0.236850
154.368000	0.236850
154.432000	0.236850
154.496000	0.236850
154.560000	0.236850
154.624000	0.236850
154.688000	0.236850
154.752000	0.236850
154.816000	0.236850
154.880000	0.236850
154.944000	0.236850
155.008000	0.236850
155.072000	0.236850
155.136000	0.236850
155.200000	0.236850
155.264000	0.236850
155.328000	0.236850
155.392000	0.236850
155.456000	0.236850
155.520000	0.236850
155.584000	0.236850
155.648000	0.236850
155.712000	0.236850
155.776000	0.236850
155.840000	0.236850
155.904000	0.236850
155.968000	0.236850
156.032000	0.236850
156.096000	0.236850
156.160000	0.236850
156.224000	0.236850
156.288000	0.236850
156.352000	0.236850
156.416000	0.236850
156.480000	0.236850
156.544000	0.236850
156.608000	0.236850
156.672000	0.236850
156.736000	0.236850
156.800000	0.236850
156.864000	0.236850
156.928000	0.236850
156.992000	0.236850
157.056000	0.236850
157.120000	0.236850
157.184000	0.236850
157.248000	0.236850
157.312000	0.236850
157.376000	0.236850
157.440000	0.236850
157.504000	0.236850
157.568000	0.236850
157.632000	0.236850
157.696000	0.236850
157.760000	0.236850
157.824000	0.236850
157.888000	0.236850
157.952000	0.236850
158.016000	0.236850
158.080000	0.236850
158.144000	0.236850
158.208000	0.236850
158.272000	0.236850
158.336000	0.236850
158.400000	0.236850
158.464000	0.236850
158.528000	0.236850
158.592000	0.236850
158.656000	0.236850
158.720000	0.236850
158.784000	0.236850
158.848000	0.236850
158.912000	0.236850
158.976000	0.236850
159.040000	0.236850
159.104000	0.236850
159.168000	0.236850
159.232000	0.236850
159.296000	0.236850
159.360000	0.236850
159.424000	0.236850
159.488000	0.236850
159.552000	0.236850
159.616000	0.236850
159.680000	0.236850
159.744000	0.236850
159.808000	0.511391
159.872000	0.511391
159.936000	0.511391
160.000000	0.511391
160.064000	0.523789
160.128000	0.523789
160.192000	0.523789
160.256000	0.523789
160.320000	0.523789
160.384000	0.523789
160.448000	0.523789
160.512000	0.507466
160.576000	0.441451
160.640000	0.441451
160.704000	0.441451
160.768000	0.441451
160.832000	0.441451
160.896000	0.441451
160.960000	0.441451
161.024000	0.441451
161.088000	0.441451
161.152000	0.441451
161.216000	0.441451
161.280000	0.441451
161.344000	0.441451
161.408000	0.342317
161.472000	0.342317
161.536000	0.342317
161.600000	0.342317
161.664000	0.342317
161.728000	0.342317
161.792000	0.342317
161.856000	0.342317
161.920000	0.342317
161.984000	0.342317
162.048000	0.342317
162.112000	0.342317
162.176000	0.342317
162.240000	0.342317
162.304000	0.342317
162.368000	0.342317
162.432000	0.342317
162.496000	0.342317
162.560000	0.342317
162.624000	0.342317
162.688000	0.342317
162.752000	0.342317
162.816000	0.342317
162.880000	0.342317
162.944000	0.342317
163.008000	0.342317
163.072000	0.342317
163.136000	0.342317
163.200000	0.342317
163.264000	0.342317
163.328000	0.342317
163.392000	0.342317
163.456000	0.342317
163.520000	0.342317
163.584000	0.342317
163.648000	0.342317
163.712000	0.342317
163.776000	0.342317
163.840000	0.342317
163.904000	0.342317
163.968000	0.342317
164.032000	0.342317
164.096000	0.342317
164.160000	0.342317
164.224000	0.342317
164.288000	0.342317
164.352000	0.342317
164.416000	0.342317
164.480000	0.342317
164.544000	0.342317
164.608000	0.342317
164.672000	0.342317
164.736000	0.342317
164.800000	0.342317
164.864000	0.342317
164.928000	0.342317
164.992000	0.342317
165.056000	0.342317
165.120000	0.342317
165.184000	0.342317
165.248000	0.342317
165.312000	0.342317
165.376000	0.342317
165.440000	0.342317
165.504000	0.342317
165.568000	0.342317
165.632000	0.342317
165.696000	0.342317
165.760000	0.342317
165.824000	0.342317
165.888000	0.342317
165.952000	0.342317
166.016000	0.342317
166.080000	0.342317
166.144000	0.342317
166.208000	0.342317
166.272000	0.342317
166.336000	0.342317
166.400000	0.342317
166.464000	0.342317
166.528000	0.342317
166.592000	0.342317
166.656000	0.342317
166.720000	0.342317
166.784000	0.342317
166.848000	0.342317
166.912000	0.342317
166.976000	0.342317
167.040000	0.342317
167.104000	0.342317
167.168000	0.342317
167.232000	0.342317
167.296000	0.342317
167.360000	0.342317
167.424000	0.342317
167.488000	0.342317
167.552000	0.342317
167.616000	0.342317
167.680000	0.342317
167.744000	0.342317
167.808000	0.368774
167.872000	0.355944
167.936000	0.313926
168.000000	0.313926
168.064000	0.313926
168.128000	0.313926
168.192000	0.313926
168.256000	0.313926
168.320000	0.313926
168.384000	0.313926
168.448000	0.313926
168.512000	0.313926
168.576000	0.313926
168.640000	0.313926
168.704000	0.313926
168.768000	0.313926
168.832000	0.313926
168.896000	0.313926
168.960000	0.313926
169.024000	0.313926
169.088000	0.313926
169.152000	0.313926
169.216000	0.313926
169.280000	0.313926
169.344000	0.313926
169.408000	0.313926
169.472000	0.313926
169.536000	0.313926
169.600000	0.313926
169.664000	0.313926
169.728000	0.313926
169.792000	0.313926
169.856000	0.313926
169.920000	0.313926
169.984000	0.313926
170.048000	0.313926
170.112000	0.313926
170.176000	0.313926
170.240000	0.313926
170.304000	0.313926
170.368000	0.313926
170.432000	0.313926
170.496000	0.313926
170.560000	0.313926
170.624000	0.313926
170.688000	0.313926
170.752000	0.313926
170.816000	0.313926
170.880000	0.313926
170.944000	0.313926
171.008000	0.313926
171.072000	0.313926
171.136000	0.313926
171.200000	0.313926
171.264000	0.313926
171.328000	0.313926
171.392000	0.313926
171.456000	0.313926
171.520000	0.313926
171.584000	0.313926
171.648000	0.313926
171.712000	0.313926
171.776000	0.313926
171.840000	0.313926
171.904000	0.313926
171.968000	0.313926
172.032000	0.313926
172.096000	0.313926
172.160000	0.313926
172.224000	0.313926
172.288000	0.313926
172.352000	0.313926
172.416000	0.313926
172.480000	0.313926
172.544000	0.313926
172.608000	0.313926
172.672000	0.313926
172.736000	0.313926
172.800000	0.313926
172.864000	0.313926
172.928000	0.313926
172.992000	0.313926
173.056000	0.313926
173.120000	0.313926
173.184000	0.313926
173.248000	0.313926
173.312000	0.313926
173.376000	0.313926
173.440000	0.313926
173.504000	0.313926
173.568000	0.239472
173.632000	0.239472
173.696000	0.239472
173.760000	0.239472
173.824000	0.239472
173.888000	0.239472
173.952000	0.239472
174.016000	0.239472
174.080000	0.239472
174.144000	0.239472
174.208000	0.239472
174.272000	0.239472
174.336000	0.239472
174.400000	0.239472
174.464000	0.239472
174.528000	0.239472
174.592000	0.239472
174.656000	0.239472
174.720000	0.239472
174.784000	0.239472
174.848000	0.239472
174.912000	0.239472
174.976000	0.239472
175.040000	0.239472
175.104000	0.239472
175.168000	0.239472
175.232000	0.239472
175.296000	0.239472
175.360000	0.239472
175.424000	0.239472
175.488000	0.239472
175.552000	0.239472
175.616000	0.239472
175.680000	0.239472
175.744000	0.239472
175.808000	0.239472
175.872000	0.239472
175.936000	0.239472
176.000000	0.239472
176.064000	0.239472
176.128000	0.239472
176.192000	0.239472
176.256000	0.239472
176.320000	0.239472
176.384000	0.239472
176.448000	0.239472
176.512000	0.239472
176.576000	0.239472
176.640000	0.239472
176.704000	0.239472
176.768000	0.239472
176.832000	0.239472
176.896000	0.239472
176.960000	0.239472
177.024000	0.239472
177.088000	0.239472
177.152000	0.239472
177.216000	0.239472
177.280000	0.239472
177.344000	0.239472
177.408000	0.239472
177.472000	0.239472
177.536000	0.239472
177.600000	0.239472
177.664000	0.239472
177.728000	0.239472
177.792000	0.239472
177.856000	0.239472
177.920000	0.239472
177.984000	0.239472
178.048000	0.239472
178.112000	0.239472
178.176000	0.239472
178.240000	0.239472
178.304000	0.239472
178.368000	0.239472
178.432000	0.239472
178.496000	0.239472
178.560000	0.239472
178.624000	0.239472
178.688000	0.239472
178.752000	0.239472
178.816000	0.239472
178.880000	0.239472
178.944000	0.239472
179.008000	0.239472
179.072000	0.239472
179.136000	0.239472
179.200000	0.239472
179.264000	0.239472
179.328000	0.239472
179.392000	0.239472
179.456000	0.239472
179.520000	0.239472
179.584000	0.239472
179.648000	0.239472
179.712000	0.239472
179.776000	0.239472
179.840000	0.239472
179.904000	0.239472
179.968000	0.316011
180.032000	0.316011
180.096000	0.316011
180.160000	0.316011
180.224000	0.316011
180.288000	0.316011
180.352000	0.316011
180.416000	0.316011
180.480000	0.316011
180.544000	0.316011
180.608000	0.316011
180.672000	0.316011
180.736000	0.316011
180.800000	0.316011
180.864000	0.316011
180.928000	0.316011
180.992000	0.316011
181.056000	0.316011
181.120000	0.316011
181.184000	0.316011
181.248000	0.316011
181.312000	0.316011
181.376000	0.316011
181.440000	0.316011
181.504000	0.316011
181.568000	0.316011
181.632000	0.316011
181.696000	0.316011
181.760000	0.316011
181.824000	0.316011
181.888000	0.316011
181.952000	0.316011
182.016000	0.316011
182.080000	0.316011
182.144000	0.316011
182.208000	0.316011
182.272000	0.316011
182.336000	0.316011
182.400000	0.316011
182.464000	0.316011
182.528000	0.316011
182.592000	0.316011
182.656000	0.316011
182.720000	0.316011
182.784000	0.316011
182.848000	0.316011
182.912000	0.316011
182.976000	0.316011
183.040000	0.316011
183.104000	0.316011
183.168000	0.316011
183.232000	0.316011
183.296000	0.316011
183.360000	0.316011
183.424000	0.316011
183.488000	0.316011
183.552000	0.316011
183.616000	0.316011
183.680000	0.316011
183.744000	0.316011
183.808000	0.316011
183.872000	0.316011
183.936000	0.316011
184.000000	0.316011
184.064000	0.316011
184.128000	0.316011
184.192000	0.316011
184.256000	0.316011
184.320000	0.342435
184.384000	0.361161
184.448000	0.361161
184.512000	0.361161
184.576000	0.361161
184.640000	0.361161
184.704000	0.361161
184.768000	0.361161
184.832000	0.361161
184.896000	0.361161
184.960000	0.361161
185.024000	0.361161
185.088000	0.361161
185.152000	0.361161
185.216000	0.361161
185.280000	0.361161
185.344000	0.361161
185.408000	0.361161
185.472000	0.361161
185.536000	0.361161
185.600000	0.361161
185.664000	0.361161
185.728000	0.361161
185.792000	0.361161
185.856000	0.289510
185.920000	0.289510
185.984000	0.289510
186.048000	0.289510
186.112000	0.289510
186.176000	0.289510
186.240000	0.289510
186.304000	0.289510
186.368000	0.289510
186.432000	0.289510
186.496000	0.289510
186.560000	0.289510
186.624000	0.289510
186.688000	0.289510
186.752000	0.289510
186.816000	0.289510
186.880000	0.289510
186.944000	0.289510
187.008000	0.289510
187.072000	0.289510
187.136000	0.289510
187.200000	0.289510
187.264000	0.289510
187.328000	0.289510
187.392000	0.289510
187.456000	0.289510
187.520000	0.289510
187.584000	0.289510
187.648000	0.289510
187.712000	0.289510
187.776000	0.289510
187.840000	0.289510
187.904000	0.289510
187.968000	0.289510
188.032000	0.289510
188.096000	0.289510
188.160000	0.289510
188.224000	0.289510
188.288000	0.289510
188.352000	0.289510
188.416000	0.289510
188.480000	0.289510
188.544000	0.289510
188.608000	0.289510
188.672000	0.289510
188.736000	0.289510
188.800000	0.289510
188.864000	0.289510
188.928000	0.289510
188.992000	0.289510
189.056000	0.289510
189.120000	0.289510
189.184000	0.289510
189.248000	0.289510
189.312000	0.289510
189.376000	0.289510
189.440000	0.289510
189.504000	0.289510
189.568000	0.289510
189.632000	0.289510
189.696000	0.289510
189.760000	0.289510
189.824000	0.289510
189.888000	0.289510
189.952000	0.289510
190.016000	0.289510
190.080000	0.289510
190.144000	0.289510
190.208000	0.289510
190.272000	0.289510
190.336000	0.289510
190.400000	0.289510
190.464000	0.289510
190.528000	0.289510
190.592000	0.289510
190.656000	0.289510
190.720000	0.289510
190.784000	0.289510
190.848000	0.289510
190.912000	0.289510
190.976000	0.289510
191.040000	0.289510
191.104000	0.289510
191.168000	0.289510
191.232000	0.289510
191.296000	0.289510
191.360000	0.289510
191.424000	0.289510
191.488000	0.289510
191.552000	0.289510
191.616000	0.289510
191.680000	0.289510
191.744000	0.289510
191.808000	0.289510
191.872000	0.289510
191.936000	0.289510
192.000000	0.289510
192.064000	0.289510
192.128000	0.289510
192.192000	0.289510
192.256000	0.301949
192.320000	0.301949
192.384000	0.301949
192.448000	0.301949
192.512000	0.301949
192.576000	0.301949
192.640000	0.301949
192.704000	0.301949
192.768000	0.301949
192.832000	0.301949
192.896000	0.209393
192.960000	0.209393
193.024000	0.209393
193.088000	0.209393
193.152000	0.209393
193.216000	0.209393
193.280000	0.209393
193.344000	0.209393
193.408000	0.209393
193.472000	0.209393
193.536000	0.209393
193.600000	0.209393
193.664000	0.209393
193.728000	0.209393
193.792000	0.209393
193.856000	0.209393
193.920000	0.209393
193.984000	0.209393
194.048000	0.209393
194.112000	0.209393
194.176000	0.209393
194.240000	0.209393
194.304000	0.209393
194.368000	0.209393
194.432000	0.209393
194.496000	0.209393
194.560000	0.209393
194.624000	0.209393
194.688000	0.111011
194.752000	0.111011
194.816000	0.111011
194.880000	0.111011
194.944000	0.111011
195.008000	0.111011
195.072000	0.111011
195.136000	0.111011
195.200000	0.111011
195.264000	0.111011
195.328000	0.111011
195.392000	0.111011
195.456000	0.111011
195.520000	0.111011
195.584000	0.111011
195.648000	0.111011
195.712000	0.111011
195.776000	0.111011
195.840000	0.111011
195.904000	0.111011
195.968000	0.111011
196.032000	0.111011
196.096000	0.111011
196.160000	0.111011
196.224000	0.111011
196.288000	0.111011
196.352000	0.111011
196.416000	0.111011
196.480000	0.111011
196.544000	0.111011
196.608000	0.111011
196.672000	0.111011
196.736000	0.111011
196.800000	0.111011
196.864000	0.111011
196.928000	0.111011
196.992000	0.111011
197.056000	0.111011
197.120000	0.111011
197.184000	0.111011
197.248000	0.111011
197.312000	0.111011
197.376000	0.111011
197.440000	0.111011
197.504000	0.111011
197.568000	0.111011
197.632000	0.111011
197.696000	0.111011
197.760000	0.111011
197.824000	0.111011
197.888000	0.111011
197.952000	0.111011
198.016000	0.111011
198.080000	0.111011
198.144000	0.111011
198.208000	0.111011
198.272000	0.111011
198.336000	0.111011
198.400000	0.111011
198.464000	0.111011
198.528000	0.111011
198.592000	0.111011
198.656000	0.111011
198.720000	0.111011
198.784000	0.111011
198.848000	0.111011
198.912000	0.111011
198.976000	0.111011
199.040000	0.111011
199.104000	0.111011
199.168000	0.111011
199.232000	0.111011
199.296000	0.111011
199.360000	0.111011
199.424000	0.111011
199.488000	0.111011
199.552000	0.111011
199.616000	0.111011
199.680000	0.111011
199.744000	0.111011
199.808000	0.111011
199.872000	0.111011
199.936000	0.111011
200.000000	0.111011
200.064000	0.111011
200.128000	0.111011
200.192000	0.111011
200.256000	0.111011
200.320000	0.111011
200.384000	0.111011
200.448000	0.111011
200.512000	0.111011
200.576000	0.111011
200.640000	0.111011
200.704000	0.111011
200.768000	0.111011
200.832000	0.111011
200.896000	0.111011
200.960000	0.111011
201.024000	0.111011
201.088000	0.204447
201.152000	0.204447
201.216000	0.204447
201.280000	0.204447
201.344000	0.204447
201.408000	0.204447
201.472000	0.204447
201.536000	0.204447
201.600000	0.204447
201.664000	0.204447
201.728000	0.204447
201.792000	0.204447
201.856000	0.204447
201.920000	0.204447
201.984000	0.204447
202.048000	0.204447
202.112000	0.204447
202.176000	0.204447
202.240000	0.204447
202.304000	0.204447
202.368000	0.204447
202.432000	0.204447
202.496000	0.204447
202.560000	0.204447
202.624000	0.344875
202.688000	0.344875
202.752000	0.344875
202.816000	0.344875
202.880000	0.344875
202.944000	0.344875
203.008000	0.344875
203.072000	0.344875
203.136000	0.344875
203.200000	0.344875
203.264000	0.344875
203.328000	0.344875
203.392000	0.344875
203.456000	0.344875
203.520000	0.344875
203.584000	0.344875
203.648000	0.344875
203.712000	0.344875
203.776000	0.344875
203.840000	0.344875
203.904000	0.344875
203.968000	0.344875
204.032000	0.344875
204.096000	0.344875
204.160000	0.344875
204.224000	0.344875
204.288000	0.344875
204.352000	0.344875
204.416000	0.356284
204.480000	0.356284
204.544000	0.356284
204.608000	0.356284
204.672000	0.356284
204.736000	0.356284
204.800000	0.356284
204.864000	0.356284
204.928000	0.356284
204.992000	0.356284
205.056000	0.356284
205.120000	0.356284
205.184000	0.356284
205.248000	0.356284
205.312000	0.356284
205.376000	0.356284
205.440000	0.356284
205.504000	0.356284
205.568000	0.356284
205.632000	0.356284
205.696000	0.356284
205.760000	0.356284
205.824000	0.356284
205.888000	0.356284
205.952000	0.356284
206.016000	0.356284
206.080000	0.356284
206.144000	0.356284
206.208000	0.356284
206.272000	0.356284
206.336000	0.356284
206.400000	0.356284
206.464000	0.356284
206.528000	0.356284
206.592000	0.356284
206.656000	0.356284
206.720000	0.356284
206.784000	0.356284
206.848000	0.356284
206.912000	0.356284
206.976000	0.356284
207.040000	0.356284
207.104000	0.356284
207.168000	0.356284
207.232000	0.356284
207.296000	0.356284
207.360000	0.356284
207.424000	0.356284
207.488000	0.356284
207.552000	0.356284
207.616000	0.356284
207.680000	0.356284
207.744000	0.356284
207.808000	0.356284
207.872000	0.356284
207.936000	0.356284
208.000000	0.356284
208.064000	0.356284
208.128000	0.356284
208.192000	0.356284
208.256000	0.356284
208.320000	0.356284
208.384000	0.356284
208.448000	0.356284
208.512000	0.356284
208.576000	0.356284
208.640000	0.356284
208.704000	0.356284
208.768000	0.356284
208.832000	0.356284
208.896000	0.356284
208.960000	0.356284
209.024000	0.356284
209.088000	0.356284
209.152000	0.356284
209.216000	0.356284
209.280000	0.356284
209.344000	0.356284
209.408000	0.356284
209.472000	0.356284
209.536000	0.356284
209.600000	0.356284
209.664000	0.356284
209.728000	0.356284
209.792000	0.356284
209.856000	0.356284
209.920000	0.356284
209.984000	0.356284
210.048000	0.247046
210.112000	0.247046
210.176000	0.247046
210.240000	0.247046
210.304000	0.247046
210.368000	0.247046
210.432000	0.247046
210.496000	0.247046
210.560000	0.247046
210.624000	0.247046
210.688000	0.247046
210.752000	0.247046
210.816000	0.247046
210.880000	0.247046
210.944000	0.247046
211.008000	0.247046
211.072000	0.247046
211.136000	0.247046
211.200000	0.247046
211.264000	0.247046
211.328000	0.247046
211.392000	0.247046
211.456000	0.169995
211.520000	0.169995
211.584000	0.169995
211.648000	0.169995
211.712000	0.169995
211.776000	0.169995
211.840000	0.169995
211.904000	0.169995
211.968000	0.169995
212.032000	0.169995
212.096000	0.169995
212.160000	0.169995
212.224000	0.169995
212.288000	0.169995
212.352000	0.169995
212.416000	0.169995
212.480000	0.169995
212.544000	0.169995
212.608000	0.169995
212.672000	0.169995
212.736000	0.169995
212.800000	0.169995
212.864000	0.169995
212.928000	0.169995
212.992000	0.169995
213.056000	0.169995
213.120000	0.169995
213.184000	0.169995
213.248000	0.169995
213.312000	0.169995
213.376000	0.169995
213.440000	0.169995
213.504000	0.169995
213.568000	0.169995
213.632000	0.169995
213.696000	0.169995
213.760000	0.169995
213.824000	0.169995
213.888000	0.169995
213.952000	0.169995
214.016000	0.169995
214.080000	0.169995
214.144000	0.169995
214.208000	0.169995
214.272000	0.169995
214.336000	0.169995
214.400000	0.169995
214.464000	0.169995
214.528000	0.169995
214.592000	0.169995
214.656000	0.169995
214.720000	0.169995
214.784000	0.169995
214.848000	0.169995
214.912000	0.169995
214.976000	0.169995
215.040000	0.169995
215.104000	0.169995
215.168000	0.169995
215.232000	0.169995
215.296000	0.169995
215.360000	0.169995
215.424000	0.169995
215.488000	0.169995
215.552000	0.130997
215.616000	0.130997
215.680000	0.130997
215.744000	0.130997
215.808000	0.130997
215.872000	0.130997
215.936000	0.130997
216.000000	0.130997
216.064000	0.130997
216.128000	0.130997
216.192000	0.130997
216.256000	0.130997
216.320000	0.130997
216.384000	0.130997
216.448000	0.130997
216.512000	0.130997
216.576000	0.130997
216.640000	0.130997
216.704000	0.130997
216.768000	0.130997
216.832000	0.130997
216.896000	0.130997
216.960000	0.130997
217.024000	0.130997
217.088000	0.130997
217.152000	0.130997
217.216000	0.130997
217.280000	0.130997
217.344000	0.130997
217.408000	0.130997
217.472000	0.130997
217.536000	0.130997
217.600000	0.130997
217.664000	0.130997
217.728000	0.130997
217.792000	0.130997
217.856000	0.130997
217.920000	0.130997
217.984000	0.130997
218.048000	0.130997
218.112000	0.130997
218.176000	0.130997
218.240000	0.130997
218.304000	0.130997
218.368000	0.130997
218.432000	0.130997
218.496000	0.130997
218.560000	0.130997
218.624000	0.130997
218.688000	0.130997
218.752000	0.130997
218.816000	0.130997
218.880000	0.130997
218.944000	0.130997
219.008000	0.130997
219.072000	0.130997
219.136000	0.130997
219.200000	0.130997
219.264000	0.130997
219.328000	0.130997
219.392000	0.130997
219.456000	0.130997
219.520000	0.130997
219.584000	0.130997
219.648000	0.130997
219.712000	0.130997
219.776000	0.130997
219.840000	0.130997
219.904000	0.130997
219.968000	0.130997
220.032000	0.130997
220.096000	0.130997
220.160000	0.130997
220.224000	0.130997
220.288000	0.130997
220.352000	0.130997
220.416000	0.130997
220.480000	0.130997
220.544000	0.130997
220.608000	0.130997
220.672000	0.130997
220.736000	0.130997
220.800000	0.130997
220.864000	0.130997
220.928000	0.130997
220.992000	0.130997
221.056000	0.130997
221.120000	0.130997
221.184000	0.130997
221.248000	0.130997
221.312000	0.130997
221.376000	0.130997
221.440000	0.130997
221.504000	0.130997
221.568000	0.130997
221.632000	0.130997
221.696000	0.130997
221.760000	0.130997
221.824000	0.130997
221.888000	0.130997
221.952000	0.279858
222.016000	0.279858
222.080000	0.279858
222.144000	0.279858
222.208000	0.279858
222.272000	0.279858
222.336000	0.279858
222.400000	0.279858
222.464000	0.279858
222.528000	0.279858
222.592000	0.279858
222.656000	0.279858
222.720000	0.279858
222.784000	0.279858
222.848000	0.279858
222.912000	0.279858
222.976000	0.279858
223.040000	0.279858
223.104000	0.279858
223.168000	0.279858
223.232000	0.279858
223.296000	0.279858
223.360000	0.279858
223.424000	0.279858
223.488000	0.279858
223.552000	0.279858
223.616000	0.279858
223.680000	0.279858
223.744000	0.279858
223.808000	0.279858
223.872000	0.279858
223.936000	0.291418
224.000000	0.291418
224.064000	0.291418
224.128000	0.291418
224.192000	0.291418
224.256000	0.291418
224.320000	0.291418
224.384000	0.291418
224.448000	0.291418
224.512000	0.291418
224.576000	0.291418
224.640000	0.291418
224.704000	0.291418
224.768000	0.311061
224.832000	0.311061
224.896000	0.311061
224.960000	0.311061
225.024000	0.311061
225.088000	0.311061
225.152000	0.311061
225.216000	0.311061
225.280000	0.311061
225.344000	0.311061
225.408000	0.323373
225.472000	0.323373
225.536000	0.323373
225.600000	0.323373
225.664000	0.323373
225.728000	0.323373
225.792000	0.323373
225.856000	0.323373
225.920000	0.323373
225.984000	0.323373
226.048000	0.323373
226.112000	0.323373
226.176000	0.323373
226.240000	0.323373
226.304000	0.323373
226.368000	0.323373
226.432000	0.323373
226.496000	0.323373
226.560000	0.323373
226.624000	0.323373
226.688000	0.323373
226.752000	0.323373
226.816000	0.323373
226.880000	0.323373
226.944000	0.323373
227.008000	0.323373
227.072000	0.323373
227.136000	0.323373
227.200000	0.323373
227.264000	0.323373
227.328000	0.323373
227.392000	0.323373
227.456000	0.323373
227.520000	0.323373
227.584000	0.323373
227.648000	0.323373
227.712000	0.323373
227.776000	0.323373
227.840000	0.323373
227.904000	0.323373
227.968000	0.323373
228.032000	0.323373
228.096000	0.323373
228.160000	0.323373
228.224000	0.323373
228.288000	0.323373
228.352000	0.323373
228.416000	0.323373
228.480000	0.323373
228.544000	0.323373
228.608000	0.323373
228.672000	0.323373
228.736000	0.323373
228.800000	0.323373
228.864000	0.323373
228.928000	0.323373
228.992000	0.323373
229.056000	0.323373
229.120000	0.323373
229.184000	0.323373
229.248000	0.323373
229.312000	0.323373
229.376000	0.323373
229.440000	0.323373
229.504000	0.323373
229.568000	0.323373
229.632000	0.323373
229.696000	0.323373
229.760000	0.323373
229.824000	0.323373
229.888000	0.323373
229.952000	0.323373
230.016000	0.323373
230.080000	0.323373
230.144000	0.323373
230.208000	0.323373
230.272000	0.323373
230.336000	0.323373
230.400000	0.323373
230.464000	0.323373
230.528000	0.323373
230.592000	0.323373
230.656000	0.323373
230.720000	0.323373
230.784000	0.323373
230.848000	0.323373
230.912000	0.323373
230.976000	0.323373
231.040000	0.323373
231.104000	0.323373
231.168000	0.323373
231.232000	0.323373
231.296000	0.323373
231.360000	0.323373
231.424000	0.323373
231.488000	0.327454
231.552000	0.327454
231.616000	0.327454
231.680000	0.327454
231.744000	0.327454
231.808000	0.327454
231.872000	0.327454
231.936000	0.327454
232.000000	0.327454
232.064000	0.327454
232.128000	0.327454
232.192000	0.327454
232.256000	0.327454
232.320000	0.327454
232.384000	0.327454
232.448000	0.327454
232.512000	0.327454
232.576000	0.327454
232.640000	0.327454
232.704000	0.327454
232.768000	0.327454
232.832000	0.327454
232.896000	0.321942
232.960000	0.321942
233.024000	0.321942
233.088000	0.321942
233.152000	0.321942
233.216000	0.321942
233.280000	0.321942
233.344000	0.321942
233.408000	0.321942
233.472000	0.321942
233.536000	0.321942
233.600000	0.321942
233.664000	0.321942
233.728000	0.321942
233.792000	0.321942
233.856000	0.321942
233.920000	0.321942
233.984000	0.278063
234.048000	0.278063
234.112000	0.278063
234.176000	0.278063
234.240000	0.278063
234.304000	0.278063
234.368000	0.278063
234.432000	0.278063
234.496000	0.278063
234.560000	0.278063
234.624000	0.278063
234.688000	0.278063
234.752000	0.278063
234.816000	0.278063
234.880000	0.278063
234.944000	0.278063
235.008000	0.278063
235.072000	0.278063
235.136000	0.278063
235.200000	0.278063
235.264000	0.278063
235.328000	0.278063
235.392000	0.278063
235.456000	0.278063
235.520000	0.278063
235.584000	0.118076
235.648000	0.118076
235.712000	0.118076
235.776000	0.118076
235.840000	0.118076
235.904000	0.118076
235.968000	0.118076
236.032000	0.118076
236.096000	0.118076
236.160000	0.117772
236.224000	0.117772
236.288000	0.117772
236.352000	0.117772
236.416000	0.117772
236.480000	0.117772
236.544000	0.117772
236.608000	0.117772
236.672000	0.117772
236.736000	0.117772
236.800000	0.117772
236.864000	0.117772
236.928000	0.117772
236.992000	0.117772
237.056000	0.117772
237.120000	0.117772
237.184000	0.117772
237.248000	0.117772
237.312000	0.117772
237.376000	0.117772
237.440000	0.117772
237.504000	0.117772
237.568000	0.117772
237.632000	0.117772
237.696000	0.117772
237.760000	0.117772
237.824000	0.117772
237.888000	0.117772
237.952000	0.117772
238.016000	0.117772
238.080000	0.117772
238.144000	0.117772
238.208000	0.117772
238.272000	0.117772
238.336000	0.117772
238.400000	0.117772
238.464000	0.117772
238.528000	0.117772
238.592000	0.117772
238.656000	0.117772
238.720000	0.117772
238.784000	0.117772
238.848000	0.117772
238.912000	0.117772
238.976000	0.117772
239.040000	0.117772
239.104000	0.117772
239.168000	0.117772
239.232000	0.117772
239.296000	0.117772
239.360000	0.117772
239.424000	0.117772
239.488000	0.117772
239.552000	0.117772
239.616000	0.117772
239.680000	0.117772
239.744000	0.117772
239.808000	0.117772
239.872000	0.117772
239.936000	0.117772
240.000000	0.117772
240.064000	0.117772
240.128000	0.117772
240.192000	0.117772
240.256000	0.117772
240.320000	0.117772
240.384000	0.117772
240.448000	0.117772
240.512000	0.117772
240.576000	0.117772
240.640000	0.117772
240.704000	0.117772
240.768000	0.117772
240.832000	0.117772
240.896000	0.117772
240.960000	0.117772
241.024000	0.117772
241.088000	0.117772
241.152000	0.117772
241.216000	0.117772
241.280000	0.117772
241.344000	0.117772
241.408000	0.117772
241.472000	0.117772
241.536000	0.117772
241.600000	0.117772
241.664000	0.117772
241.728000	0.117772
241.792000	0.117772
241.856000	0.117772
241.920000	0.117772
241.984000	0.117772
242.048000	0.117772
242.112000	0.117772
242.176000	0.117772
242.240000	0.117772
242.304000	0.117772
242.368000	0.117772
242.432000	0.117772
242.496000	0.117772
242.560000	0.131828
242.624000	0.131828
242.688000	0.131828
242.752000	0.131828
242.816000	0.131828
242.880000	0.131828
242.944000	0.131828
243.008000	0.131828
243.072000	0.131828
243.136000	0.131828
243.200000	0.131828
243.264000	0.131828
243.328000	0.131828
243.392000	0.131828
243.456000	0.131828
243.520000	0.131828
243.584000	0.131828
243.648000	0.131828
243.712000	0.131828
243.776000	0.131828
243.840000	0.131828
243.904000	0.131828
243.968000	0.131828
244.032000	0.131828
244.096000	0.131828
244.160000	0.131828
244.224000	0.131828
244.288000	0.131828
244.352000	0.131828
244.416000	0.131828
244.480000	0.131828
244.544000	0.131828
244.608000	0.131828
244.672000	0.131828
244.736000	0.131828
244.800000	0.131828
244.864000	0.131828
244.928000	0.131828
244.992000	0.131828
245.056000	0.131828
245.120000	0.131828
245.184000	0.131828
245.248000	0.131828
245.312000	0.131828
245.376000	0.131828
245.440000	0.131828
245.504000	0.131828
245.568000	0.131828
245.632000	0.131828
245.696000	0.131828
245.760000	0.131828
245.824000	0.131828
245.888000	0.131828
245.952000	0.131828
246.016000	0.131828
246.080000	0.131828
246.144000	0.131828
246.208000	0.131828
246.272000	0.131828
246.336000	0.131828
246.400000	0.131828
246.464000	0.131828
246.528000	0.131828
246.592000	0.131828
246.656000	0.131828
246.720000	0.131828
246.784000	0.131828
246.848000	0.131828
246.912000	0.131828
246.976000	0.131828
247.040000	0.131828
247.104000	0.131828
247.168000	0.131828
247.232000	0.131828
247.296000	0.131828
247.360000	0.131828
247.424000	0.131828
247.488000	0.131828
247.552000	0.131828
247.616000	0.131828
247.680000	0.131828
247.744000	0.131828
247.808000	0.131828
247.872000	0.131828
247.936000	0.131828
248.000000	0.131828
248.064000	0.131828
248.128000	0.131828
248.192000	0.131828
248.256000	0.131828
248.320000	0.206581
248.384000	0.206581
248.448000	0.206581
248.512000	0.206581
248.576000	0.206581
248.640000	0.206581
248.704000	0.206581
248.768000	0.206581
248.832000	0.206581
248.896000	0.206581
248.960000	0.206581
249.024000	0.206581
249.088000	0.206581
249.152000	0.206581
249.216000	0.206581
249.280000	0.206581
249.344000	0.206581
249.408000	0.206581
249.472000	0.206581
249.536000	0.206581
249.600000	0.206581
249.664000	0.206581
249.728000	0.206581
249.792000	0.206581
249.856000	0.206581
249.920000	0.248162
249.984000	0.248162
250.048000	0.248162
250.112000	0.248162
250.176000	0.248162
250.240000	0.248162
250.304000	0.248162
250.368000	0.248162
250.432000	0.248162
250.496000	0.248162
250.560000	0.248162
250.624000	0.248162
250.688000	0.207279
250.752000	0.207279
250.816000	0.207279
250.880000	0.207279
250.944000	0.207279
251.008000	0.207279
251.072000	0.207279
251.136000	0.207279
251.200000	0.207279
251.264000	0.207279
251.328000	0.207279
251.392000	0.207279
251.456000	0.207279
251.520000	0.207279
251.584000	0.207279
251.648000	0.207279
251.712000	0.207279
251.776000	0.207279
251.840000	0.207279
251.904000	0.207279
251.968000	0.207279
252.032000	0.207279
252.096000	0.207279
252.160000	0.207279
252.224000	0.207279
252.288000	0.207279
252.352000	0.207279
252.416000	0.207279
252.480000	0.207279
252.544000	0.207279
252.608000	0.207279
252.672000	0.207279
252.736000	0.207279
252.800000	0.207279
252.864000	0.207279
252.928000	0.207279
252.992000	0.207279
253.056000	0.207279
253.120000	0.207279
253.184000	0.207279
253.248000	0.207279
253.312000	0.207279
253.376000	0.207279
253.440000	0.207279
253.504000	0.207279
253.568000	0.207279
253.632000	0.207279
253.696000	0.207279
253.760000	0.207279
253.824000	0.207279
253.888000	0.207279
253.952000	0.207279
254.016000	0.207279
254.080000	0.207279
254.144000	0.207279
254.208000	0.207279
254.272000	0.207279
254.336000	0.207279
254.400000	0.207279
254.464000	0.207279
254.528000	0.207279
254.592000	0.207279
254.656000	0.207279
254.720000	0.207279
254.784000	0.207279
254.848000	0.207279
254.912000	0.207279
254.976000	0.207279
255.040000	0.207279
255.104000	0.207279
255.168000	0.207279
255.232000	0.207279
255.296000	0.207279
255.360000	0.207279
255.424000	0.207279
255.488000	0.207279
255.552000	0.207279
255.616000	0.207279
255.680000	0.207279
255.744000	0.207279
255.808000	0.207279
255.872000	0.207279
255.936000	0.207279
256.000000	0.207279
256.064000	0.207279
256.128000	0.207279
256.192000	0.207279
256.256000	0.207279
256.320000	0.207279
256.384000	0.207279
256.448000	0.207279
256.512000	0.207279
256.576000	0.207279
256.640000	0.207279
256.704000	0.207279
256.768000	0.207279
256.832000	0.207279
256.896000	0.207279
256.960000	0.207279
257.024000	0.207279
257.088000	0.282029
257.152000	0.282029
257.216000	0.282029
257.280000	0.282029
257.344000	0.282029
257.408000	0.282029
257.472000	0.282029
257.536000	0.282029
257.600000	0.282029
257.664000	0.282029
257.728000	0.282029
257.792000	0.282029
257.856000	0.282029
257.920000	0.282029
257.984000	0.282029
258.048000	0.282029
258.112000	0.282029
258.176000	0.282029
258.240000	0.282029
258.304000	0.282029
258.368000	0.282029
258.432000	0.282029
258.496000	0.282029
258.560000	0.282029
258.624000	0.282029
258.688000	0.282029
258.752000	0.282029
258.816000	0.282029
258.880000	0.282029
258.944000	0.282029
259.008000	0.282029
259.072000	0.282029
259.136000	0.282029
259.200000	0.282029
259.264000	0.282029
259.328000	0.282029
259.392000	0.282029
259.456000	0.282029
259.520000	0.282029
259.584000	0.282029
259.648000	0.282029
259.712000	0.282029
259.776000	0.282029
259.840000	0.282029
259.904000	0.282029
259.968000	0.282029
260.032000	0.282029
260.096000	0.217538
260.160000	0.217538
260.224000	0.217538
260.288000	0.217538
260.352000	0.217538
260.416000	0.217538
260.480000	0.217538
260.544000	0.217538
260.608000	0.217538
260.672000	0.217538
260.736000	0.217538
260.800000	0.217538
260.864000	0.217538
260.928000	0.217538
260.992000	0.217538
261.056000	0.217538
261.120000	0.217538
261.184000	0.217538
261.248000	0.217538
261.312000	0.217538
261.376000	0.217538
261.440000	0.217538
261.504000	0.217538
261.568000	0.217538
261.632000	0.217538
261.696000	0.217538
261.760000	0.217538
261.824000	0.217538
261.888000	0.217538
261.952000	0.217538
262.016000	0.217538
262.080000	0.217538
262.144000	0.217538
262.208000	0.217538
262.272000	0.217538
262.336000	0.217538
262.400000	0.217538
262.464000	0.217538
262.528000	0.217538
262.592000	0.217538
262.656000	0.217538
262.720000	0.217538
262.784000	0.217538
262.848000	0.217538
262.912000	0.217538
262.976000	0.217538
263.040000	0.217538
263.104000	0.217538
263.168000	0.217538
263.232000	0.217538
263.296000	0.217538
263.360000	0.217538
263.424000	0.217538
263.488000	0.217538
263.552000	0.217538
263.616000	0.217538
263.680000	0.217538
263.744000	0.217538
263.808000	0.217538
263.872000	0.217538
263.936000	0.217538
264.000000	0.217538
264.064000	0.217538
264.128000	0.217538
264.192000	0.217538
264.256000	0.217538
264.320000	0.217538
264.384000	0.217538
264.448000	0.217538
264.512000	0.217538
264.576000	0.217538
264.640000	0.217538
264.704000	0.217538
264.768000	0.217538
264.832000	0.217538
264.896000	0.217538
264.960000	0.217538
265.024000	0.217538
265.088000	0.217538
265.152000	0.217538
265.216000	0.217538
265.280000	0.217538
265.344000	0.217538
265.408000	0.217538
265.472000	0.217538
265.536000	0.217538
265.600000	0.217538
265.664000	0.217538
265.728000	0.217538
265.792000	0.217538
265.856000	0.217538
265.920000	0.091372
265.984000	0.091372
266.048000	0.091372
266.112000	0.091372
266.176000	0.091372
266.240000	0.091372
266.304000	0.091372
266.368000	0.091372
266.432000	0.091372
266.496000	0.091372
266.560000	0.091372
266.624000	0.091372
266.688000	0.091372
266.752000	0.091372
266.816000	0.091372
266.880000	0.091372
266.944000	0.091372
267.008000	0.091372
267.072000	0.091372
267.136000	0.091372
267.200000	0.091372
267.264000	0.091372
267.328000	0.091372
267.392000	0.091372
267.456000	0.091372
267.520000	0.091372
267.584000	0.091372
267.648000	0.091372
267.712000	0.091372
267.776000	0.091372
267.840000	0.091372
267.904000	0.091372
267.968000	0.091372
268.032000	0.091372
268.096000	0.091372
268.160000	0.091372
268.224000	0.091372
268.288000	0.091372
268.352000	0.091372
268.416000	0.091372
268.480000	0.091372
268.544000	0.091372
268.608000	0.091372
268.672000	0.091372
268.736000	0.091372
268.800000	0.091372
268.864000	0.091372
268.928000	0.091372
268.992000	0.091372
269.056000	0.091372
269.120000	0.091372
269.184000	0.091372
269.248000	0.091372
269.312000	0.091372
269.376000	0.091372
269.440000	0.091372
269.504000	0.091372
269.568000	0.091372
269.632000	0.091372
269.696000	0.091372
269.760000	0.091372
269.824000	0.091372
269.888000	0.091372
269.952000	0.091372
270.016000	0.091372
270.080000	0.091372
270.144000	0.091372
270.208000	0.091372
270.272000	0.091372
270.336000	0.091372
270.400000	0.091372
270.464000	0.091372
270.528000	0.091372
270.592000	0.091372
270.656000	0.091372
270.720000	0.080285
270.784000	0.080285
270.848000	0.080285
270.912000	0.080285
270.976000	0.080285
271.040000	0.080285
271.104000	0.080285
271.168000	0.080285
271.232000	0.080285
271.296000	0.080285
271.360000	0.080285
271.424000	0.080285
271.488000	0.080285
271.552000	0.080285
271.616000	0.080285
271.680000	0.080285
271.744000	0.080285
271.808000	0.080285
271.872000	0.080285
271.936000	0.080285
272.000000	0.080285
272.064000	0.080285
272.128000	0.080285
272.192000	0.080285
272.256000	0.080285
272.320000	0.080285
272.384000	0.080285
272.448000	0.080285
272.512000	0.080285
272.576000	0.080285
272.640000	0.080285
272.704000	0.080285
272.768000	0.080285
272.832000	0.080285
272.896000	0.080285
272.960000	0.080285
273.024000	0.080285
273.088000	0.080285
273.152000	0.080285
273.216000	0.080285
273.280000	0.080285
273.344000	0.080285
273.408000	0.080285
273.472000	0.080285
273.536000	0.080285
273.600000	0.080285
273.664000	0.080285
273.728000	0.080285
273.792000	0.080285
273.856000	0.080285
273.920000	0.080285
273.984000	0.080285
274.048000	0.080285
274.112000	0.080285
274.176000	0.080285
274.240000	0.080285
274.304000	0.080285
274.368000	0.080285
274.432000	0.080285
274.496000	0.080285
274.560000	0.080285
274.624000	0.080285
274.688000	0.080285
274.752000	0.080285
274.816000	0.080285
274.880000	0.080285
274.944000	0.080285
275.008000	0.080285
275.072000	0.080285
275.136000	0.080285
275.200000	0.080285
275.264000	0.080285
275.328000	0.080285
275.392000	0.080285
275.456000	0.080285
275.520000	0.080285
275.584000	0.080285
275.648000	0.080285
275.712000	0.080285
275.776000	0.080285
275.840000	0.080285
275.904000	0.080285
275.968000	0.080285
276.032000	0.080285
276.096000	0.080285
276.160000	0.080285
276.224000	0.080285
276.288000	0.080285
276.352000	0.080285
276.416000	0.080285
276.480000	0.080285
276.544000	0.080285
276.608000	0.080285
276.672000	0.080285
276.736000	0.080285
276.800000	0.080285
276.864000	0.080285
276.928000	0.080285
276.992000	0.080285
277.056000	0.080285
277.120000	0.149766
277.184000	0.149766
277.248000	0.149766
277.312000	0.149766
277.376000	0.149766
277.440000	0.201784
277.504000	0.267717
277.568000	0.267717
277.632000	0.267717
277.696000	0.267717
277.760000	0.248922
277.824000	0.248922
277.888000	0.248922
277.952000	0.248922
278.016000	0.248922
278.080000	0.248922
278.144000	0.231032
278.208000	0.231032
278.272000	0.231032
278.336000	0.231032
278.400000	0.231032
278.464000	0.231032
278.528000	0.231032
278.592000	0.231032
278.656000	0.231032
278.720000	0.231032
278.784000	0.228188
278.848000	0.228188
278.912000	0.228188
278.976000	0.228188
279.040000	0.228188
279.104000	0.228188
279.168000	0.228188
279.232000	0.228188
279.296000	0.228188
279.360000	0.228188
279.424000	0.079599
279.488000	0.050368
279.552000	0.050368
279.616000	0.050368
279.680000	0.050368
279.744000	0.050368
279.808000	0.050368
279.872000	0.050368
279.936000	0.050368
280.000000	0.050368
280.064000	0.050368
280.128000	0.050368
280.192000	0.050368
280.256000	0.050368
280.320000	0.050368
280.384000	0.050368
280.448000	0.050368
280.512000	0.050368
280.576000	0.050368
280.640000	0.050368
280.704000	0.050368
280.768000	0.050368
280.832000	0.050368
280.896000	0.050368
280.960000	0.050368
281.024000	0.050368
281.088000	0.050368
281.152000	0.050368
281.216000	0.050368
281.280000	0.050368
281.344000	0.050368
281.408000	0.050368
281.472000	0.050368
281.536000	0.050368
281.600000	0.050368
281.664000	0.050368
281.728000	0.050368
281.792000	0.050368
281.856000	0.050368
281.920000	0.050368
281.984000	0.050368
282.048000	0.050368
282.112000	0.050368
282.176000	0.050368
282.240000	0.050368
282.304000	0.050368
282.368000	0.050368
282.432000	0.050368
282.496000	0.050368
282.560000	0.050368
282.624000	0.050368
282.688000	0.050368
282.752000	0.050368
282.816000	0.050368
282.880000	0.050368
282.944000	0.050368
283.008000	0.050368
283.072000	0.050368
283.136000	0.050368
283.200000	0.050368
283.264000	0.050368
283.328000	0.050368
283.392000	0.050368
283.456000	0.050368
283.520000	0.050368
283.584000	0.050368
283.648000	0.050368
283.712000	0.050368
283.776000	0.050368
283.840000	0.050368
283.904000	0.050368
283.968000	0.050368
284.032000	0.050368
284.096000	0.050368
284.160000	0.050368
284.224000	0.050368
284.288000	0.050368
284.352000	0.050368
284.416000	0.050368
284.480000	0.050368
284.544000	0.050368
284.608000	0.050368
284.672000	0.050368
284.736000	0.050368
284.800000	0.050368
284.864000	0.050368
284.928000	0.050368
284.992000	0.050368
285.056000	0.050368
285.120000	0.050368
285.184000	0.050368
285.248000	0.050368
285.312000	0.050368
285.376000	0.050368
285.440000	0.050368
285.504000	0.050368
285.568000	0.050368
285.632000	0.050368
285.696000	0.050368
285.760000	0.050368
285.824000	0.050368
285.888000	0.084175
285.952000	0.084175
286.016000	0.084175
286.080000	0.084175
286.144000	0.084175
286.208000	0.084175
286.272000	0.084175
286.336000	0.084175
286.400000	0.084175
286.464000	0.084175
286.528000	0.084175
286.592000	0.084175
286.656000	0.084175
286.720000	0.084175
286.784000	0.084175
286.848000	0.084175
286.912000	0.084175
286.976000	0.084175
287.040000	0.084175
287.104000	0.084175
287.168000	0.084175
287.232000	0.084175
287.296000	0.084175
287.360000	0.084175
287.424000	0.084175
287.488000	0.084175
287.552000	0.084175
287.616000	0.084175
287.680000	0.084175
287.744000	0.084175
287.808000	0.084175
287.872000	0.084175
287.936000	0.084175
288.000000	0.084175
288.064000	0.084175
288.128000	0.084175
288.192000	0.084175
288.256000	0.084175
288.320000	0.084175
288.384000	0.084175
288.448000	0.084175
288.512000	0.084175
288.576000	0.084175
288.640000	0.084175
288.704000	0.084175
288.768000	0.084175
288.832000	0.084175
288.896000	0.084175
288.960000	0.084175
289.024000	0.084175
289.088000	0.084175
289.152000	0.084175
289.216000	0.084175
289.280000	0.084175
289.344000	0.084175
289.408000	0.084175
289.472000	0.084175
289.536000	0.084175
289.600000	0.084175
289.664000	0.084175
289.728000	0.084175
289.792000	0.084175
289.856000	0.084175
289.920000	0.084175
289.984000	0.084175
290.048000	0.084175
290.112000	0.084175
290.176000	0.084175
290.240000	0.084175
290.304000	0.138354
290.368000	0.138354
290.432000	0.138354
290.496000	0.138354
290.560000	0.138354
290.624000	0.138354
290.688000	0.138354
290.752000	0.138354
290.816000	0.138354
290.880000	0.138354
290.944000	0.138354
291.008000	0.138354
291.072000	0.138354
291.136000	0.138354
291.200000	0.138354
291.264000	0.138354
291.328000	0.138354
291.392000	0.138354
291.456000	0.138354
291.520000	0.138354
291.584000	0.138354
291.648000	0.138354
291.712000	0.138354
291.776000	0.138354
291.840000	0.138354
291.904000	0.138354
291.968000	0.138354
292.032000	0.138354
292.096000	0.138354
292.160000	0.138354
292.224000	0.138354
292.288000	0.138354
292.352000	0.185871
292.416000	0.185871
292.480000	0.185871
292.544000	0.185871
292.608000	0.185871
292.672000	0.185871
292.736000	0.185871
292.800000	0.185871
292.864000	0.185871
292.928000	0.185871
292.992000	0.185871
293.056000	0.185871
293.120000	0.185871
293.184000	0.185871
293.248000	0.185871
293.312000	0.185871
293.376000	0.185871
293.440000	0.185871
293.504000	0.185871
293.568000	0.185871
293.632000	0.185871
293.696000	0.185871
293.760000	0.185871
293.824000	0.185871
293.888000	0.185871
293.952000	0.185871
294.016000	0.185871
294.080000	0.185871
294.144000	0.185871
294.208000	0.185871
294.272000	0.185871
294.336000	0.185871
294.400000	0.185871
294.464000	0.185871
294.528000	0.185871
294.592000	0.185871
294.656000	0.185871
294.720000	0.185871
294.784000	0.185871
294.848000	0.185871
294.912000	0.185871
294.976000	0.185871
295.040000	0.185871
295.104000	0.185871
295.168000	0.185871
295.232000	0.250053
295.296000	0.250053
295.360000	0.250053
295.424000	0.250053
295.488000	0.250053
295.552000	0.250053
295.616000	0.250053
295.680000	0.250053
295.744000	0.250053
295.808000	0.250053
295.872000	0.250053
295.936000	0.250053
296.000000	0.250053
296.064000	0.250053
296.128000	0.250053
296.192000	0.250053
296.256000	0.250053
296.320000	0.250053
296.384000	0.250053
296.448000	0.250053
296.512000	0.250053
296.576000	0.250053
296.640000	0.250053
296.704000	0.250053
296.768000	0.250053
296.832000	0.250053
296.896000	0.250053
296.960000	0.250053
297.024000	0.250053
297.088000	0.250053
297.152000	0.250053
297.216000	0.250053
297.280000	0.250053
297.344000	0.250053
297.408000	0.250053
297.472000	0.250053
297.536000	0.250053
297.600000	0.145710
297.664000	0.000020
297.728000	0.000018
297.792000	0.000013
297.856000	0.000013
297.920000	0.000013
297.984000	0.000012
298.048000	0.000007
298.112000	0.000007
298.176000	0.000007
298.240000	0.000007
298.304000	0.000006
298.368000	0.000006
298.432000	0.000000
298.496000	0.000000
298.560000	0.000000
298.624000	0.000000
298.688000	0.000000
298.752000	0.000000
298.816000	0.000000
298.880000	0.000000
298.944000	0.000000
299.008000	0.000000
299.072000	0.000000
299.136000	0.000000
299.200000	0.000000
299.264000	0.000000
299.328000	0.000000
299.392000	0.000000
299.456000	0.000000
299.520000	0.000000
299.584000	0.000000
299.648000	0.000000
299.712000	0.000000
299.776000	0.000000
299.840000	0.000000
299.904000	0.000000
299.968000	0.000000
300.032000	0.000000
300.096000	0.000000
300.160000	0.000000
300.224000	0.000000
300.288000	0.000000
300.352000	0.000000
300.416000	0.000000
300.480000	0.000000
300.544000	0.000000
300.608000	0.000000
300.672000	0.000000
300.736000	0.000000
300.800000	0.000000
300.864000	0.000000
300.928000	0.000000
300.992000	0.000000
301.056000	0.000000
301.120000	0.000000
301.184000	0.000000
301.248000	0.000000
301.312000	0.000000
301.376000	0.000000
301.440000	0.000000
301.504000	0.000000
301.568000	0.000000
