0.064000	0.000000
0.128000	0.000000
0.192000	0.000000
0.256000	0.000000
0.320000	0.000000
0.384000	0.000000
0.448000	0.000000
0.512000	0.000000
0.576000	0.000000
0.640000	0.000000
0.704000	0.000000
0.768000	0.000000
0.832000	0.000000
0.896000	0.000000
0.960000	0.000000
1.024000	0.000000
1.088000	0.000000
1.152000	0.000000
1.216000	0.000000
1.280000	0.000000
1.344000	0.000000
1.408000	0.000000
1.472000	0.000000
1.536000	0.000000
1.600000	0.000000
1.664000	0.000000
1.728000	0.000000
1.792000	0.000000
1.856000	0.000000
1.920000	0.000000
1.984000	0.000000
2.048000	0.000000
2.112000	0.000000
2.176000	0.000000
2.240000	0.000000
2.304000	0.000000
2.368000	0.000000
2.432000	0.000000
2.496000	0.000000
2.560000	0.000000
2.624000	0.000000
2.688000	0.000000
2.752000	0.000000
2.816000	0.000000
2.880000	0.000000
2.944000	0.000000
3.008000	0.000000
3.072000	0.000000
3.136000	0.000000
3.200000	0.000000
3.264000	0.030833
3.328000	0.113665
3.392000	0.113665
3.456000	0.113665
3.520000	0.113665
3.584000	0.113665
3.648000	0.113665
3.712000	0.113665
3.776000	0.113665
3.840000	0.113665
3.904000	0.113665
3.968000	0.113665
4.032000	0.113665
4.096000	0.113665
4.160000	0.113665
4.224000	0.113665
4.288000	0.113665
4.352000	0.113665
4.416000	0.113665
4.480000	0.113665
4.544000	0.113665
4.608000	0.113665
4.672000	0.113665
4.736000	0.113665
4.800000	0.147417
4.864000	0.147417
4.928000	0.147417
4.992000	0.147417
5.056000	0.147417
5.120000	0.147417
5.184000	0.147417
5.248000	0.147417
5.312000	0.147417
5.376000	0.147417
5.440000	0.147417
5.504000	0.147417
5.568000	0.147417
5.632000	0.147417
5.696000	0.147417
5.760000	0.147417
5.824000	0.147417
5.888000	0.147417
5.952000	0.147417
6.016000	0.147417
6.080000	0.147417
6.144000	0.147417
6.208000	0.147417
6.272000	0.147417
6.336000	0.147417
6.400000	0.147417
6.464000	0.147417
6.528000	0.147417
6.592000	0.147417
6.656000	0.147417
6.720000	0.147417
6.784000	0.147417
6.848000	0.147417
6.912000	0.147417
6.976000	0.147417
7.040000	0.147417
7.104000	0.147417
7.168000	0.147417
7.232000	0.147417
7.296000	0.147417
7.360000	0.147417
7.424000	0.147417
7.488000	0.147417
7.552000	0.147417
7.616000	0.147417
7.680000	0.228077
7.744000	0.228077
7.808000	0.228077
7.872000	0.228077
7.936000	0.228077
8.000000	0.203579
8.064000	0.157919
8.128000	0.157919
8.192000	0.157919
8.256000	0.157919
8.320000	0.157919
8.384000	0.157919
8.448000	0.157919
8.512000	0.157919
8.576000	0.157919
8.640000	0.157919
8.704000	0.157919
8.768000	0.157919
8.832000	0.157919
8.896000	0.157919
8.960000	0.157919
9.024000	0.157919
9.088000	0.157919
9.152000	0.157919
9.216000	0.157919
9.280000	0.157919
9.344000	0.157919
9.408000	0.157919
9.472000	0.157919
9.536000	0.157919
9.600000	0.157919
9.664000	0.157919
9.728000	0.157919
9.792000	0.157919
9.856000	0.157919
9.920000	0.157919
9.984000	0.157919
10.048000	0.157919
10.112000	0.157919
10.176000	0.157919
10.240000	0.157919
10.304000	0.157919
10.368000	0.157919
10.432000	0.157919
10.496000	0.157919
10.560000	0.157919
10.624000	0.157919
10.688000	0.157919
10.752000	0.157919
10.816000	0.157919
10.880000	0.157919
10.944000	0.157919
11.008000	0.157919
11.072000	0.157919
11.136000	0.157919
11.200000	0.157919
11.264000	0.157919
11.328000	0.157919
11.392000	0.157919
11.456000	0.157919
11.520000	0.157919
11.584000	0.157919
11.648000	0.157919
11.712000	0.157919
11.776000	0.157919
11.840000	0.157919
11.904000	0.157919
11.968000	0.157919
12.032000	0.157919
12.096000	0.156724
12.160000	0.156724
12.224000	0.156724
12.288000	0.156724
12.352000	0.156724
12.416000	0.156724
12.480000	0.156724
12.544000	0.156724
12.608000	0.156724
12.672000	0.156724
12.736000	0.156724
12.800000	0.156724
12.864000	0.156724
12.928000	0.156724
12.992000	0.156724
13.056000	0.156724
13.120000	0.156724
13.184000	0.156724
13.248000	0.156724
13.312000	0.156724
13.376000	0.156724
13.440000	0.156724
13.504000	0.156724
13.568000	0.135382
13.632000	0.121840
13.696000	0.121840
13.760000	0.121840
13.824000	0.121840
13.888000	0.121840
13.952000	0.121840
14.016000	0.121840
14.080000	0.121840
14.144000	0.121840
14.208000	0.121840
14.272000	0.121840
14.336000	0.121840
14.400000	0.121840
14.464000	0.121840
14.528000	0.121840
14.592000	0.121840
14.656000	0.121840
14.720000	0.121840
14.784000	0.121840
14.848000	0.121840
14.912000	0.121840
14.976000	0.121840
15.040000	0.121840
15.104000	0.121840
15.168000	0.121840
15.232000	0.121840
15.296000	0.121840
15.360000	0.121840
15.424000	0.121840
15.488000	0.121840
15.552000	0.121840
15.616000	0.121840
15.680000	0.121840
15.744000	0.121840
15.808000	0.121840
15.872000	0.121840
15.936000	0.121840
16.000000	0.121840
16.064000	0.121840
16.128000	0.121840
16.192000	0.121840
16.256000	0.121840
16.320000	0.121840
16.384000	0.121840
16.448000	0.121840
16.512000	0.121840
16.576000	0.121840
16.640000	0.121840
16.704000	0.121840
16.768000	0.121840
16.832000	0.121840
16.896000	0.121840
16.960000	0.121840
17.024000	0.121840
17.088000	0.121840
17.152000	0.121840
17.216000	0.121840
17.280000	0.121840
17.344000	0.121840
17.408000	0.121840
17.472000	0.121840
17.536000	0.121840
17.600000	0.121840
17.664000	0.121840
17.728000	0.121840
17.792000	0.121840
17.856000	0.121840
17.920000	0.121840
17.984000	0.121840
18.048000	0.121840
18.112000	0.121840
18.176000	0.121840
18.240000	0.121840
18.304000	0.121840
18.368000	0.121840
18.432000	0.121840
18.496000	0.121840
18.560000	0.121840
18.624000	0.121840
18.688000	0.121840
18.752000	0.121840
18.816000	0.121840
18.880000	0.121840
18.944000	0.121840
19.008000	0.121840
19.072000	0.121840
19.136000	0.121840
19.200000	0.121840
19.264000	0.121840
19.328000	0.121840
19.392000	0.121840
19.456000	0.121840
19.520000	0.121840
19.584000	0.121840
19.648000	0.121840
19.712000	0.121840
19.776000	0.121840
19.840000	0.121840
19.904000	0.121840
19.968000	0.121840
20.032000	0.209285
20.096000	0.209285
20.160000	0.209285
20.224000	0.209285
20.288000	0.209285
20.352000	0.209285
20.416000	0.209285
20.480000	0.209285
20.544000	0.209285
20.608000	0.209285
20.672000	0.209285
20.736000	0.213458
20.800000	0.213458
20.864000	0.213458
20.928000	0.213458
20.992000	0.213458
21.056000	0.213458
21.120000	0.213458
21.184000	0.213458
21.248000	0.213458
21.312000	0.213458
21.376000	0.213458
21.440000	0.213458
21.504000	0.213458
21.568000	0.213458
21.632000	0.213458
21.696000	0.213458
21.760000	0.213458
21.824000	0.213458
21.888000	0.213458
21.952000	0.213458
22.016000	0.213458
22.080000	0.213458
22.144000	0.213458
22.208000	0.213458
22.272000	0.213458
22.336000	0.213458
22.400000	0.213458
22.464000	0.213458
22.528000	0.213458
22.592000	0.213458
22.656000	0.213458
22.720000	0.213458
22.784000	0.213458
22.848000	0.213458
22.912000	0.213458
22.976000	0.213458
23.040000	0.213458
23.104000	0.213458
23.168000	0.213458
23.232000	0.213458
23.296000	0.213458
23.360000	0.213458
23.424000	0.213458
23.488000	0.213458
23.552000	0.213458
23.616000	0.213458
23.680000	0.213458
23.744000	0.213458
23.808000	0.213458
23.872000	0.213458
23.936000	0.213458
24.000000	0.213458
24.064000	0.213458
24.128000	0.213458
24.192000	0.213458
24.256000	0.213458
24.320000	0.213458
24.384000	0.213458
24.448000	0.213458
24.512000	0.213458
24.576000	0.213458
24.640000	0.213458
24.704000	0.213458
24.768000	0.213458
24.832000	0.213458
24.896000	0.219268
24.960000	0.216398
25.024000	0.216398
25.088000	0.216398
25.152000	0.216398
25.216000	0.216398
25.280000	0.216398
25.344000	0.216398
25.408000	0.216398
25.472000	0.216398
25.536000	0.216398
25.600000	0.216398
25.664000	0.216398
25.728000	0.216398
25.792000	0.216398
25.856000	0.216398
25.920000	0.216398
25.984000	0.216398
26.048000	0.216398
26.112000	0.216398
26.176000	0.216398
26.240000	0.216398
26.304000	0.216398
26.368000	0.216398
26.432000	0.216398
26.496000	0.216398
26.560000	0.216398
26.624000	0.216398
26.688000	0.216398
26.752000	0.216398
26.816000	0.216398
26.880000	0.216398
26.944000	0.216398
27.008000	0.216398
27.072000	0.216398
27.136000	0.216398
27.200000	0.216398
27.264000	0.216398
27.328000	0.216398
27.392000	0.167721
27.456000	0.151104
27.520000	0.151104
27.584000	0.151104
27.648000	0.151104
27.712000	0.151104
27.776000	0.151104
27.840000	0.151104
27.904000	0.151104
27.968000	0.151104
28.032000	0.151104
28.096000	0.151104
28.160000	0.151104
28.224000	0.151104
28.288000	0.151104
28.352000	0.151104
28.416000	0.151104
28.480000	0.151104
28.544000	0.151104
28.608000	0.151104
28.672000	0.151104
28.736000	0.151104
28.800000	0.151104
28.864000	0.151104
28.928000	0.151104
28.992000	0.151104
29.056000	0.151104
29.120000	0.151104
29.184000	0.151104
29.248000	0.151104
29.312000	0.151104
29.376000	0.151104
29.440000	0.151104
29.504000	0.151104
29.568000	0.151104
29.632000	0.151104
29.696000	0.151104
29.760000	0.151104
29.824000	0.151104
29.888000	0.151104
29.952000	0.151104
30.016000	0.151104
30.080000	0.151104
30.144000	0.151104
30.208000	0.151104
30.272000	0.151104
30.336000	0.151104
30.400000	0.151104
30.464000	0.151104
30.528000	0.151104
30.592000	0.151104
30.656000	0.151104
30.720000	0.151104
30.784000	0.151104
30.848000	0.151104
30.912000	0.151104
30.976000	0.151104
31.040000	0.151104
31.104000	0.151104
31.168000	0.151104
31.232000	0.151104
31.296000	0.151104
31.360000	0.151104
31.424000	0.151104
31.488000	0.151104
31.552000	0.151104
31.616000	0.151104
31.680000	0.151104
31.744000	0.151104
31.808000	0.151104
31.872000	0.151104
31.936000	0.151104
32.000000	0.151104
32.064000	0.151104
32.128000	0.151104
32.192000	0.151104
32.256000	0.151104
32.320000	0.151104
32.384000	0.151104
32.448000	0.151104
32.512000	0.151104
32.576000	0.151104
32.640000	0.151104
32.704000	0.151104
32.768000	0.151104
32.832000	0.151104
32.896000	0.151104
32.960000	0.151104
33.024000	0.151104
33.088000	0.151104
33.152000	0.151104
33.216000	0.151104
33.280000	0.151104
33.344000	0.151104
33.408000	0.151104
33.472000	0.151104
33.536000	0.151104
33.600000	0.151104
33.664000	0.151104
33.728000	0.151104
33.792000	0.151104
33.856000	0.260202
33.920000	0.260202
33.984000	0.260202
34.048000	0.260202
34.112000	0.260202
34.176000	0.260202
34.240000	0.260202
34.304000	0.260202
34.368000	0.260202
34.432000	0.260202
34.496000	0.260202
34.560000	0.260202
34.624000	0.260202
34.688000	0.260202
34.752000	0.260202
34.816000	0.260202
34.880000	0.260202
34.944000	0.260202
35.008000	0.260202
35.072000	0.260202
35.136000	0.260202
35.200000	0.260202
35.264000	0.260202
35.328000	0.260202
35.392000	0.260202
35.456000	0.260202
35.520000	0.260202
35.584000	0.260202
35.648000	0.260202
35.712000	0.260202
35.776000	0.260202
35.840000	0.260202
35.904000	0.260202
35.968000	0.260202
36.032000	0.260202
36.096000	0.260202
36.160000	0.260202
36.224000	0.260202
36.288000	0.331086
36.352000	0.331086
36.416000	0.331086
36.480000	0.331086
36.544000	0.303880
36.608000	0.303880
36.672000	0.303880
36.736000	0.303880
36.800000	0.303880
36.864000	0.303880
36.928000	0.303880
36.992000	0.303880
37.056000	0.303880
37.120000	0.303880
37.184000	0.303880
37.248000	0.303880
37.312000	0.303880
37.376000	0.303880
37.440000	0.303880
37.504000	0.303880
37.568000	0.303880
37.632000	0.303880
37.696000	0.303880
37.760000	0.303880
37.824000	0.303880
37.888000	0.303880
37.952000	0.303880
38.016000	0.303880
38.080000	0.303880
38.144000	0.303880
38.208000	0.303880
38.272000	0.303880
38.336000	0.303880
38.400000	0.303880
38.464000	0.303880
38.528000	0.303880
38.592000	0.303880
38.656000	0.303880
38.720000	0.303880
38.784000	0.303880
38.848000	0.303880
38.912000	0.303880
38.976000	0.303880
39.040000	0.303880
39.104000	0.303880
39.168000	0.303880
39.232000	0.303880
39.296000	0.303880
39.360000	0.303880
39.424000	0.303880
39.488000	0.303880
39.552000	0.303880
39.616000	0.303880
39.680000	0.303880
39.744000	0.303880
39.808000	0.303880
39.872000	0.303880
39.936000	0.303880
40.000000	0.303880
40.064000	0.303880
40.128000	0.303880
40.192000	0.303880
40.256000	0.303880
40.320000	0.303880
40.384000	0.303880
40.448000	0.303880
40.512000	0.303880
40.576000	0.303880
40.640000	0.303880
40.704000	0.303880
40.768000	0.303880
40.832000	0.303880
40.896000	0.303880
40.960000	0.303880
41.024000	0.303880
41.088000	0.303880
41.152000	0.303880
41.216000	0.303880
41.280000	0.303880
41.344000	0.303880
41.408000	0.303880
41.472000	0.303880
41.536000	0.303880
41.600000	0.303880
41.664000	0.303880
41.728000	0.303880
41.792000	0.303880
41.856000	0.275412
41.920000	0.275412
41.984000	0.275412
42.048000	0.275412
42.112000	0.275412
42.176000	0.275412
42.240000	0.275412
42.304000	0.275412
42.368000	0.275412
42.432000	0.275412
42.496000	0.275412
42.560000	0.275412
42.624000	0.275412
42.688000	0.275412
42.752000	0.275412
42.816000	0.275412
42.880000	0.275412
42.944000	0.275412
43.008000	0.275412
43.072000	0.275412
43.136000	0.275412
43.200000	0.275412
43.264000	0.275412
43.328000	0.275412
43.392000	0.275412
43.456000	0.275412
43.520000	0.275412
43.584000	0.275412
43.648000	0.275412
43.712000	0.275412
43.776000	0.275412
43.840000	0.275412
43.904000	0.275412
43.968000	0.275412
44.032000	0.275412
44.096000	0.275412
44.160000	0.275412
44.224000	0.275412
44.288000	0.275412
44.352000	0.275412
44.416000	0.275412
44.480000	0.275412
44.544000	0.275412
44.608000	0.275412
44.672000	0.275412
44.736000	0.275412
44.800000	0.275412
44.864000	0.275412
44.928000	0.275412
44.992000	0.275412
45.056000	0.275412
45.120000	0.275412
45.184000	0.275412
45.248000	0.275412
45.312000	0.275412
45.376000	0.275412
45.440000	0.275412
45.504000	0.275412
45.568000	0.275412
45.632000	0.275412
45.696000	0.275412
45.760000	0.275412
45.824000	0.275412
45.888000	0.275412
45.952000	0.275412
46.016000	0.275412
46.080000	0.275412
46.144000	0.275412
46.208000	0.275412
46.272000	0.275412
46.336000	0.275412
46.400000	0.275412
46.464000	0.275412
46.528000	0.275412
46.592000	0.275412
46.656000	0.275412
46.720000	0.275412
46.784000	0.275412
46.848000	0.275412
46.912000	0.275412
46.976000	0.275412
47.040000	0.275412
47.104000	0.275412
47.168000	0.275412
47.232000	0.275412
47.296000	0.275412
47.360000	0.275412
47.424000	0.275412
47.488000	0.275412
47.552000	0.275412
47.616000	0.275412
47.680000	0.275412
47.744000	0.275412
47.808000	0.275412
47.872000	0.275412
47.936000	0.275412
48.000000	0.275412
48.064000	0.275412
48.128000	0.275412
48.192000	0.275412
48.256000	0.291278
48.320000	0.291278
48.384000	0.291278
48.448000	0.291278
48.512000	0.291278
48.576000	0.291278
48.640000	0.291278
48.704000	0.291278
48.768000	0.291278
48.832000	0.291278
48.896000	0.291278
48.960000	0.291278
49.024000	0.291278
49.088000	0.291278
49.152000	0.291278
49.216000	0.291278
49.280000	0.291278
49.344000	0.291278
49.408000	0.291278
49.472000	0.291278
49.536000	0.291278
49.600000	0.291278
49.664000	0.291278
49.728000	0.291278
49.792000	0.291278
49.856000	0.291278
49.920000	0.291278
49.984000	0.291278
50.048000	0.291278
50.112000	0.291278
50.176000	0.291278
50.240000	0.291278
50.304000	0.291278
50.368000	0.291278
50.432000	0.291278
50.496000	0.291278
50.560000	0.291278
50.624000	0.291278
50.688000	0.291278
50.752000	0.291278
50.816000	0.291278
50.880000	0.291278
50.944000	0.291278
51.008000	0.291278
51.072000	0.264820
51.136000	0.251750
51.200000	0.251750
51.264000	0.251750
51.328000	0.251750
51.392000	0.251750
51.456000	0.251750
51.520000	0.251750
51.584000	0.251750
51.648000	0.251750
51.712000	0.251750
51.776000	0.251750
51.840000	0.251750
51.904000	0.251750
51.968000	0.251750
52.032000	0.251750
52.096000	0.251750
52.160000	0.251750
52.224000	0.251750
52.288000	0.251750
52.352000	0.251750
52.416000	0.251750
52.480000	0.251750
52.544000	0.251750
52.608000	0.251750
52.672000	0.251750
52.736000	0.251750
52.800000	0.251750
52.864000	0.251750
52.928000	0.251750
52.992000	0.251750
53.056000	0.251750
53.120000	0.251750
53.184000	0.251750
53.248000	0.251750
53.312000	0.251750
53.376000	0.251750
53.440000	0.251750
53.504000	0.251750
53.568000	0.251750
53.632000	0.251750
53.696000	0.251750
53.760000	0.251750
53.824000	0.251750
53.888000	0.251750
53.952000	0.251750
54.016000	0.251750
54.080000	0.251750
54.144000	0.251750
54.208000	0.251750
54.272000	0.251750
54.336000	0.251750
54.400000	0.251750
54.464000	0.251750
54.528000	0.251750
54.592000	0.251750
54.656000	0.251750
54.720000	0.251750
54.784000	0.251750
54.848000	0.251750
54.912000	0.251750
54.976000	0.251750
55.040000	0.251750
55.104000	0.251750
55.168000	0.251750
55.232000	0.251750
55.296000	0.251750
55.360000	0.251750
55.424000	0.251750
55.488000	0.251750
55.552000	0.251750
55.616000	0.251750
55.680000	0.251750
55.744000	0.251750
55.808000	0.251750
55.872000	0.251750
55.936000	0.251750
56.000000	0.251750
56.064000	0.251750
56.128000	0.251750
56.192000	0.251750
56.256000	0.251750
56.320000	0.251750
56.384000	0.251750
56.448000	0.251750
56.512000	0.251750
56.576000	0.251750
56.640000	0.251750
56.704000	0.251750
56.768000	0.251750
56.832000	0.251750
56.896000	0.251750
56.960000	0.251750
57.024000	0.251750
57.088000	0.251750
57.152000	0.251750
57.216000	0.251750
57.280000	0.251750
57.344000	0.251750
57.408000	0.251750
57.472000	0.251750
57.536000	0.301819
57.600000	0.301819
57.664000	0.301819
57.728000	0.301819
57.792000	0.236909
57.856000	0.236909
57.920000	0.236909
57.984000	0.236909
58.048000	0.236909
58.112000	0.236909
58.176000	0.236909
58.240000	0.236909
58.304000	0.236909
58.368000	0.236909
58.432000	0.236909
58.496000	0.236909
58.560000	0.236909
58.624000	0.236909
58.688000	0.236909
58.752000	0.236909
58.816000	0.236909
58.880000	0.236909
58.944000	0.236909
59.008000	0.236909
59.072000	0.236909
59.136000	0.236909
59.200000	0.236909
59.264000	0.236909
59.328000	0.236909
59.392000	0.236909
59.456000	0.236909
59.520000	0.236909
59.584000	0.236909
59.648000	0.236909
59.712000	0.236909
59.776000	0.236909
59.840000	0.236909
59.904000	0.236909
59.968000	0.236909
60.032000	0.236909
60.096000	0.236909
60.160000	0.236909
60.224000	0.236909
60.288000	0.236909
60.352000	0.236909
60.416000	0.236909
60.480000	0.236909
60.544000	0.236909
60.608000	0.236909
60.672000	0.236909
60.736000	0.236909
60.800000	0.236909
60.864000	0.236909
60.928000	0.236909
60.992000	0.236909
61.056000	0.236909
61.120000	0.236909
61.184000	0.236909
61.248000	0.236909
61.312000	0.236909
61.376000	0.236909
61.440000	0.236909
61.504000	0.236909
61.568000	0.236909
61.632000	0.236909
61.696000	0.236909
61.760000	0.236909
61.824000	0.236909
61.888000	0.236909
61.952000	0.236909
62.016000	0.236909
62.080000	0.236909
62.144000	0.236909
62.208000	0.236909
62.272000	0.236909
62.336000	0.236909
62.400000	0.236909
62.464000	0.236909
62.528000	0.236909
62.592000	0.236909
62.656000	0.236909
62.720000	0.236909
62.784000	0.236909
62.848000	0.236909
62.912000	0.236909
62.976000	0.236909
63.040000	0.236909
63.104000	0.236909
63.168000	0.236909
63.232000	0.236909
63.296000	0.236909
63.360000	0.236909
63.424000	0.236909
63.488000	0.236909
63.552000	0.236909
63.616000	0.236909
63.680000	0.236909
63.744000	0.236909
63.808000	0.236909
63.872000	0.236909
63.936000	0.236909
64.000000	0.236909
64.064000	0.236909
64.128000	0.236909
64.192000	0.333931
64.256000	0.333931
64.320000	0.333931
64.384000	0.333931
64.448000	0.333931
64.512000	0.333931
64.576000	0.333931
64.640000	0.284387
64.704000	0.256341
64.768000	0.256341
64.832000	0.256341
64.896000	0.256341
64.960000	0.256341
65.024000	0.256341
65.088000	0.256341
65.152000	0.256341
65.216000	0.256341
65.280000	0.256341
65.344000	0.256341
65.408000	0.256341
65.472000	0.256341
65.536000	0.256341
65.600000	0.256341
65.664000	0.256341
65.728000	0.256341
65.792000	0.256341
65.856000	0.256341
65.920000	0.256341
65.984000	0.256341
66.048000	0.256341
66.112000	0.256341
66.176000	0.256341
66.240000	0.256341
66.304000	0.256341
66.368000	0.256341
66.432000	0.256341
66.496000	0.256341
66.560000	0.256341
66.624000	0.256341
66.688000	0.256341
66.752000	0.256341
66.816000	0.256341
66.880000	0.256341
66.944000	0.256341
67.008000	0.256341
67.072000	0.256341
67.136000	0.256341
67.200000	0.256341
67.264000	0.256341
67.328000	0.256341
67.392000	0.256341
67.456000	0.256341
67.520000	0.256341
67.584000	0.256341
67.648000	0.256341
67.712000	0.256341
67.776000	0.256341
67.840000	0.256341
67.904000	0.256341
67.968000	0.256341
68.032000	0.256341
68.096000	0.256341
68.160000	0.256341
68.224000	0.256341
68.288000	0.256341
68.352000	0.256341
68.416000	0.256341
68.480000	0.256341
68.544000	0.256341
68.608000	0.256341
68.672000	0.256341
68.736000	0.256341
68.800000	0.256341
68.864000	0.256341
68.928000	0.256341
68.992000	0.256341
69.056000	0.256341
69.120000	0.256341
69.184000	0.256341
69.248000	0.256341
69.312000	0.256341
69.376000	0.256341
69.440000	0.256341
69.504000	0.256341
69.568000	0.256341
69.632000	0.256341
69.696000	0.221233
69.760000	0.221233
69.824000	0.221233
69.888000	0.221233
69.952000	0.221233
70.016000	0.221233
70.080000	0.221233
70.144000	0.221233
70.208000	0.221233
70.272000	0.221233
70.336000	0.221233
70.400000	0.221233
70.464000	0.221233
70.528000	0.221233
70.592000	0.221233
70.656000	0.221233
70.720000	0.221233
70.784000	0.221233
70.848000	0.221233
70.912000	0.221233
70.976000	0.221233
71.040000	0.221233
71.104000	0.221233
71.168000	0.221233
71.232000	0.221233
71.296000	0.221233
71.360000	0.221233
71.424000	0.221233
71.488000	0.221233
71.552000	0.221233
71.616000	0.221233
71.680000	0.221233
71.744000	0.221233
71.808000	0.221233
71.872000	0.221233
71.936000	0.221233
72.000000	0.221233
72.064000	0.221233
72.128000	0.221233
72.192000	0.221233
72.256000	0.221233
72.320000	0.221233
72.384000	0.221233
72.448000	0.221233
72.512000	0.221233
72.576000	0.221233
72.640000	0.221233
72.704000	0.221233
72.768000	0.221233
72.832000	0.221233
72.896000	0.221233
72.960000	0.221233
73.024000	0.221233
73.088000	0.221233
73.152000	0.221233
73.216000	0.221233
73.280000	0.221233
73.344000	0.221233
73.408000	0.221233
73.472000	0.221233
73.536000	0.221233
73.600000	0.221233
73.664000	0.221233
73.728000	0.221233
73.792000	0.221233
73.856000	0.221233
73.920000	0.221233
73.984000	0.221233
74.048000	0.221233
74.112000	0.221233
74.176000	0.221233
74.240000	0.221233
74.304000	0.221233
74.368000	0.221233
74.432000	0.221233
74.496000	0.221233
74.560000	0.221233
74.624000	0.221233
74.688000	0.221233
74.752000	0.221233
74.816000	0.221233
74.880000	0.221233
74.944000	0.221233
75.008000	0.221233
75.072000	0.221233
75.136000	0.221233
75.200000	0.221233
75.264000	0.221233
75.328000	0.221233
75.392000	0.221233
75.456000	0.221233
75.520000	0.221233
75.584000	0.221233
75.648000	0.221233
75.712000	0.221233
75.776000	0.221233
75.840000	0.221233
75.904000	0.221233
75.968000	0.221233
76.032000	0.221233
76.096000	0.246730
76.160000	0.246730
76.224000	0.246730
76.288000	0.288717
76.352000	0.288717
76.416000	0.288717
76.480000	0.288717
76.544000	0.288717
76.608000	0.288717
76.672000	0.288717
76.736000	0.288717
76.800000	0.288717
76.864000	0.288717
76.928000	0.288717
76.992000	0.288717
77.056000	0.288717
77.120000	0.288717
77.184000	0.288717
77.248000	0.288717
77.312000	0.288717
77.376000	0.288717
77.440000	0.288717
77.504000	0.288717
77.568000	0.288717
77.632000	0.288717
77.696000	0.288717
77.760000	0.288717
77.824000	0.288717
77.888000	0.288717
77.952000	0.288717
78.016000	0.288717
78.080000	0.288717
78.144000	0.288717
78.208000	0.288717
78.272000	0.288717
78.336000	0.288717
78.400000	0.288717
78.464000	0.288717
78.528000	0.288717
78.592000	0.288717
78.656000	0.288717
78.720000	0.288717
78.784000	0.288717
78.848000	0.288717
78.912000	0.288717
78.976000	0.288717
79.040000	0.288717
79.104000	0.288717
79.168000	0.288717
79.232000	0.288717
79.296000	0.288717
79.360000	0.288717
79.424000	0.302625
79.488000	0.343535
79.552000	0.552444
79.616000	0.552444
79.680000	0.552444
79.744000	0.552444
79.808000	0.552444
79.872000	0.552444
79.936000	0.552444
80.000000	0.552444
80.064000	0.552444
80.128000	0.552444
80.192000	0.552444
80.256000	0.552444
80.320000	0.552444
80.384000	0.552444
80.448000	0.552444
80.512000	0.552444
80.576000	0.552444
80.640000	0.552444
80.704000	0.552444
80.768000	0.552444
80.832000	0.552444
80.896000	0.552444
80.960000	0.589993
81.024000	0.593807
81.088000	0.593807
81.152000	0.593807
81.216000	0.593807
81.280000	0.593807
81.344000	0.593807
81.408000	0.593807
81.472000	0.593807
81.536000	0.593807
81.600000	0.593807
81.664000	0.593807
81.728000	0.593807
81.792000	0.593807
81.856000	0.593807
81.920000	0.593807
81.984000	0.593807
82.048000	0.593807
82.112000	0.593807
82.176000	0.593807
82.240000	0.593807
82.304000	0.593807
82.368000	0.589824
82.432000	0.393425
82.496000	0.393425
82.560000	0.393425
82.624000	0.393425
82.688000	0.393425
82.752000	0.393425
82.816000	0.393425
82.880000	0.393425
82.944000	0.393425
83.008000	0.393425
83.072000	0.393425
83.136000	0.393425
83.200000	0.393425
83.264000	0.393425
83.328000	0.393425
83.392000	0.393425
83.456000	0.393425
83.520000	0.393425
83.584000	0.393425
83.648000	0.393425
83.712000	0.393425
83.776000	0.393425
83.840000	0.393425
83.904000	0.393425
83.968000	0.393425
84.032000	0.393425
84.096000	0.393425
84.160000	0.393425
84.224000	0.393425
84.288000	0.393425
84.352000	0.393425
84.416000	0.393425
84.480000	0.393425
84.544000	0.393425
84.608000	0.225478
84.672000	0.225478
84.736000	0.225478
84.800000	0.225478
84.864000	0.217849
84.928000	0.217849
84.992000	0.217849
85.056000	0.217849
85.120000	0.217849
85.184000	0.217849
85.248000	0.217849
85.312000	0.217849
85.376000	0.217849
85.440000	0.217849
85.504000	0.217849
85.568000	0.217849
85.632000	0.217849
85.696000	0.217849
85.760000	0.217849
85.824000	0.217849
85.888000	0.217849
85.952000	0.217849
86.016000	0.217849
86.080000	0.217849
86.144000	0.217849
86.208000	0.217849
86.272000	0.217849
86.336000	0.217849
86.400000	0.217849
86.464000	0.217849
86.528000	0.217849
86.592000	0.217849
86.656000	0.217849
86.720000	0.217849
86.784000	0.217849
86.848000	0.217849
86.912000	0.217849
86.976000	0.217849
87.040000	0.217849
87.104000	0.217849
87.168000	0.217849
87.232000	0.217849
87.296000	0.217849
87.360000	0.217849
87.424000	0.217849
87.488000	0.217849
87.552000	0.217849
87.616000	0.217849
87.680000	0.217849
87.744000	0.217849
87.808000	0.217849
87.872000	0.217849
87.936000	0.217849
88.000000	0.217849
88.064000	0.217849
88.128000	0.217849
88.192000	0.217849
88.256000	0.217849
88.320000	0.217849
88.384000	0.217849
88.448000	0.217849
88.512000	0.217849
88.576000	0.217849
88.640000	0.217849
88.704000	0.217849
88.768000	0.217849
88.832000	0.217849
88.896000	0.217849
88.960000	0.217849
89.024000	0.217849
89.088000	0.217849
89.152000	0.217849
89.216000	0.217849
89.280000	0.217849
89.344000	0.217849
89.408000	0.217849
89.472000	0.217849
89.536000	0.217849
89.600000	0.217849
89.664000	0.217849
89.728000	0.217849
89.792000	0.217849
89.856000	0.217849
89.920000	0.217849
89.984000	0.217849
90.048000	0.217849
90.112000	0.217849
90.176000	0.217849
90.240000	0.217849
90.304000	0.217849
90.368000	0.217849
90.432000	0.217849
90.496000	0.217849
90.560000	0.217849
90.624000	0.217849
90.688000	0.217849
90.752000	0.217849
90.816000	0.217849
90.880000	0.217849
90.944000	0.217849
91.008000	0.217849
91.072000	0.217849
91.136000	0.217849
91.200000	0.217849
91.264000	0.229688
91.328000	0.229688
91.392000	0.229688
91.456000	0.229688
91.520000	0.229688
91.584000	0.229688
91.648000	0.260196
91.712000	0.260196
91.776000	0.260196
91.840000	0.260196
91.904000	0.260196
91.968000	0.260196
92.032000	0.260196
92.096000	0.260196
92.160000	0.260196
92.224000	0.260196
92.288000	0.260196
92.352000	0.260196
92.416000	0.260196
92.480000	0.226814
92.544000	0.226814
92.608000	0.226814
92.672000	0.226814
92.736000	0.226814
92.800000	0.226814
92.864000	0.226814
92.928000	0.226814
92.992000	0.226814
93.056000	0.226814
93.120000	0.226814
93.184000	0.226814
93.248000	0.226814
93.312000	0.226814
93.376000	0.226814
93.440000	0.226814
93.504000	0.226814
93.568000	0.226814
93.632000	0.226814
93.696000	0.226814
93.760000	0.226814
93.824000	0.226814
93.888000	0.226814
93.952000	0.226814
94.016000	0.226814
94.080000	0.226814
94.144000	0.226814
94.208000	0.226814
94.272000	0.226814
94.336000	0.226814
94.400000	0.226814
94.464000	0.226814
94.528000	0.226814
94.592000	0.226814
94.656000	0.226814
94.720000	0.226814
94.784000	0.226814
94.848000	0.226814
94.912000	0.226814
94.976000	0.226814
95.040000	0.226814
95.104000	0.226814
95.168000	0.226814
95.232000	0.226814
95.296000	0.226814
95.360000	0.226814
95.424000	0.226814
95.488000	0.226814
95.552000	0.226814
95.616000	0.226814
95.680000	0.226814
95.744000	0.226814
95.808000	0.226814
95.872000	0.226814
95.936000	0.226814
96.000000	0.226814
96.064000	0.226814
96.128000	0.226814
96.192000	0.226814
96.256000	0.226814
96.320000	0.226814
96.384000	0.226814
96.448000	0.226814
96.512000	0.226814
96.576000	0.226814
96.640000	0.226814
96.704000	0.226814
96.768000	0.226814
96.832000	0.226814
96.896000	0.226814
96.960000	0.226814
97.024000	0.226814
97.088000	0.226814
97.152000	0.226814
97.216000	0.226814
97.280000	0.226814
97.344000	0.226814
97.408000	0.226814
97.472000	0.226814
97.536000	0.226814
97.600000	0.226814
97.664000	0.226814
97.728000	0.226814
97.792000	0.226814
97.856000	0.226814
97.920000	0.226814
97.984000	0.226814
98.048000	0.226814
98.112000	0.226814
98.176000	0.226814
98.240000	0.226814
98.304000	0.226814
98.368000	0.226814
98.432000	0.226814
98.496000	0.226814
98.560000	0.226814
98.624000	0.226814
98.688000	0.226814
98.752000	0.226814
98.816000	0.226814
98.880000	0.269510
98.944000	0.269510
99.008000	0.269510
99.072000	0.269510
99.136000	0.269510
99.200000	0.269510
99.264000	0.269510
99.328000	0.269510
99.392000	0.269510
99.456000	0.269510
99.520000	0.269510
99.584000	0.269510
99.648000	0.269510
99.712000	0.269510
99.776000	0.269510
99.840000	0.269510
99.904000	0.269510
99.968000	0.269510
100.032000	0.269510
100.096000	0.269510
100.160000	0.269510
100.224000	0.269510
100.288000	0.269510
100.352000	0.269510
100.416000	0.269510
100.480000	0.269510
100.544000	0.269510
100.608000	0.269510
100.672000	0.269510
100.736000	0.269510
100.800000	0.269510
100.864000	0.269510
100.928000	0.269510
100.992000	0.269510
101.056000	0.269510
101.120000	0.269510
101.184000	0.269510
101.248000	0.269510
101.312000	0.269510
101.376000	0.269510
101.440000	0.269510
101.504000	0.269510
101.568000	0.269510
101.632000	0.269510
101.696000	0.269510
101.760000	0.269510
101.824000	0.269510
101.888000	0.269510
101.952000	0.269510
102.016000	0.269510
102.080000	0.269510
102.144000	0.269510
102.208000	0.269510
102.272000	0.269510
102.336000	0.269510
102.400000	0.269510
102.464000	0.269510
102.528000	0.269510
102.592000	0.269510
102.656000	0.269510
102.720000	0.269510
102.784000	0.269510
102.848000	0.269510
102.912000	0.269510
102.976000	0.269510
103.040000	0.269510
103.104000	0.269510
103.168000	0.269510
103.232000	0.269510
103.296000	0.269510
103.360000	0.269510
103.424000	0.269510
103.488000	0.269510
103.552000	0.269510
103.616000	0.269510
103.680000	0.269510
103.744000	0.269510
103.808000	0.269510
103.872000	0.269510
103.936000	0.269510
104.000000	0.269510
104.064000	0.269510
104.128000	0.269510
104.192000	0.269510
104.256000	0.269510
104.320000	0.269510
104.384000	0.269510
104.448000	0.269510
104.512000	0.269510
104.576000	0.269510
104.640000	0.269510
104.704000	0.269510
104.768000	0.269510
104.832000	0.269510
104.896000	0.269510
104.960000	0.269510
105.024000	0.269510
105.088000	0.269510
105.152000	0.269510
105.216000	0.269510
105.280000	0.317787
105.344000	0.317787
105.408000	0.317787
105.472000	0.317787
105.536000	0.317787
105.600000	0.317787
105.664000	0.317787
105.728000	0.317787
105.792000	0.346460
105.856000	0.346460
105.920000	0.346460
105.984000	0.346460
106.048000	0.346460
106.112000	0.346460
106.176000	0.346460
106.240000	0.346460
106.304000	0.346460
106.368000	0.346460
106.432000	0.346460
106.496000	0.346460
106.560000	0.346460
106.624000	0.346460
106.688000	0.346460
106.752000	0.346460
106.816000	0.346460
106.880000	0.346460
106.944000	0.346460
107.008000	0.346460
107.072000	0.346460
107.136000	0.346460
107.200000	0.346460
107.264000	0.346460
107.328000	0.346460
107.392000	0.346460
107.456000	0.346460
107.520000	0.346460
107.584000	0.346460
107.648000	0.384583
107.712000	0.384583
107.776000	0.384583
107.840000	0.384583
107.904000	0.384583
107.968000	0.384583
108.032000	0.384583
108.096000	0.384583
108.160000	0.384583
108.224000	0.384583
108.288000	0.384583
108.352000	0.384583
108.416000	0.384583
108.480000	0.384583
108.544000	0.384583
108.608000	0.384583
108.672000	0.384583
108.736000	0.384583
108.800000	0.384583
108.864000	0.384583
108.928000	0.384583
108.992000	0.384583
109.056000	0.384583
109.120000	0.384583
109.184000	0.384583
109.248000	0.384583
109.312000	0.384583
109.376000	0.384583
109.440000	0.384583
109.504000	0.384583
109.568000	0.384583
109.632000	0.384583
109.696000	0.384583
109.760000	0.384583
109.824000	0.384583
109.888000	0.384583
109.952000	0.384583
110.016000	0.384583
110.080000	0.384583
110.144000	0.384583
110.208000	0.384583
110.272000	0.384583
110.336000	0.384583
110.400000	0.384583
110.464000	0.384583
110.528000	0.384583
110.592000	0.384583
110.656000	0.384583
110.720000	0.384583
110.784000	0.384583
110.848000	0.384583
110.912000	0.384583
110.976000	0.384583
111.040000	0.384583
111.104000	0.384583
111.168000	0.384583
111.232000	0.384583
111.296000	0.384583
111.360000	0.384583
111.424000	0.384583
111.488000	0.384583
111.552000	0.384583
111.616000	0.384583
111.680000	0.384583
111.744000	0.384583
111.808000	0.384583
111.872000	0.384583
111.936000	0.384583
112.000000	0.270322
112.064000	0.270322
112.128000	0.200965
112.192000	0.200965
112.256000	0.150105
112.320000	0.150105
112.384000	0.150105
112.448000	0.150105
112.512000	0.150105
112.576000	0.150105
112.640000	0.150105
112.704000	0.150105
112.768000	0.150105
112.832000	0.150105
112.896000	0.150105
112.960000	0.150105
113.024000	0.150105
113.088000	0.150105
113.152000	0.150105
113.216000	0.150105
113.280000	0.150105
113.344000	0.150105
113.408000	0.150105
113.472000	0.150105
113.536000	0.150105
113.600000	0.150105
113.664000	0.150105
113.728000	0.150105
113.792000	0.150105
113.856000	0.150105
113.920000	0.150105
113.984000	0.150105
114.048000	0.150105
114.112000	0.150105
114.176000	0.150105
114.240000	0.150105
114.304000	0.150105
114.368000	0.150105
114.432000	0.150105
114.496000	0.150105
114.560000	0.150105
114.624000	0.150105
114.688000	0.150105
114.752000	0.150105
114.816000	0.150105
114.880000	0.150105
114.944000	0.150105
115.008000	0.150105
115.072000	0.150105
115.136000	0.150105
115.200000	0.150105
115.264000	0.150105
115.328000	0.150105
115.392000	0.150105
115.456000	0.150105
115.520000	0.150105
115.584000	0.150105
115.648000	0.150105
115.712000	0.150105
115.776000	0.150105
115.840000	0.150105
115.904000	0.150105
115.968000	0.150105
116.032000	0.150105
116.096000	0.150105
116.160000	0.150105
116.224000	0.150105
116.288000	0.150105
116.352000	0.150105
116.416000	0.150105
116.480000	0.150105
116.544000	0.150105
116.608000	0.150105
116.672000	0.150105
116.736000	0.150105
116.800000	0.150105
116.864000	0.150105
116.928000	0.150105
116.992000	0.150105
117.056000	0.150105
117.120000	0.150105
117.184000	0.150105
117.248000	0.150105
117.312000	0.150105
117.376000	0.150105
117.440000	0.150105
117.504000	0.150105
117.568000	0.150105
117.632000	0.150105
117.696000	0.150105
117.760000	0.150105
117.824000	0.150105
117.888000	0.150105
117.952000	0.150105
118.016000	0.150105
118.080000	0.150105
118.144000	0.150105
118.208000	0.150105
118.272000	0.150105
118.336000	0.150105
118.400000	0.150105
118.464000	0.150105
118.528000	0.150105
118.592000	0.150105
118.656000	0.206712
118.720000	0.206712
118.784000	0.206712
118.848000	0.206712
118.912000	0.206712
118.976000	0.206712
119.040000	0.206712
119.104000	0.206712
119.168000	0.206712
119.232000	0.206712
119.296000	0.206712
119.360000	0.206712
119.424000	0.206712
119.488000	0.206712
119.552000	0.206712
119.616000	0.206712
119.680000	0.206712
119.744000	0.206712
119.808000	0.206712
119.872000	0.206712
119.936000	0.206712
120.000000	0.206712
120.064000	0.206712
120.128000	0.206712
120.192000	0.206712
120.256000	0.206712
120.320000	0.206712
120.384000	0.206712
120.448000	0.206712
120.512000	0.206712
120.576000	0.209563
120.640000	0.209563
120.704000	0.209563
120.768000	0.209563
120.832000	0.209563
120.896000	0.209563
120.960000	0.209563
121.024000	0.209563
121.088000	0.209563
121.152000	0.209563
121.216000	0.209563
121.280000	0.209563
121.344000	0.209563
121.408000	0.209563
121.472000	0.209563
121.536000	0.209563
121.600000	0.209563
121.664000	0.209563
121.728000	0.209563
121.792000	0.209563
121.856000	0.227679
121.920000	0.227679
121.984000	0.227679
122.048000	0.227679
122.112000	0.227679
122.176000	0.227679
122.240000	0.227679
122.304000	0.227679
122.368000	0.227679
122.432000	0.339416
122.496000	0.370727
122.560000	0.370727
122.624000	0.370727
122.688000	0.388096
122.752000	0.388096
122.816000	0.388096
122.880000	0.388096
122.944000	0.262424
123.008000	0.262424
123.072000	0.182131
123.136000	0.182131
123.200000	0.182131
123.264000	0.182131
123.328000	0.182131
123.392000	0.182131
123.456000	0.182131
123.520000	0.182131
123.584000	0.182131
123.648000	0.182131
123.712000	0.182131
123.776000	0.182131
123.840000	0.182131
123.904000	0.182131
123.968000	0.182131
124.032000	0.182131
124.096000	0.182131
124.160000	0.182131
124.224000	0.182131
124.288000	0.182131
124.352000	0.182131
124.416000	0.182131
124.480000	0.182131
124.544000	0.182131
124.608000	0.182131
124.672000	0.182131
124.736000	0.182131
124.800000	0.182131
124.864000	0.182131
124.928000	0.182131
124.992000	0.182131
125.056000	0.182131
125.120000	0.182131
125.184000	0.182131
125.248000	0.182131
125.312000	0.182131
125.376000	0.182131
125.440000	0.182131
125.504000	0.182131
125.568000	0.182131
125.632000	0.182131
125.696000	0.182131
125.760000	0.182131
125.824000	0.182131
125.888000	0.182131
125.952000	0.182131
126.016000	0.182131
126.080000	0.182131
126.144000	0.182131
126.208000	0.182131
126.272000	0.182131
126.336000	0.182131
126.400000	0.182131
126.464000	0.182131
126.528000	0.182131
126.592000	0.182131
126.656000	0.182131
126.720000	0.182131
126.784000	0.182131
126.848000	0.182131
126.912000	0.182131
126.976000	0.182131
127.040000	0.182131
127.104000	0.182131
127.168000	0.182131
127.232000	0.182131
127.296000	0.182131
127.360000	0.182131
127.424000	0.182131
127.488000	0.182131
127.552000	0.182131
127.616000	0.182131
127.680000	0.182131
127.744000	0.182131
127.808000	0.182131
127.872000	0.182131
127.936000	0.182131
128.000000	0.182131
128.064000	0.182131
128.128000	0.182131
128.192000	0.182131
128.256000	0.182131
128.320000	0.182131
128.384000	0.182131
128.448000	0.182131
128.512000	0.182131
128.576000	0.182131
128.640000	0.182131
128.704000	0.182131
128.768000	0.182131
128.832000	0.182131
128.896000	0.182131
128.960000	0.182131
129.024000	0.182131
129.088000	0.182131
129.152000	0.182131
129.216000	0.182131
129.280000	0.182131
129.344000	0.182131
129.408000	0.182131
129.472000	0.245016
129.536000	0.245016
129.600000	0.245016
129.664000	0.245016
129.728000	0.245016
129.792000	0.245016
129.856000	0.245016
129.920000	0.245016
129.984000	0.245016
130.048000	0.245016
130.112000	0.245016
130.176000	0.245016
130.240000	0.245016
130.304000	0.245016
130.368000	0.245016
130.432000	0.245016
130.496000	0.245016
130.560000	0.245016
130.624000	0.245016
130.688000	0.245016
130.752000	0.245016
130.816000	0.245016
130.880000	0.245016
130.944000	0.245016
131.008000	0.245016
131.072000	0.245016
131.136000	0.245016
131.200000	0.245016
131.264000	0.245016
131.328000	0.245016
131.392000	0.245016
131.456000	0.245016
131.520000	0.245016
131.584000	0.245016
131.648000	0.245016
131.712000	0.245016
131.776000	0.245016
131.840000	0.245016
131.904000	0.245016
131.968000	0.245016
132.032000	0.245016
132.096000	0.245016
132.160000	0.245016
132.224000	0.245016
132.288000	0.245016
132.352000	0.245016
132.416000	0.245016
132.480000	0.245016
132.544000	0.245016
132.608000	0.245016
132.672000	0.245016
132.736000	0.245016
132.800000	0.245016
132.864000	0.245016
132.928000	0.245016
132.992000	0.245016
133.056000	0.245016
133.120000	0.245016
133.184000	0.245016
133.248000	0.245016
133.312000	0.245016
133.376000	0.245016
133.440000	0.245016
133.504000	0.245016
133.568000	0.245016
133.632000	0.245016
133.696000	0.245016
133.760000	0.245016
133.824000	0.245016
133.888000	0.245016
133.952000	0.245016
134.016000	0.245016
134.080000	0.245016
134.144000	0.245016
134.208000	0.245016
134.272000	0.245016
134.336000	0.245016
134.400000	0.245016
134.464000	0.245016
134.528000	0.245016
134.592000	0.245016
134.656000	0.245016
134.720000	0.245016
134.784000	0.242842
134.848000	0.242842
134.912000	0.242842
134.976000	0.242842
135.040000	0.242842
135.104000	0.242842
135.168000	0.242842
135.232000	0.242842
135.296000	0.242842
135.360000	0.242842
135.424000	0.242842
135.488000	0.242842
135.552000	0.242842
135.616000	0.242842
135.680000	0.242842
135.744000	0.202126
135.808000	0.202126
135.872000	0.202126
135.936000	0.202126
136.000000	0.202126
136.064000	0.202126
136.128000	0.202126
136.192000	0.202126
136.256000	0.202126
136.320000	0.202126
136.384000	0.202126
136.448000	0.202126
136.512000	0.202126
136.576000	0.202126
136.640000	0.202126
136.704000	0.202126
136.768000	0.202126
136.832000	0.202126
136.896000	0.202126
136.960000	0.202126
137.024000	0.202126
137.088000	0.202126
137.152000	0.202126
137.216000	0.202126
137.280000	0.202126
137.344000	0.202126
137.408000	0.202126
137.472000	0.202126
137.536000	0.202126
137.600000	0.202126
137.664000	0.202126
137.728000	0.202126
137.792000	0.202126
137.856000	0.202126
137.920000	0.202126
137.984000	0.202126
138.048000	0.202126
138.112000	0.202126
138.176000	0.202126
138.240000	0.202126
138.304000	0.202126
138.368000	0.202126
138.432000	0.202126
138.496000	0.202126
138.560000	0.202126
138.624000	0.202126
138.688000	0.179317
138.752000	0.179317
138.816000	0.179317
138.880000	0.179317
138.944000	0.179317
139.008000	0.179317
139.072000	0.179317
139.136000	0.179317
139.200000	0.179317
139.264000	0.179317
139.328000	0.179317
139.392000	0.179317
139.456000	0.179317
139.520000	0.179317
139.584000	0.179317
139.648000	0.179317
139.712000	0.179317
139.776000	0.179317
139.840000	0.179317
139.904000	0.179317
139.968000	0.179317
140.032000	0.179317
140.096000	0.179317
140.160000	0.179317
140.224000	0.179317
140.288000	0.179317
140.352000	0.179317
140.416000	0.179317
140.480000	0.179317
140.544000	0.179317
140.608000	0.179317
140.672000	0.179317
140.736000	0.179317
140.800000	0.179317
140.864000	0.179317
140.928000	0.179317
140.992000	0.179317
141.056000	0.179317
141.120000	0.179317
141.184000	0.179317
141.248000	0.179317
141.312000	0.179317
141.376000	0.179317
141.440000	0.179317
141.504000	0.175876
141.568000	0.175876
141.632000	0.175876
141.696000	0.175876
141.760000	0.175876
141.824000	0.175876
141.888000	0.175876
141.952000	0.175876
142.016000	0.175876
142.080000	0.175876
142.144000	0.175876
142.208000	0.175876
142.272000	0.175876
142.336000	0.175876
142.400000	0.175876
142.464000	0.175876
142.528000	0.175876
142.592000	0.175876
142.656000	0.175876
142.720000	0.175876
142.784000	0.175876
142.848000	0.175876
142.912000	0.175876
142.976000	0.175876
143.040000	0.175876
143.104000	0.175876
143.168000	0.175876
143.232000	0.175876
143.296000	0.175876
143.360000	0.175876
143.424000	0.175876
143.488000	0.175876
143.552000	0.175876
143.616000	0.175876
143.680000	0.175876
143.744000	0.175876
143.808000	0.175876
143.872000	0.175876
143.936000	0.175876
144.000000	0.175876
144.064000	0.175876
144.128000	0.175876
144.192000	0.175876
144.256000	0.175876
144.320000	0.175876
144.384000	0.175876
144.448000	0.175876
144.512000	0.175876
144.576000	0.175876
144.640000	0.175876
144.704000	0.175876
144.768000	0.175876
144.832000	0.175876
144.896000	0.175876
144.960000	0.175876
145.024000	0.175876
145.088000	0.175876
145.152000	0.175876
145.216000	0.175876
145.280000	0.175876
145.344000	0.175876
145.408000	0.175876
145.472000	0.175876
145.536000	0.175876
145.600000	0.175876
145.664000	0.175876
145.728000	0.175876
145.792000	0.175876
145.856000	0.175876
145.920000	0.175876
145.984000	0.175876
146.048000	0.175876
146.112000	0.175876
146.176000	0.175876
146.240000	0.175876
146.304000	0.175876
146.368000	0.175876
146.432000	0.175876
146.496000	0.175876
146.560000	0.175876
146.624000	0.175876
146.688000	0.175876
146.752000	0.175876
146.816000	0.175876
146.880000	0.175876
146.944000	0.175876
147.008000	0.175876
147.072000	0.175876
147.136000	0.175876
147.200000	0.175876
147.264000	0.175876
147.328000	0.175876
147.392000	0.175876
147.456000	0.175876
147.520000	0.175876
147.584000	0.175876
147.648000	0.175876
147.712000	0.175876
147.776000	0.175876
147.840000	0.175876
147.904000	0.178323
147.968000	0.178323
148.032000	0.178323
148.096000	0.178323
148.160000	0.178323
148.224000	0.178323
148.288000	0.178323
148.352000	0.178323
148.416000	0.178323
148.480000	0.178323
148.544000	0.178323
148.608000	0.178323
148.672000	0.178323
148.736000	0.178323
148.800000	0.178323
148.864000	0.178323
148.928000	0.178323
148.992000	0.178323
149.056000	0.178323
149.120000	0.178323
149.184000	0.178323
149.248000	0.178323
149.312000	0.178323
149.376000	0.178323
149.440000	0.178323
149.504000	0.178323
149.568000	0.178323
149.632000	0.178323
149.696000	0.178323
149.760000	0.178323
149.824000	0.178323
149.888000	0.178323
149.952000	0.178323
150.016000	0.178323
150.080000	0.178323
150.144000	0.178323
150.208000	0.178323
150.272000	0.178323
150.336000	0.178323
150.400000	0.178323
150.464000	0.178323
150.528000	0.178323
150.592000	0.178323
150.656000	0.178323
150.720000	0.178323
150.784000	0.178323
150.848000	0.178323
150.912000	0.178323
150.976000	0.178323
151.040000	0.178323
151.104000	0.178323
151.168000	0.178323
151.232000	0.178323
151.296000	0.178323
151.360000	0.178323
151.424000	0.178323
151.488000	0.178323
151.552000	0.178323
151.616000	0.178323
151.680000	0.178323
151.744000	0.178323
151.808000	0.178323
151.872000	0.178323
151.936000	0.178323
152.000000	0.178323
152.064000	0.178323
152.128000	0.156625
152.192000	0.156625
152.256000	0.156625
152.320000	0.156625
152.384000	0.156625
152.448000	0.156625
152.512000	0.137954
152.576000	0.137954
152.640000	0.137954
152.704000	0.137954
152.768000	0.137954
152.832000	0.137954
152.896000	0.137954
152.960000	0.137954
153.024000	0.137954
153.088000	0.137954
153.152000	0.137954
153.216000	0.137954
153.280000	0.137954
153.344000	0.137954
153.408000	0.137954
153.472000	0.137954
153.536000	0.137954
153.600000	0.137954
153.664000	0.137954
153.728000	0.137954
153.792000	0.137954
153.856000	0.137954
153.920000	0.137954
153.984000	0.133050
154.048000	0.133050
154.112000	0.133050
154.176000	0.133050
154.240000	0.133050
154.304000	0.133050
154.368000	0.133050
154.432000	0.133050
154.496000	0.133050
154.560000	0.133050
154.624000	0.133050
154.688000	0.133050
154.752000	0.133050
154.816000	0.133050
154.880000	0.133050
154.944000	0.133050
155.008000	0.133050
155.072000	0.133050
155.136000	0.133050
155.200000	0.133050
155.264000	0.133050
155.328000	0.133050
155.392000	0.133050
155.456000	0.133050
155.520000	0.133050
155.584000	0.133050
155.648000	0.133050
155.712000	0.133050
155.776000	0.133050
155.840000	0.133050
155.904000	0.133050
155.968000	0.133050
156.032000	0.133050
156.096000	0.133050
156.160000	0.133050
156.224000	0.133050
156.288000	0.133050
156.352000	0.133050
156.416000	0.133050
156.480000	0.133050
156.544000	0.133050
156.608000	0.133050
156.672000	0.133050
156.736000	0.133050
156.800000	0.133050
156.864000	0.133050
156.928000	0.133050
156.992000	0.133050
157.056000	0.133050
157.120000	0.133050
157.184000	0.133050
157.248000	0.133050
157.312000	0.133050
157.376000	0.133050
157.440000	0.133050
157.504000	0.133050
157.568000	0.133050
157.632000	0.133050
157.696000	0.133050
157.760000	0.133050
157.824000	0.133050
157.888000	0.133050
157.952000	0.133050
158.016000	0.133050
158.080000	0.133050
158.144000	0.133050
158.208000	0.133050
158.272000	0.133050
158.336000	0.133050
158.400000	0.133050
158.464000	0.133050
158.528000	0.133050
158.592000	0.133050
158.656000	0.133050
158.720000	0.133050
158.784000	0.133050
158.848000	0.133050
158.912000	0.133050
158.976000	0.133050
159.040000	0.133050
159.104000	0.133050
159.168000	0.133050
159.232000	0.133050
159.296000	0.133050
159.360000	0.133050
159.424000	0.133050
159.488000	0.133050
159.552000	0.133050
159.616000	0.133050
159.680000	0.133050
159.744000	0.133050
159.808000	0.133050
159.872000	0.133050
159.936000	0.133050
160.000000	0.133050
160.064000	0.133050
160.128000	0.133050
160.192000	0.124632
160.256000	0.124632
160.320000	0.124632
160.384000	0.124632
160.448000	0.124632
160.512000	0.124632
160.576000	0.124632
160.640000	0.124632
160.704000	0.124632
160.768000	0.124632
160.832000	0.124632
160.896000	0.124632
160.960000	0.124632
161.024000	0.124632
161.088000	0.124632
161.152000	0.124632
161.216000	0.124632
161.280000	0.124632
161.344000	0.124632
161.408000	0.124632
161.472000	0.124632
161.536000	0.124632
161.600000	0.124632
161.664000	0.124632
161.728000	0.124632
161.792000	0.124632
161.856000	0.124632
161.920000	0.124632
161.984000	0.124632
162.048000	0.124632
162.112000	0.124632
162.176000	0.124632
162.240000	0.124632
162.304000	0.124632
162.368000	0.124632
162.432000	0.124632
162.496000	0.124632
162.560000	0.124632
162.624000	0.124632
162.688000	0.124632
162.752000	0.124632
162.816000	0.124632
162.880000	0.124632
162.944000	0.124632
163.008000	0.124632
163.072000	0.124632
163.136000	0.124632
163.200000	0.124632
163.264000	0.124632
163.328000	0.124632
163.392000	0.124632
163.456000	0.124632
163.520000	0.124632
163.584000	0.124632
163.648000	0.124632
163.712000	0.124632
163.776000	0.124632
163.840000	0.124632
163.904000	0.124632
163.968000	0.124632
164.032000	0.124632
164.096000	0.124632
164.160000	0.124632
164.224000	0.124632
164.288000	0.124632
164.352000	0.124632
164.416000	0.124632
164.480000	0.124632
164.544000	0.124632
164.608000	0.124632
164.672000	0.124632
164.736000	0.124632
164.800000	0.124632
164.864000	0.124632
164.928000	0.124632
164.992000	0.124632
165.056000	0.124632
165.120000	0.124632
165.184000	0.124632
165.248000	0.124632
165.312000	0.124632
165.376000	0.124632
165.440000	0.124632
165.504000	0.124632
165.568000	0.124632
165.632000	0.124632
165.696000	0.124632
165.760000	0.124632
165.824000	0.124632
165.888000	0.124632
165.952000	0.124632
166.016000	0.124632
166.080000	0.124632
166.144000	0.124632
166.208000	0.124632
166.272000	0.112558
166.336000	0.112558
166.400000	0.112558
166.464000	0.112558
166.528000	0.112558
166.592000	0.112558
166.656000	0.112558
166.720000	0.112558
166.784000	0.112558
166.848000	0.112558
166.912000	0.112558
166.976000	0.112558
167.040000	0.112558
167.104000	0.112558
167.168000	0.112558
167.232000	0.112558
167.296000	0.112558
167.360000	0.112558
167.424000	0.112558
167.488000	0.112558
167.552000	0.112558
167.616000	0.112558
167.680000	0.112558
167.744000	0.112558
167.808000	0.112558
167.872000	0.112558
167.936000	0.112558
168.000000	0.112558
168.064000	0.112558
168.128000	0.112558
168.192000	0.112558
168.256000	0.112558
168.320000	0.112558
168.384000	0.112558
168.448000	0.112558
168.512000	0.112558
168.576000	0.112558
168.640000	0.112558
168.704000	0.112558
168.768000	0.112558
168.832000	0.112558
168.896000	0.112558
168.960000	0.112558
169.024000	0.112558
169.088000	0.112558
169.152000	0.112558
169.216000	0.112558
169.280000	0.112558
169.344000	0.112558
169.408000	0.112558
169.472000	0.112558
169.536000	0.112558
169.600000	0.112558
169.664000	0.112558
169.728000	0.112558
169.792000	0.112558
169.856000	0.112558
169.920000	0.112558
169.984000	0.112558
170.048000	0.112558
170.112000	0.112558
170.176000	0.112558
170.240000	0.112558
170.304000	0.112558
170.368000	0.112558
170.432000	0.112558
170.496000	0.112558
170.560000	0.112558
170.624000	0.112558
170.688000	0.112558
170.752000	0.112558
170.816000	0.112558
170.880000	0.112558
170.944000	0.112558
171.008000	0.112558
171.072000	0.112558
171.136000	0.112558
171.200000	0.112558
171.264000	0.112558
171.328000	0.112558
171.392000	0.112558
171.456000	0.112558
171.520000	0.112558
171.584000	0.112558
171.648000	0.112558
171.712000	0.112558
171.776000	0.112558
171.840000	0.112558
171.904000	0.112558
171.968000	0.112558
172.032000	0.112558
172.096000	0.112558
172.160000	0.112558
172.224000	0.112558
172.288000	0.112558
172.352000	0.112558
172.416000	0.112558
172.480000	0.112558
172.544000	0.112558
172.608000	0.112558
172.672000	0.147265
172.736000	0.147265
172.800000	0.147265
172.864000	0.147265
172.928000	0.147265
172.992000	0.147265
173.056000	0.147265
173.120000	0.147265
173.184000	0.147265
173.248000	0.147265
173.312000	0.147265
173.376000	0.147265
173.440000	0.147265
173.504000	0.147265
173.568000	0.147265
173.632000	0.147265
173.696000	0.147265
173.760000	0.147265
173.824000	0.147265
173.888000	0.147265
173.952000	0.147265
174.016000	0.147265
174.080000	0.147265
174.144000	0.147265
174.208000	0.147265
174.272000	0.147265
174.336000	0.147265
174.400000	0.147265
174.464000	0.147265
174.528000	0.147265
174.592000	0.147265
174.656000	0.147265
174.720000	0.094749
174.784000	0.094749
174.848000	0.094749
174.912000	0.094749
174.976000	0.094749
175.040000	0.094749
175.104000	0.094749
175.168000	0.094749
175.232000	0.094749
175.296000	0.094749
175.360000	0.094749
175.424000	0.094749
175.488000	0.094749
175.552000	0.094749
175.616000	0.094749
175.680000	0.094749
175.744000	0.094749
175.808000	0.094749
175.872000	0.094749
175.936000	0.094749
176.000000	0.094749
176.064000	0.094749
176.128000	0.094749
176.192000	0.094749
176.256000	0.094749
176.320000	0.094749
176.384000	0.094749
176.448000	0.094749
176.512000	0.094749
176.576000	0.094749
176.640000	0.094749
176.704000	0.058216
176.768000	0.000000
176.832000	0.000000
176.896000	0.000000
176.960000	0.000000
177.024000	0.000000
177.088000	0.000000
177.152000	0.000000
177.216000	0.000000
177.280000	0.000000
177.344000	0.000000
177.408000	0.000000
177.472000	0.000000
177.536000	0.000000
177.600000	0.000000
177.664000	0.000000
177.728000	0.000000
177.792000	0.000000
177.856000	0.000000
177.920000	0.000000
177.984000	0.000000
178.048000	0.000000
178.112000	0.000000
178.176000	0.000000
178.240000	0.000000
178.304000	0.000000
178.368000	0.000000
178.432000	0.000000
178.496000	0.000000
178.560000	0.000000
178.624000	0.000000
178.688000	0.000000
178.752000	0.000000
178.816000	0.000000
178.880000	0.000000
178.944000	0.000000
179.008000	0.000000
179.072000	0.000000
179.136000	0.000000
179.200000	0.000000
179.264000	0.000000
179.328000	0.000000
179.392000	0.000000
179.456000	0.000000
179.520000	0.000000
179.584000	0.000000
179.648000	0.000000
179.712000	0.000000
179.776000	0.000000
179.840000	0.000000
179.904000	0.000000
