2.500000	0.000000
3.000000	0.000000
3.500000	0.000000
4.000000	0.000000
4.500000	0.000000
5.000000	0.000000
5.500000	0.000000
6.000000	0.000000
6.500000	0.144015
7.000000	0.208083
7.500000	0.179265
8.000000	0.232057
8.500000	0.195993
9.000000	0.082844
9.500000	0.439341
10.000000	0.516741
10.500000	0.625200
11.000000	1.000000
11.500000	1.000000
12.000000	1.000000
12.500000	1.000000
13.000000	1.000000
13.500000	1.000000
14.000000	1.000000
14.500000	1.000000
15.000000	1.000000
15.500000	0.753357
16.000000	0.918927
16.500000	0.292652
17.000000	0.261408
17.500000	0.222456
18.000000	0.145315
18.500000	0.112146
19.000000	0.054021
19.500000	0.000000
20.000000	0.000000
20.500000	0.054629
21.000000	0.000000
21.500000	0.000000
22.000000	0.000000
22.500000	0.286363
23.000000	0.179789
23.500000	0.082417
24.000000	0.164276
24.500000	0.000000
25.000000	0.453941
25.500000	0.239951
26.000000	0.368678
26.500000	0.175950
27.000000	0.202693
27.500000	0.000000
28.000000	0.000000
28.500000	0.000000
29.000000	0.000000
29.500000	0.000000
30.000000	0.000000
30.500000	0.000000
31.000000	0.000000
31.500000	0.000000
32.000000	0.000000
32.500000	0.000000
33.000000	0.000000
33.500000	0.000000
34.000000	0.000000
34.500000	0.000000
35.000000	0.000000
35.500000	0.000000
36.000000	0.000000
36.500000	0.000000
37.000000	0.112308
37.500000	0.112308
38.000000	0.279394
38.500000	0.201122
39.000000	0.167468
39.500000	0.290319
40.000000	0.398942
40.500000	0.202362
41.000000	0.383894
41.500000	0.338878
42.000000	0.457956
42.500000	0.493253
43.000000	0.292319
43.500000	0.299399
44.000000	0.249038
44.500000	0.149471
45.000000	0.184165
45.500000	0.185029
46.000000	0.435377
46.500000	0.528612
47.000000	0.863832
47.500000	0.996769
48.000000	1.000000
48.500000	0.990977
49.000000	0.722391
49.500000	0.491717
50.000000	0.142540
50.500000	0.360569
51.000000	0.110065
51.500000	0.083876
52.000000	0.000000
52.500000	0.000000
53.000000	0.000000
53.500000	0.000000
54.000000	0.252786
54.500000	0.221964
55.000000	0.218789
55.500000	0.366391
56.000000	0.395649
56.500000	0.453207
57.000000	0.137778
57.500000	0.137778
58.000000	0.137778
58.500000	1.000000
59.000000	0.618280
59.500000	0.601223
60.000000	0.841260
60.500000	0.706815
61.000000	0.328071
61.500000	0.199738
62.000000	0.241156
62.500000	0.626210
63.000000	0.626210
63.500000	0.081251
64.000000	0.054872
64.500000	0.000000
65.000000	0.000000
65.500000	0.081036
66.000000	0.081036
66.500000	0.201168
67.000000	0.110287
67.500000	0.000000
68.000000	0.000000
68.500000	0.000000
69.000000	0.000000
69.500000	0.112222
70.000000	0.083514
70.500000	0.000000
71.000000	0.082110
71.500000	0.207483
72.000000	0.466842
72.500000	0.440767
73.000000	0.284281
73.500000	0.512104
74.000000	0.371595
74.500000	0.315924
75.000000	0.081898
75.500000	0.000000
76.000000	0.000000
76.500000	0.000000
77.000000	0.000000
77.500000	0.000000
78.000000	0.000000
78.500000	0.000000
79.000000	0.000000
79.500000	0.000000
80.000000	0.000000
80.500000	0.000000
81.000000	0.000000
81.500000	0.000000
82.000000	0.000000
82.500000	0.170605
83.000000	0.000000
83.500000	0.000000
84.000000	0.165950
84.500000	0.000000
85.000000	0.000000
85.500000	0.000000
86.000000	0.000000
86.500000	0.165766
87.000000	0.149306
87.500000	0.116920
88.000000	0.000000
88.500000	0.000000
89.000000	0.000000
89.500000	0.000000
90.000000	0.226509
90.500000	0.054279
91.000000	0.054279
91.500000	0.000000
92.000000	0.000000
92.500000	0.000000
93.000000	0.000000
93.500000	0.000000
94.000000	0.000000
94.500000	0.000000
95.000000	0.000000
95.500000	0.000000
96.000000	0.000000
96.500000	0.138942
97.000000	0.138942
97.500000	0.140932
98.000000	0.283692
98.500000	0.470352
99.000000	0.311879
99.500000	0.136718
100.000000	0.305853
100.500000	0.642460
101.000000	0.449556
101.500000	0.214157
102.000000	0.375136
102.500000	1.000000
103.000000	0.142248
103.500000	0.614501
104.000000	0.650425
104.500000	0.650425
105.000000	0.896894
105.500000	0.000000
106.000000	0.226493
106.500000	0.762291
107.000000	0.417047
107.500000	0.493011
108.000000	0.463477
108.500000	0.491104
109.000000	0.250010
109.500000	0.250010
110.000000	0.344903
110.500000	0.319765
111.000000	0.144201
111.500000	0.000000
112.000000	0.203937
112.500000	0.237194
113.000000	0.344519
113.500000	0.253936
114.000000	0.417684
114.500000	0.395417
115.000000	0.176009
115.500000	0.286955
116.000000	0.325242
116.500000	0.725839
117.000000	0.265862
117.500000	0.531164
118.000000	0.081560
118.500000	0.054793
119.000000	0.441656
119.500000	0.878690
120.000000	0.554191
120.500000	0.701482
121.000000	0.568745
121.500000	0.439661
122.000000	0.683084
122.500000	0.304005
123.000000	0.617495
123.500000	0.609988
124.000000	1.000000
124.500000	0.873252
125.000000	0.800607
125.500000	0.660997
126.000000	0.660997
126.500000	0.676465
127.000000	1.000000
127.500000	1.000000
128.000000	1.000000
128.500000	1.000000
129.000000	1.000000
129.500000	0.961339
130.000000	1.000000
130.500000	1.000000
131.000000	1.000000
131.500000	1.000000
132.000000	0.319513
132.500000	0.335580
133.000000	0.319568
133.500000	0.223437
134.000000	0.532988
134.500000	0.956401
135.000000	0.647650
135.500000	0.734589
136.000000	1.000000
136.500000	1.000000
137.000000	1.000000
137.500000	0.793005
138.000000	0.618372
138.500000	0.644220
139.000000	0.479840
139.500000	0.252362
140.000000	0.717509
140.500000	0.931254
141.000000	0.585569
141.500000	0.000000
142.000000	0.197720
142.500000	0.136990
143.000000	0.801480
143.500000	0.902009
144.000000	1.000000
144.500000	1.000000
145.000000	0.828269
145.500000	0.818972
146.000000	0.765939
146.500000	0.956421
147.000000	1.000000
147.500000	0.825225
148.000000	0.656206
148.500000	0.611301
149.000000	0.462394
149.500000	0.054168
150.000000	0.222208
150.500000	0.000000
151.000000	0.000000
151.500000	0.000000
152.000000	0.000000
152.500000	0.000000
153.000000	0.000000
153.500000	0.000000
154.000000	0.000000
154.500000	0.199457
155.000000	0.199457
155.500000	0.199457
156.000000	0.109668
156.500000	0.000000
157.000000	0.000000
157.500000	0.000000
158.000000	0.000000
158.500000	0.084294
159.000000	0.082944
159.500000	0.000000
160.000000	0.111610
160.500000	0.111610
161.000000	0.000000
161.500000	0.000000
162.000000	0.147787
162.500000	0.137015
163.000000	0.054393
163.500000	0.000000
164.000000	0.000000
164.500000	0.000000
165.000000	0.000000
165.500000	0.000000
166.000000	0.000000
166.500000	0.055801
167.000000	0.000000
167.500000	0.000000
168.000000	0.000000
168.500000	0.253747
169.000000	0.172208
169.500000	0.172208
170.000000	0.000000
170.500000	0.000000
171.000000	0.000000
171.500000	0.054029
172.000000	0.000000
172.500000	0.000000
173.000000	0.000000
173.500000	0.000000
174.000000	0.000000
174.500000	0.194819
175.000000	0.000000
175.500000	0.268938
176.000000	0.294089
176.500000	0.263829
