0.064000	0.000000
0.128000	0.000000
0.192000	0.000000
0.256000	0.000000
0.320000	0.000000
0.384000	0.000000
0.448000	0.000000
0.512000	0.000000
0.576000	0.000000
0.640000	0.000000
0.704000	0.000000
0.768000	0.000000
0.832000	0.000000
0.896000	0.000000
0.960000	0.000000
1.024000	0.000000
1.088000	0.000000
1.152000	0.000000
1.216000	0.000000
1.280000	0.000000
1.344000	0.000000
1.408000	0.000000
1.472000	0.000000
1.536000	0.000000
1.600000	0.000000
1.664000	0.000000
1.728000	0.000000
1.792000	0.000000
1.856000	0.000000
1.920000	0.000000
1.984000	0.000000
2.048000	0.000000
2.112000	0.000000
2.176000	0.000000
2.240000	0.000000
2.304000	0.000000
2.368000	0.000000
2.432000	0.000000
2.496000	0.000000
2.560000	0.000000
2.624000	0.000000
2.688000	0.000000
2.752000	0.000000
2.816000	0.000000
2.880000	0.000000
2.944000	0.000000
3.008000	0.000000
3.072000	0.000000
3.136000	0.000000
3.200000	0.000000
3.264000	0.000299
3.328000	0.000363
3.392000	0.001233
3.456000	0.133579
3.520000	0.243921
3.584000	0.243921
3.648000	0.243921
3.712000	0.243921
3.776000	0.238492
3.840000	0.238492
3.904000	0.238492
3.968000	0.238492
4.032000	0.238492
4.096000	0.238492
4.160000	0.238492
4.224000	0.238492
4.288000	0.238492
4.352000	0.238492
4.416000	0.238492
4.480000	0.238492
4.544000	0.238492
4.608000	0.238492
4.672000	0.238492
4.736000	0.238492
4.800000	0.238492
4.864000	0.238492
4.928000	0.238492
4.992000	0.238492
5.056000	0.238492
5.120000	0.238492
5.184000	0.238492
5.248000	0.238492
5.312000	0.238492
5.376000	0.238492
5.440000	0.238492
5.504000	0.238492
5.568000	0.175498
5.632000	0.175498
5.696000	0.175498
5.760000	0.175498
5.824000	0.175498
5.888000	0.175498
5.952000	0.175498
6.016000	0.147407
6.080000	0.147407
6.144000	0.113565
6.208000	0.113565
6.272000	0.113565
6.336000	0.113565
6.400000	0.113565
6.464000	0.113565
6.528000	0.113565
6.592000	0.113565
6.656000	0.113565
6.720000	0.113565
6.784000	0.113565
6.848000	0.113565
6.912000	0.113565
6.976000	0.113565
7.040000	0.113565
7.104000	0.113565
7.168000	0.113565
7.232000	0.113565
7.296000	0.113565
7.360000	0.113565
7.424000	0.113565
7.488000	0.113565
7.552000	0.113565
7.616000	0.113565
7.680000	0.113565
7.744000	0.113565
7.808000	0.113565
7.872000	0.113565
7.936000	0.113565
8.000000	0.113565
8.064000	0.113565
8.128000	0.113565
8.192000	0.113565
8.256000	0.113565
8.320000	0.113565
8.384000	0.113565
8.448000	0.113565
8.512000	0.113565
8.576000	0.113565
8.640000	0.113565
8.704000	0.113565
8.768000	0.113565
8.832000	0.113565
8.896000	0.113565
8.960000	0.113565
9.024000	0.113565
9.088000	0.113565
9.152000	0.113565
9.216000	0.113565
9.280000	0.113565
9.344000	0.113565
9.408000	0.113565
9.472000	0.113565
9.536000	0.113565
9.600000	0.113565
9.664000	0.113565
9.728000	0.113565
9.792000	0.113565
9.856000	0.113565
9.920000	0.113565
9.984000	0.113565
10.048000	0.113565
10.112000	0.113565
10.176000	0.113565
10.240000	0.113565
10.304000	0.113565
10.368000	0.113565
10.432000	0.113565
10.496000	0.113565
10.560000	0.113565
10.624000	0.113565
10.688000	0.113565
10.752000	0.113565
10.816000	0.113565
10.880000	0.113565
10.944000	0.113565
11.008000	0.113565
11.072000	0.113565
11.136000	0.113565
11.200000	0.113565
11.264000	0.113565
11.328000	0.113565
11.392000	0.113565
11.456000	0.113565
11.520000	0.113565
11.584000	0.113565
11.648000	0.113565
11.712000	0.113565
11.776000	0.113565
11.840000	0.113565
11.904000	0.113565
11.968000	0.113565
12.032000	0.113565
12.096000	0.113565
12.160000	0.113565
12.224000	0.113565
12.288000	0.113565
12.352000	0.113565
12.416000	0.113565
12.480000	0.113565
12.544000	0.219612
12.608000	0.256174
12.672000	0.256174
12.736000	0.256174
12.800000	0.309704
12.864000	0.309704
12.928000	0.309704
12.992000	0.309704
13.056000	0.309704
13.120000	0.309704
13.184000	0.309704
13.248000	0.309704
13.312000	0.309704
13.376000	0.309704
13.440000	0.282276
13.504000	0.282276
13.568000	0.282276
13.632000	0.282276
13.696000	0.282276
13.760000	0.282276
13.824000	0.282276
13.888000	0.282276
13.952000	0.282276
14.016000	0.282276
14.080000	0.282276
14.144000	0.282276
14.208000	0.282276
14.272000	0.282276
14.336000	0.282276
14.400000	0.282276
14.464000	0.282276
14.528000	0.282276
14.592000	0.282276
14.656000	0.282276
14.720000	0.282276
14.784000	0.282276
14.848000	0.282276
14.912000	0.270157
14.976000	0.270157
15.040000	0.270157
15.104000	0.270157
15.168000	0.270157
15.232000	0.267169
15.296000	0.267169
15.360000	0.267169
15.424000	0.267169
15.488000	0.267169
15.552000	0.267169
15.616000	0.265597
15.680000	0.202265
15.744000	0.202265
15.808000	0.202265
15.872000	0.202265
15.936000	0.202265
16.000000	0.202265
16.064000	0.198217
16.128000	0.198217
16.192000	0.198217
16.256000	0.198217
16.320000	0.198217
16.384000	0.198217
16.448000	0.198217
16.512000	0.198217
16.576000	0.198217
16.640000	0.198217
16.704000	0.198217
16.768000	0.198217
16.832000	0.198217
16.896000	0.198217
16.960000	0.198217
17.024000	0.198217
17.088000	0.198217
17.152000	0.198217
17.216000	0.187315
17.280000	0.187315
17.344000	0.187315
17.408000	0.187315
17.472000	0.187315
17.536000	0.187315
17.600000	0.187315
17.664000	0.187315
17.728000	0.187315
17.792000	0.187315
17.856000	0.187315
17.920000	0.187315
17.984000	0.187315
18.048000	0.187315
18.112000	0.187315
18.176000	0.187315
18.240000	0.187315
18.304000	0.187315
18.368000	0.187315
18.432000	0.187315
18.496000	0.187315
18.560000	0.187315
18.624000	0.187315
18.688000	0.187315
18.752000	0.187315
18.816000	0.187315
18.880000	0.187315
18.944000	0.187315
19.008000	0.187315
19.072000	0.187315
19.136000	0.187315
19.200000	0.187315
19.264000	0.187315
19.328000	0.187315
19.392000	0.187315
19.456000	0.187315
19.520000	0.187315
19.584000	0.187315
19.648000	0.187315
19.712000	0.187315
19.776000	0.155784
19.840000	0.155784
19.904000	0.155784
19.968000	0.155784
20.032000	0.155784
20.096000	0.155784
20.160000	0.155784
20.224000	0.155784
20.288000	0.155784
20.352000	0.155784
20.416000	0.155784
20.480000	0.155784
20.544000	0.155784
20.608000	0.155784
20.672000	0.155784
20.736000	0.155784
20.800000	0.155784
20.864000	0.155784
20.928000	0.155784
20.992000	0.155784
21.056000	0.155784
21.120000	0.155784
21.184000	0.155784
21.248000	0.155784
21.312000	0.155784
21.376000	0.127700
21.440000	0.089968
21.504000	0.089968
21.568000	0.089968
21.632000	0.089968
21.696000	0.089968
21.760000	0.089968
21.824000	0.089968
21.888000	0.089968
21.952000	0.089968
22.016000	0.089968
22.080000	0.089968
22.144000	0.089968
22.208000	0.089968
22.272000	0.089968
22.336000	0.089968
22.400000	0.089968
22.464000	0.089968
22.528000	0.089968
22.592000	0.089968
22.656000	0.089968
22.720000	0.089968
22.784000	0.089968
22.848000	0.089968
22.912000	0.089968
22.976000	0.089968
23.040000	0.089968
23.104000	0.089968
23.168000	0.089968
23.232000	0.089968
23.296000	0.089968
23.360000	0.089968
23.424000	0.089968
23.488000	0.089968
23.552000	0.089968
23.616000	0.089968
23.680000	0.089968
23.744000	0.089968
23.808000	0.089968
23.872000	0.089968
23.936000	0.089968
24.000000	0.089968
24.064000	0.089968
24.128000	0.089968
24.192000	0.089968
24.256000	0.089968
24.320000	0.089968
24.384000	0.089968
24.448000	0.089968
24.512000	0.089968
24.576000	0.089968
24.640000	0.089968
24.704000	0.089968
24.768000	0.089968
24.832000	0.089968
24.896000	0.089968
24.960000	0.089968
25.024000	0.089968
25.088000	0.089968
25.152000	0.089968
25.216000	0.089968
25.280000	0.089968
25.344000	0.089968
25.408000	0.089968
25.472000	0.089968
25.536000	0.089968
25.600000	0.089968
25.664000	0.089968
25.728000	0.089968
25.792000	0.089968
25.856000	0.089968
25.920000	0.089968
25.984000	0.089968
26.048000	0.089968
26.112000	0.089968
26.176000	0.089968
26.240000	0.089968
26.304000	0.089968
26.368000	0.089968
26.432000	0.089968
26.496000	0.089968
26.560000	0.089968
26.624000	0.089968
26.688000	0.089968
26.752000	0.089968
26.816000	0.089968
26.880000	0.089968
26.944000	0.089968
27.008000	0.089968
27.072000	0.089968
27.136000	0.089968
27.200000	0.089968
27.264000	0.089968
27.328000	0.089968
27.392000	0.089968
27.456000	0.089968
27.520000	0.089968
27.584000	0.089968
27.648000	0.089968
27.712000	0.089968
27.776000	0.089968
27.840000	0.119300
27.904000	0.132944
27.968000	0.132944
28.032000	0.132944
28.096000	0.132944
28.160000	0.132944
28.224000	0.132944
28.288000	0.132944
28.352000	0.172630
28.416000	0.172630
28.480000	0.172630
28.544000	0.172630
28.608000	0.172630
28.672000	0.172630
28.736000	0.172630
28.800000	0.172630
28.864000	0.172630
28.928000	0.172630
28.992000	0.172630
29.056000	0.172630
29.120000	0.172630
29.184000	0.172630
29.248000	0.172630
29.312000	0.172630
29.376000	0.172630
29.440000	0.172630
29.504000	0.201666
29.568000	0.271886
29.632000	0.271886
29.696000	0.271886
29.760000	0.271886
29.824000	0.271886
29.888000	0.271886
29.952000	0.271886
30.016000	0.271886
30.080000	0.271886
30.144000	0.271886
30.208000	0.271886
30.272000	0.271886
30.336000	0.271886
30.400000	0.271886
30.464000	0.271886
30.528000	0.271886
30.592000	0.378967
30.656000	0.378967
30.720000	0.378967
30.784000	0.378967
30.848000	0.378967
30.912000	0.378967
30.976000	0.378967
31.040000	0.378967
31.104000	0.378967
31.168000	0.378967
31.232000	0.378967
31.296000	0.378967
31.360000	0.378967
31.424000	0.378967
31.488000	0.378967
31.552000	0.378967
31.616000	0.378967
31.680000	0.378967
31.744000	0.378967
31.808000	0.261958
31.872000	0.203650
31.936000	0.203650
32.000000	0.203650
32.064000	0.203650
32.128000	0.203650
32.192000	0.203650
32.256000	0.203650
32.320000	0.203650
32.384000	0.203650
32.448000	0.203650
32.512000	0.203650
32.576000	0.203650
32.640000	0.203650
32.704000	0.203650
32.768000	0.133796
32.832000	0.133796
32.896000	0.133796
32.960000	0.133796
33.024000	0.133796
33.088000	0.133796
33.152000	0.133796
33.216000	0.133796
33.280000	0.133796
33.344000	0.133796
33.408000	0.133796
33.472000	0.133796
33.536000	0.133796
33.600000	0.133796
33.664000	0.133796
33.728000	0.133796
33.792000	0.133796
33.856000	0.133796
33.920000	0.133796
33.984000	0.133796
34.048000	0.133796
34.112000	0.133796
34.176000	0.133796
34.240000	0.133796
34.304000	0.133796
34.368000	0.133796
34.432000	0.133796
34.496000	0.133796
34.560000	0.133796
34.624000	0.133796
34.688000	0.133796
34.752000	0.133796
34.816000	0.133796
34.880000	0.133796
34.944000	0.133796
35.008000	0.133796
35.072000	0.133796
35.136000	0.133796
35.200000	0.133796
35.264000	0.133796
35.328000	0.133796
35.392000	0.133796
35.456000	0.133796
35.520000	0.133796
35.584000	0.133796
35.648000	0.133796
35.712000	0.133796
35.776000	0.133796
35.840000	0.133796
35.904000	0.133796
35.968000	0.133796
36.032000	0.133796
36.096000	0.133796
36.160000	0.133796
36.224000	0.133796
36.288000	0.133796
36.352000	0.133796
36.416000	0.133796
36.480000	0.133796
36.544000	0.133796
36.608000	0.133796
36.672000	0.133796
36.736000	0.133796
36.800000	0.133796
36.864000	0.133796
36.928000	0.133796
36.992000	0.120062
37.056000	0.105144
37.120000	0.105144
37.184000	0.105144
37.248000	0.105144
37.312000	0.105144
37.376000	0.105144
37.440000	0.105144
37.504000	0.105144
37.568000	0.105144
37.632000	0.105144
37.696000	0.105144
37.760000	0.105144
37.824000	0.105144
37.888000	0.105144
37.952000	0.105144
38.016000	0.105144
38.080000	0.105144
38.144000	0.105144
38.208000	0.105144
38.272000	0.105144
38.336000	0.105144
38.400000	0.105144
38.464000	0.105144
38.528000	0.105144
38.592000	0.105144
38.656000	0.105144
38.720000	0.105144
38.784000	0.105144
38.848000	0.105144
38.912000	0.105144
38.976000	0.105144
39.040000	0.105144
39.104000	0.105144
39.168000	0.105144
39.232000	0.105144
39.296000	0.105144
39.360000	0.105144
39.424000	0.105144
39.488000	0.105144
39.552000	0.105144
39.616000	0.105144
39.680000	0.105144
39.744000	0.105144
39.808000	0.105144
39.872000	0.105144
39.936000	0.105144
40.000000	0.105144
40.064000	0.105144
40.128000	0.105144
40.192000	0.105144
40.256000	0.105144
40.320000	0.105144
40.384000	0.105144
40.448000	0.105144
40.512000	0.105144
40.576000	0.105144
40.640000	0.105144
40.704000	0.105144
40.768000	0.105144
40.832000	0.105144
40.896000	0.105144
40.960000	0.105144
41.024000	0.105144
41.088000	0.105144
41.152000	0.105144
41.216000	0.105144
41.280000	0.105144
41.344000	0.105144
41.408000	0.105144
41.472000	0.105144
41.536000	0.105144
41.600000	0.105144
41.664000	0.105144
41.728000	0.105144
41.792000	0.105144
41.856000	0.105144
41.920000	0.105144
41.984000	0.105144
42.048000	0.105144
42.112000	0.105144
42.176000	0.105144
42.240000	0.105144
42.304000	0.105144
42.368000	0.105144
42.432000	0.105144
42.496000	0.105144
42.560000	0.105144
42.624000	0.105144
42.688000	0.105144
42.752000	0.105144
42.816000	0.105144
42.880000	0.105144
42.944000	0.105144
43.008000	0.105144
43.072000	0.105144
43.136000	0.105144
43.200000	0.105144
43.264000	0.105144
43.328000	0.105144
43.392000	0.105144
43.456000	0.125353
43.520000	0.125353
43.584000	0.125353
43.648000	0.125353
43.712000	0.125353
43.776000	0.125353
43.840000	0.125353
43.904000	0.125353
43.968000	0.125353
44.032000	0.125353
44.096000	0.125353
44.160000	0.125353
44.224000	0.150055
44.288000	0.150055
44.352000	0.139255
44.416000	0.139255
44.480000	0.139255
44.544000	0.139255
44.608000	0.139255
44.672000	0.139255
44.736000	0.139255
44.800000	0.139255
44.864000	0.139255
44.928000	0.139255
44.992000	0.139255
45.056000	0.139255
45.120000	0.139255
45.184000	0.139255
45.248000	0.117311
45.312000	0.117311
45.376000	0.117311
45.440000	0.117311
45.504000	0.117311
45.568000	0.117311
45.632000	0.117311
45.696000	0.117311
45.760000	0.117311
45.824000	0.117311
45.888000	0.117311
45.952000	0.117311
46.016000	0.117311
46.080000	0.117311
46.144000	0.117311
46.208000	0.117311
46.272000	0.117311
46.336000	0.117311
46.400000	0.117311
46.464000	0.117311
46.528000	0.117311
46.592000	0.117311
46.656000	0.117311
46.720000	0.117311
46.784000	0.117311
46.848000	0.117311
46.912000	0.117311
46.976000	0.117311
47.040000	0.117311
47.104000	0.117311
47.168000	0.117311
47.232000	0.117311
47.296000	0.117311
47.360000	0.117311
47.424000	0.117311
47.488000	0.117311
47.552000	0.117311
47.616000	0.117311
47.680000	0.117311
47.744000	0.117311
47.808000	0.117311
47.872000	0.117311
47.936000	0.117311
48.000000	0.117311
48.064000	0.117311
48.128000	0.117311
48.192000	0.117311
48.256000	0.117311
48.320000	0.117311
48.384000	0.117311
48.448000	0.117311
48.512000	0.117311
48.576000	0.117311
48.640000	0.117311
48.704000	0.117311
48.768000	0.117311
48.832000	0.117311
48.896000	0.117311
48.960000	0.117311
49.024000	0.117311
49.088000	0.117311
49.152000	0.117311
49.216000	0.117311
49.280000	0.117311
49.344000	0.117311
49.408000	0.117311
49.472000	0.117311
49.536000	0.117311
49.600000	0.117311
49.664000	0.117311
49.728000	0.117311
49.792000	0.117311
49.856000	0.117311
49.920000	0.117311
49.984000	0.117311
50.048000	0.117311
50.112000	0.117311
50.176000	0.117311
50.240000	0.117311
50.304000	0.117311
50.368000	0.117311
50.432000	0.117311
50.496000	0.117311
50.560000	0.117311
50.624000	0.117311
50.688000	0.117311
50.752000	0.117311
50.816000	0.117311
50.880000	0.117311
50.944000	0.117311
51.008000	0.117311
51.072000	0.117311
51.136000	0.117311
51.200000	0.117311
51.264000	0.117311
51.328000	0.117311
51.392000	0.117311
51.456000	0.117311
51.520000	0.117311
51.584000	0.117311
51.648000	0.263858
51.712000	0.263858
51.776000	0.263858
51.840000	0.263858
51.904000	0.263858
51.968000	0.263858
52.032000	0.263858
52.096000	0.263858
52.160000	0.263858
52.224000	0.263858
52.288000	0.263858
52.352000	0.263858
52.416000	0.327241
52.480000	0.327241
52.544000	0.319859
52.608000	0.319859
52.672000	0.319859
52.736000	0.319859
52.800000	0.319859
52.864000	0.319859
52.928000	0.319859
52.992000	0.319859
53.056000	0.319859
53.120000	0.319859
53.184000	0.319859
53.248000	0.319859
53.312000	0.319859
53.376000	0.319859
53.440000	0.319859
53.504000	0.319859
53.568000	0.319859
53.632000	0.319859
53.696000	0.319859
53.760000	0.319859
53.824000	0.319859
53.888000	0.319859
53.952000	0.319859
54.016000	0.319859
54.080000	0.319859
54.144000	0.319859
54.208000	0.319859
54.272000	0.319859
54.336000	0.319859
54.400000	0.319859
54.464000	0.319859
54.528000	0.319859
54.592000	0.319859
54.656000	0.319859
54.720000	0.319859
54.784000	0.319859
54.848000	0.319859
54.912000	0.319859
54.976000	0.319859
55.040000	0.319859
55.104000	0.319859
55.168000	0.319859
55.232000	0.319859
55.296000	0.319859
55.360000	0.319859
55.424000	0.319859
55.488000	0.319859
55.552000	0.319859
55.616000	0.319859
55.680000	0.319859
55.744000	0.319859
55.808000	0.319859
55.872000	0.319859
55.936000	0.319859
56.000000	0.319859
56.064000	0.319859
56.128000	0.319859
56.192000	0.319859
56.256000	0.319859
56.320000	0.319859
56.384000	0.319859
56.448000	0.319859
56.512000	0.319859
56.576000	0.319859
56.640000	0.227090
56.704000	0.227090
56.768000	0.227090
56.832000	0.227090
56.896000	0.227090
56.960000	0.227090
57.024000	0.227090
57.088000	0.227090
57.152000	0.227090
57.216000	0.227090
57.280000	0.227090
57.344000	0.227090
57.408000	0.227090
57.472000	0.227090
57.536000	0.227090
57.600000	0.227090
57.664000	0.146410
57.728000	0.146410
57.792000	0.146410
57.856000	0.146410
57.920000	0.146410
57.984000	0.146410
58.048000	0.146410
58.112000	0.146410
58.176000	0.146410
58.240000	0.146410
58.304000	0.146410
58.368000	0.146410
58.432000	0.146410
58.496000	0.146410
58.560000	0.146410
58.624000	0.146410
58.688000	0.146410
58.752000	0.146410
58.816000	0.146410
58.880000	0.146410
58.944000	0.146410
59.008000	0.146410
59.072000	0.146410
59.136000	0.146410
59.200000	0.146410
59.264000	0.146410
59.328000	0.146410
59.392000	0.146410
59.456000	0.146410
59.520000	0.146410
59.584000	0.146410
59.648000	0.146410
59.712000	0.146410
59.776000	0.146410
59.840000	0.146410
59.904000	0.146410
59.968000	0.146410
60.032000	0.146410
60.096000	0.146410
60.160000	0.146410
60.224000	0.146410
60.288000	0.146410
60.352000	0.146410
60.416000	0.146410
60.480000	0.146410
60.544000	0.146410
60.608000	0.146410
60.672000	0.146410
60.736000	0.146410
60.800000	0.146410
60.864000	0.146410
60.928000	0.146410
60.992000	0.146410
61.056000	0.146410
61.120000	0.146410
61.184000	0.146410
61.248000	0.146410
61.312000	0.146410
61.376000	0.146410
61.440000	0.146410
61.504000	0.146410
61.568000	0.146410
61.632000	0.146410
61.696000	0.146410
61.760000	0.146410
61.824000	0.146410
61.888000	0.146410
61.952000	0.146410
62.016000	0.146410
62.080000	0.146410
62.144000	0.146410
62.208000	0.146410
62.272000	0.146410
62.336000	0.146410
62.400000	0.146410
62.464000	0.146410
62.528000	0.146410
62.592000	0.146410
62.656000	0.146410
62.720000	0.146410
62.784000	0.146410
62.848000	0.146410
62.912000	0.146410
62.976000	0.146410
63.040000	0.146410
63.104000	0.146410
63.168000	0.146410
63.232000	0.146410
63.296000	0.146410
63.360000	0.146410
63.424000	0.146410
63.488000	0.146410
63.552000	0.146410
63.616000	0.146410
63.680000	0.146410
63.744000	0.146410
63.808000	0.146410
63.872000	0.146410
63.936000	0.146410
64.000000	0.146410
64.064000	0.253959
64.128000	0.253959
64.192000	0.253959
64.256000	0.253959
64.320000	0.253959
64.384000	0.253959
64.448000	0.253959
64.512000	0.253959
64.576000	0.253959
64.640000	0.253959
64.704000	0.253959
64.768000	0.253959
64.832000	0.253959
64.896000	0.253959
64.960000	0.253959
65.024000	0.253959
65.088000	0.253959
65.152000	0.253959
65.216000	0.253959
65.280000	0.253959
65.344000	0.253959
65.408000	0.253959
65.472000	0.253959
65.536000	0.253959
65.600000	0.253959
65.664000	0.253959
65.728000	0.253959
65.792000	0.253959
65.856000	0.253959
65.920000	0.184774
65.984000	0.184774
66.048000	0.184774
66.112000	0.184774
66.176000	0.184774
66.240000	0.184774
66.304000	0.184774
66.368000	0.184774
66.432000	0.184774
66.496000	0.184774
66.560000	0.184774
66.624000	0.184774
66.688000	0.184774
66.752000	0.184774
66.816000	0.184774
66.880000	0.184774
66.944000	0.184774
67.008000	0.184774
67.072000	0.184774
67.136000	0.184774
67.200000	0.184774
67.264000	0.184774
67.328000	0.184774
67.392000	0.184774
67.456000	0.184774
67.520000	0.184774
67.584000	0.184774
67.648000	0.184774
67.712000	0.184774
67.776000	0.184774
67.840000	0.184774
67.904000	0.184774
67.968000	0.184774
68.032000	0.184774
68.096000	0.184774
68.160000	0.184774
68.224000	0.184774
68.288000	0.184774
68.352000	0.184774
68.416000	0.184774
68.480000	0.184774
68.544000	0.184774
68.608000	0.184774
68.672000	0.184774
68.736000	0.184774
68.800000	0.184774
68.864000	0.184774
68.928000	0.184774
68.992000	0.184774
69.056000	0.184774
69.120000	0.184774
69.184000	0.184774
69.248000	0.184774
69.312000	0.184774
69.376000	0.184774
69.440000	0.184774
69.504000	0.184774
69.568000	0.184774
69.632000	0.184774
69.696000	0.184774
69.760000	0.184774
69.824000	0.184774
69.888000	0.184774
69.952000	0.184774
70.016000	0.184774
70.080000	0.184774
70.144000	0.184774
70.208000	0.184774
70.272000	0.184774
70.336000	0.184774
70.400000	0.184774
70.464000	0.184774
70.528000	0.184774
70.592000	0.184774
70.656000	0.184774
70.720000	0.184774
70.784000	0.184774
70.848000	0.184774
70.912000	0.184774
70.976000	0.184774
71.040000	0.184774
71.104000	0.184774
71.168000	0.184774
71.232000	0.184774
71.296000	0.184774
71.360000	0.184774
71.424000	0.184774
71.488000	0.184774
71.552000	0.184774
71.616000	0.184774
71.680000	0.184774
71.744000	0.184774
71.808000	0.184774
71.872000	0.184774
71.936000	0.184774
72.000000	0.184774
72.064000	0.184774
72.128000	0.184774
72.192000	0.184774
72.256000	0.184774
72.320000	0.186266
72.384000	0.186266
72.448000	0.186266
72.512000	0.186266
72.576000	0.186266
72.640000	0.186266
72.704000	0.186266
72.768000	0.186266
72.832000	0.186266
72.896000	0.186266
72.960000	0.169280
73.024000	0.169280
73.088000	0.169280
73.152000	0.169280
73.216000	0.169280
73.280000	0.169280
73.344000	0.169280
73.408000	0.169280
73.472000	0.169280
73.536000	0.169280
73.600000	0.169280
73.664000	0.169280
73.728000	0.169280
73.792000	0.169280
73.856000	0.169280
73.920000	0.169280
73.984000	0.169280
74.048000	0.169280
74.112000	0.169280
74.176000	0.169280
74.240000	0.169280
74.304000	0.169280
74.368000	0.169280
74.432000	0.169280
74.496000	0.169280
74.560000	0.169280
74.624000	0.169280
74.688000	0.169280
74.752000	0.169280
74.816000	0.169280
74.880000	0.169280
74.944000	0.169280
75.008000	0.169280
75.072000	0.169280
75.136000	0.169280
75.200000	0.169280
75.264000	0.169280
75.328000	0.169280
75.392000	0.169280
75.456000	0.169280
75.520000	0.169280
75.584000	0.169280
75.648000	0.169280
75.712000	0.169280
75.776000	0.169280
75.840000	0.169280
75.904000	0.169280
75.968000	0.169280
76.032000	0.169280
76.096000	0.169280
76.160000	0.169280
76.224000	0.169280
76.288000	0.169280
76.352000	0.169280
76.416000	0.169280
76.480000	0.169280
76.544000	0.169280
76.608000	0.169280
76.672000	0.169280
76.736000	0.169280
76.800000	0.169280
76.864000	0.169280
76.928000	0.169280
76.992000	0.169280
77.056000	0.169280
77.120000	0.169280
77.184000	0.169280
77.248000	0.169280
77.312000	0.169280
77.376000	0.169280
77.440000	0.169280
77.504000	0.169280
77.568000	0.169280
77.632000	0.169280
77.696000	0.169280
77.760000	0.169280
77.824000	0.169280
77.888000	0.169280
77.952000	0.169280
78.016000	0.169280
78.080000	0.169280
78.144000	0.169280
78.208000	0.169280
78.272000	0.169280
78.336000	0.169280
78.400000	0.169280
78.464000	0.169280
78.528000	0.169280
78.592000	0.169280
78.656000	0.169280
78.720000	0.131941
78.784000	0.131941
78.848000	0.131941
78.912000	0.131941
78.976000	0.131941
79.040000	0.131941
79.104000	0.131941
79.168000	0.131941
79.232000	0.131941
79.296000	0.131941
79.360000	0.131941
79.424000	0.131941
79.488000	0.131941
79.552000	0.131941
79.616000	0.131941
79.680000	0.131941
79.744000	0.131941
79.808000	0.131941
79.872000	0.131941
79.936000	0.131941
80.000000	0.131941
80.064000	0.131941
80.128000	0.131941
80.192000	0.131941
80.256000	0.131941
80.320000	0.131941
80.384000	0.131941
80.448000	0.131941
80.512000	0.131941
80.576000	0.131941
80.640000	0.131941
80.704000	0.131941
80.768000	0.131941
80.832000	0.131941
80.896000	0.131941
80.960000	0.131941
81.024000	0.131941
81.088000	0.131941
81.152000	0.131941
81.216000	0.131941
81.280000	0.131941
81.344000	0.131941
81.408000	0.131941
81.472000	0.131941
81.536000	0.131941
81.600000	0.131941
81.664000	0.131941
81.728000	0.131941
81.792000	0.131941
81.856000	0.131941
81.920000	0.131941
81.984000	0.131941
82.048000	0.131941
82.112000	0.131941
82.176000	0.131941
82.240000	0.092933
82.304000	0.092933
82.368000	0.092933
82.432000	0.092933
82.496000	0.092933
82.560000	0.092933
82.624000	0.092933
82.688000	0.092933
82.752000	0.092933
82.816000	0.092933
82.880000	0.092933
82.944000	0.092933
83.008000	0.092933
83.072000	0.092933
83.136000	0.092933
83.200000	0.092933
83.264000	0.092933
83.328000	0.092933
83.392000	0.092933
83.456000	0.092933
83.520000	0.092933
83.584000	0.092933
83.648000	0.092933
83.712000	0.092933
83.776000	0.092933
83.840000	0.092933
83.904000	0.092933
83.968000	0.092933
84.032000	0.092933
84.096000	0.092933
84.160000	0.092933
84.224000	0.092933
84.288000	0.092933
84.352000	0.092933
84.416000	0.092933
84.480000	0.092933
84.544000	0.092933
84.608000	0.092933
84.672000	0.092933
84.736000	0.092933
84.800000	0.092933
84.864000	0.092933
84.928000	0.092933
84.992000	0.092933
85.056000	0.092933
85.120000	0.092933
85.184000	0.092933
85.248000	0.092933
85.312000	0.092933
85.376000	0.092933
85.440000	0.092933
85.504000	0.092933
85.568000	0.092933
85.632000	0.092933
85.696000	0.092933
85.760000	0.092933
85.824000	0.092933
85.888000	0.092933
85.952000	0.092933
86.016000	0.092933
86.080000	0.092933
86.144000	0.092933
86.208000	0.092933
86.272000	0.092933
86.336000	0.092933
86.400000	0.092933
86.464000	0.092933
86.528000	0.092933
86.592000	0.092933
86.656000	0.092933
86.720000	0.092933
86.784000	0.092933
86.848000	0.092933
86.912000	0.092933
86.976000	0.092933
87.040000	0.092933
87.104000	0.092933
87.168000	0.092933
87.232000	0.092933
87.296000	0.092933
87.360000	0.092933
87.424000	0.092933
87.488000	0.092933
87.552000	0.092933
87.616000	0.092933
87.680000	0.092933
87.744000	0.092933
87.808000	0.092933
87.872000	0.092933
87.936000	0.092933
88.000000	0.092933
88.064000	0.092933
88.128000	0.092933
88.192000	0.092933
88.256000	0.092933
88.320000	0.092933
88.384000	0.092933
88.448000	0.092933
88.512000	0.092933
88.576000	0.092933
88.640000	0.114383
88.704000	0.114383
88.768000	0.114383
88.832000	0.114383
88.896000	0.114383
88.960000	0.114383
89.024000	0.114383
89.088000	0.114383
89.152000	0.116728
89.216000	0.116728
89.280000	0.116728
89.344000	0.116728
89.408000	0.116728
89.472000	0.116728
89.536000	0.116728
89.600000	0.116728
89.664000	0.116728
89.728000	0.116728
89.792000	0.116728
89.856000	0.116728
89.920000	0.116728
89.984000	0.116728
90.048000	0.116728
90.112000	0.116728
90.176000	0.116728
90.240000	0.116728
90.304000	0.116728
90.368000	0.116728
90.432000	0.116728
90.496000	0.116728
90.560000	0.116728
90.624000	0.116728
90.688000	0.116728
90.752000	0.116728
90.816000	0.116728
90.880000	0.116728
90.944000	0.116728
91.008000	0.116728
91.072000	0.116728
91.136000	0.116728
91.200000	0.116728
91.264000	0.116728
91.328000	0.116728
91.392000	0.116728
91.456000	0.116728
91.520000	0.116728
91.584000	0.116728
91.648000	0.116728
91.712000	0.116728
91.776000	0.116728
91.840000	0.116728
91.904000	0.116728
91.968000	0.116728
92.032000	0.116728
92.096000	0.116728
92.160000	0.116728
92.224000	0.116728
92.288000	0.116728
92.352000	0.116728
92.416000	0.116728
92.480000	0.116728
92.544000	0.116728
92.608000	0.116728
92.672000	0.140786
92.736000	0.140786
92.800000	0.140786
92.864000	0.140786
92.928000	0.137422
92.992000	0.137422
93.056000	0.137422
93.120000	0.092878
93.184000	0.092878
93.248000	0.092878
93.312000	0.092878
93.376000	0.092878
93.440000	0.092878
93.504000	0.092878
93.568000	0.092878
93.632000	0.092878
93.696000	0.092878
93.760000	0.092878
93.824000	0.092878
93.888000	0.092878
93.952000	0.092878
94.016000	0.092878
94.080000	0.092878
94.144000	0.092878
94.208000	0.092878
94.272000	0.092878
94.336000	0.092878
94.400000	0.092878
94.464000	0.092878
94.528000	0.092878
94.592000	0.092878
94.656000	0.092878
94.720000	0.092878
94.784000	0.092878
94.848000	0.092878
94.912000	0.092878
94.976000	0.092878
95.040000	0.092878
95.104000	0.092878
95.168000	0.092878
95.232000	0.092878
95.296000	0.092878
95.360000	0.092878
95.424000	0.092878
95.488000	0.092878
95.552000	0.092878
95.616000	0.092878
95.680000	0.092878
95.744000	0.092878
95.808000	0.092878
95.872000	0.092878
95.936000	0.092878
96.000000	0.092878
96.064000	0.092878
96.128000	0.092878
96.192000	0.092878
96.256000	0.092878
96.320000	0.092878
96.384000	0.092878
96.448000	0.092878
96.512000	0.092878
96.576000	0.092878
96.640000	0.092878
96.704000	0.092878
96.768000	0.092878
96.832000	0.092878
96.896000	0.092878
96.960000	0.092878
97.024000	0.092878
97.088000	0.092878
97.152000	0.092878
97.216000	0.092878
97.280000	0.092878
97.344000	0.092878
97.408000	0.092878
97.472000	0.092878
97.536000	0.092878
97.600000	0.092878
97.664000	0.092878
97.728000	0.092878
97.792000	0.092878
97.856000	0.092878
97.920000	0.092878
97.984000	0.092878
98.048000	0.092878
98.112000	0.092878
98.176000	0.092878
98.240000	0.092878
98.304000	0.092878
98.368000	0.092878
98.432000	0.092878
98.496000	0.092878
98.560000	0.092878
98.624000	0.092878
98.688000	0.092878
98.752000	0.092878
98.816000	0.092878
98.880000	0.092878
98.944000	0.092878
99.008000	0.092878
99.072000	0.092878
99.136000	0.092878
99.200000	0.092878
99.264000	0.092878
99.328000	0.092878
99.392000	0.092878
99.456000	0.092878
99.520000	0.147377
99.584000	0.147377
99.648000	0.147377
99.712000	0.147377
99.776000	0.147377
99.840000	0.147377
99.904000	0.147377
99.968000	0.147377
100.032000	0.147377
100.096000	0.147377
100.160000	0.147377
100.224000	0.147377
100.288000	0.147377
100.352000	0.147377
100.416000	0.147377
100.480000	0.147377
100.544000	0.147377
100.608000	0.147377
100.672000	0.147377
100.736000	0.147377
100.800000	0.147377
100.864000	0.147377
100.928000	0.147377
100.992000	0.147377
101.056000	0.113854
101.120000	0.107807
101.184000	0.107807
101.248000	0.107807
101.312000	0.107807
101.376000	0.107807
101.440000	0.107807
101.504000	0.107807
101.568000	0.107807
101.632000	0.107807
101.696000	0.107807
101.760000	0.107807
101.824000	0.107807
101.888000	0.107807
101.952000	0.107807
102.016000	0.107807
102.080000	0.107807
102.144000	0.107807
102.208000	0.107807
102.272000	0.107807
102.336000	0.107807
102.400000	0.107807
102.464000	0.107807
102.528000	0.107807
102.592000	0.107807
102.656000	0.071733
102.720000	0.071733
102.784000	0.071733
102.848000	0.071733
102.912000	0.071733
102.976000	0.071733
103.040000	0.071733
103.104000	0.071733
103.168000	0.071733
103.232000	0.071733
103.296000	0.071733
103.360000	0.071733
103.424000	0.071733
103.488000	0.071733
103.552000	0.071733
103.616000	0.071733
103.680000	0.071733
103.744000	0.071733
103.808000	0.071733
103.872000	0.071733
103.936000	0.071733
104.000000	0.071733
104.064000	0.071733
104.128000	0.071733
104.192000	0.071733
104.256000	0.071733
104.320000	0.071733
104.384000	0.071733
104.448000	0.071733
104.512000	0.071733
104.576000	0.071733
104.640000	0.071733
104.704000	0.071733
104.768000	0.071733
104.832000	0.071733
104.896000	0.071733
104.960000	0.071733
105.024000	0.071733
105.088000	0.071733
105.152000	0.071733
105.216000	0.071733
105.280000	0.071733
105.344000	0.071733
105.408000	0.071733
105.472000	0.071733
105.536000	0.071733
105.600000	0.071733
105.664000	0.071733
105.728000	0.071733
105.792000	0.071733
105.856000	0.071733
105.920000	0.071733
105.984000	0.071733
106.048000	0.071733
106.112000	0.071733
106.176000	0.071733
106.240000	0.071733
106.304000	0.071733
106.368000	0.071733
106.432000	0.071733
106.496000	0.071733
106.560000	0.071733
106.624000	0.071733
106.688000	0.071733
106.752000	0.071733
106.816000	0.071733
106.880000	0.071733
106.944000	0.071733
107.008000	0.071733
107.072000	0.071733
107.136000	0.071733
107.200000	0.071733
107.264000	0.071733
107.328000	0.071733
107.392000	0.071733
107.456000	0.071733
107.520000	0.071733
107.584000	0.071733
107.648000	0.071733
107.712000	0.071733
107.776000	0.071733
107.840000	0.071733
107.904000	0.071733
107.968000	0.071733
108.032000	0.071733
108.096000	0.071733
108.160000	0.071733
108.224000	0.071733
108.288000	0.071733
108.352000	0.071733
108.416000	0.071733
108.480000	0.071733
108.544000	0.071733
108.608000	0.071733
108.672000	0.071733
108.736000	0.071733
108.800000	0.071733
108.864000	0.071733
108.928000	0.071733
108.992000	0.071733
109.056000	0.110421
109.120000	0.110421
109.184000	0.110421
109.248000	0.110421
109.312000	0.110421
109.376000	0.110421
109.440000	0.110421
109.504000	0.110421
109.568000	0.110421
109.632000	0.110421
109.696000	0.110421
109.760000	0.110421
109.824000	0.110421
109.888000	0.110421
109.952000	0.110421
110.016000	0.110421
110.080000	0.110421
110.144000	0.110421
110.208000	0.110421
110.272000	0.110421
110.336000	0.110421
110.400000	0.110421
110.464000	0.110421
110.528000	0.110421
110.592000	0.110421
110.656000	0.110421
110.720000	0.110421
110.784000	0.110421
110.848000	0.110421
110.912000	0.110421
110.976000	0.110421
111.040000	0.110421
111.104000	0.110421
111.168000	0.183718
111.232000	0.183718
111.296000	0.183718
111.360000	0.183718
111.424000	0.183718
111.488000	0.183718
111.552000	0.183718
111.616000	0.183718
111.680000	0.183718
111.744000	0.183718
111.808000	0.183718
111.872000	0.183718
111.936000	0.183718
112.000000	0.183718
112.064000	0.183718
112.128000	0.189872
112.192000	0.228208
112.256000	0.228208
112.320000	0.228208
112.384000	0.228208
112.448000	0.228208
112.512000	0.228208
112.576000	0.228208
112.640000	0.228208
112.704000	0.228208
112.768000	0.228208
112.832000	0.228208
112.896000	0.228208
112.960000	0.228208
113.024000	0.228208
113.088000	0.228208
113.152000	0.228208
113.216000	0.228208
113.280000	0.228208
113.344000	0.228208
113.408000	0.228208
113.472000	0.228208
113.536000	0.228208
113.600000	0.228208
113.664000	0.228208
113.728000	0.228208
113.792000	0.149194
113.856000	0.149194
113.920000	0.149194
113.984000	0.149194
114.048000	0.149194
114.112000	0.149194
114.176000	0.149194
114.240000	0.149194
114.304000	0.149194
114.368000	0.149194
114.432000	0.149194
114.496000	0.149194
114.560000	0.149194
114.624000	0.149194
114.688000	0.149194
114.752000	0.149194
114.816000	0.149194
114.880000	0.149194
114.944000	0.149194
115.008000	0.149194
115.072000	0.149194
115.136000	0.149194
115.200000	0.149194
115.264000	0.149194
115.328000	0.149194
115.392000	0.149194
115.456000	0.149194
115.520000	0.149194
115.584000	0.149194
115.648000	0.149194
115.712000	0.149194
115.776000	0.149194
115.840000	0.149194
115.904000	0.149194
115.968000	0.149194
116.032000	0.149194
116.096000	0.149194
116.160000	0.149194
116.224000	0.149194
116.288000	0.149194
116.352000	0.149194
116.416000	0.149194
116.480000	0.149194
116.544000	0.149194
116.608000	0.149194
116.672000	0.149194
116.736000	0.149194
116.800000	0.149194
116.864000	0.149194
116.928000	0.149194
116.992000	0.149194
117.056000	0.149194
117.120000	0.149194
117.184000	0.149194
117.248000	0.149194
117.312000	0.149194
117.376000	0.149194
117.440000	0.149194
117.504000	0.149194
117.568000	0.149194
117.632000	0.100272
117.696000	0.100272
117.760000	0.100272
117.824000	0.100272
117.888000	0.100272
117.952000	0.100272
118.016000	0.100272
118.080000	0.100272
118.144000	0.100272
118.208000	0.100272
118.272000	0.100272
118.336000	0.100272
118.400000	0.100272
118.464000	0.100272
118.528000	0.100272
118.592000	0.100272
118.656000	0.100272
118.720000	0.100272
118.784000	0.100272
118.848000	0.100272
118.912000	0.100272
118.976000	0.100272
119.040000	0.100272
119.104000	0.100272
119.168000	0.100272
119.232000	0.100272
119.296000	0.100272
119.360000	0.100272
119.424000	0.100272
119.488000	0.100272
119.552000	0.100272
119.616000	0.100272
119.680000	0.100272
119.744000	0.100272
119.808000	0.100272
119.872000	0.100272
119.936000	0.100272
120.000000	0.100272
120.064000	0.100272
120.128000	0.100272
120.192000	0.100272
120.256000	0.100272
120.320000	0.100272
120.384000	0.100272
120.448000	0.100272
120.512000	0.100272
120.576000	0.100272
120.640000	0.100272
120.704000	0.100272
120.768000	0.100272
120.832000	0.100272
120.896000	0.100272
120.960000	0.100272
121.024000	0.100272
121.088000	0.100272
121.152000	0.100272
121.216000	0.100272
121.280000	0.100272
121.344000	0.100272
121.408000	0.100272
121.472000	0.100272
121.536000	0.100272
121.600000	0.100272
121.664000	0.100272
121.728000	0.100272
121.792000	0.100272
121.856000	0.100272
121.920000	0.100272
121.984000	0.100272
122.048000	0.100272
122.112000	0.100272
122.176000	0.100272
122.240000	0.100272
122.304000	0.100272
122.368000	0.100272
122.432000	0.100272
122.496000	0.100272
122.560000	0.100272
122.624000	0.100272
122.688000	0.100272
122.752000	0.100272
122.816000	0.100272
122.880000	0.100272
122.944000	0.100272
123.008000	0.100272
123.072000	0.100272
123.136000	0.100272
123.200000	0.100272
123.264000	0.100272
123.328000	0.100272
123.392000	0.100272
123.456000	0.100272
123.520000	0.100272
123.584000	0.100272
123.648000	0.100272
123.712000	0.100272
123.776000	0.100272
123.840000	0.100272
123.904000	0.100272
123.968000	0.100272
124.032000	0.121355
124.096000	0.121355
124.160000	0.121355
124.224000	0.121355
124.288000	0.121355
124.352000	0.121355
124.416000	0.121355
124.480000	0.121355
124.544000	0.121355
124.608000	0.121355
124.672000	0.121355
124.736000	0.121355
124.800000	0.121355
124.864000	0.121355
124.928000	0.121355
124.992000	0.108617
125.056000	0.108617
125.120000	0.108617
125.184000	0.108617
125.248000	0.108617
125.312000	0.108617
125.376000	0.108617
125.440000	0.108617
125.504000	0.108617
125.568000	0.108617
125.632000	0.108617
125.696000	0.108617
125.760000	0.108617
125.824000	0.108617
125.888000	0.108617
125.952000	0.108617
126.016000	0.108617
126.080000	0.108617
126.144000	0.108617
126.208000	0.108617
126.272000	0.108617
126.336000	0.108617
126.400000	0.108617
126.464000	0.108617
126.528000	0.108617
126.592000	0.108617
126.656000	0.108617
126.720000	0.108617
126.784000	0.108617
126.848000	0.108617
126.912000	0.108617
126.976000	0.108617
127.040000	0.108617
127.104000	0.108617
127.168000	0.108617
127.232000	0.108617
127.296000	0.108617
127.360000	0.108617
127.424000	0.108617
127.488000	0.108617
127.552000	0.108617
127.616000	0.108617
127.680000	0.108617
127.744000	0.108617
127.808000	0.108617
127.872000	0.108617
127.936000	0.108617
128.000000	0.108617
128.064000	0.108617
128.128000	0.108617
128.192000	0.108617
128.256000	0.108617
128.320000	0.108617
128.384000	0.108617
128.448000	0.108617
128.512000	0.108617
128.576000	0.108617
128.640000	0.108617
128.704000	0.108617
128.768000	0.108617
128.832000	0.108617
128.896000	0.108617
128.960000	0.108617
129.024000	0.108617
129.088000	0.108617
129.152000	0.108617
129.216000	0.108617
129.280000	0.108617
129.344000	0.108617
129.408000	0.108617
129.472000	0.108617
129.536000	0.108617
129.600000	0.108617
129.664000	0.108617
129.728000	0.108617
129.792000	0.108006
129.856000	0.108006
129.920000	0.108006
129.984000	0.087323
130.048000	0.087323
130.112000	0.087323
130.176000	0.087323
130.240000	0.087323
130.304000	0.087323
130.368000	0.087323
130.432000	0.087323
130.496000	0.087323
130.560000	0.087323
130.624000	0.087323
130.688000	0.087323
130.752000	0.087323
130.816000	0.087323
130.880000	0.087323
130.944000	0.087323
131.008000	0.087323
131.072000	0.087323
131.136000	0.087323
131.200000	0.087323
131.264000	0.087323
131.328000	0.087323
131.392000	0.087323
131.456000	0.087323
131.520000	0.087323
131.584000	0.087323
131.648000	0.087323
131.712000	0.087323
131.776000	0.087323
131.840000	0.087323
131.904000	0.087323
131.968000	0.087323
132.032000	0.087323
132.096000	0.087323
132.160000	0.087323
132.224000	0.087323
132.288000	0.087323
132.352000	0.087323
132.416000	0.087323
132.480000	0.087323
132.544000	0.087323
132.608000	0.087323
132.672000	0.087323
132.736000	0.087323
132.800000	0.087323
132.864000	0.087323
132.928000	0.087323
132.992000	0.087323
133.056000	0.087323
133.120000	0.087323
133.184000	0.087323
133.248000	0.087323
133.312000	0.087323
133.376000	0.087323
133.440000	0.087323
133.504000	0.087323
133.568000	0.087323
133.632000	0.087323
133.696000	0.087323
133.760000	0.087323
133.824000	0.087323
133.888000	0.087323
133.952000	0.087323
134.016000	0.087323
134.080000	0.087323
134.144000	0.087323
134.208000	0.087323
134.272000	0.087323
134.336000	0.087323
134.400000	0.087323
134.464000	0.087323
134.528000	0.087323
134.592000	0.087323
134.656000	0.087323
134.720000	0.087323
134.784000	0.087323
134.848000	0.087323
134.912000	0.087323
134.976000	0.087323
135.040000	0.087323
135.104000	0.087323
135.168000	0.087323
135.232000	0.087323
135.296000	0.087323
135.360000	0.087323
135.424000	0.087323
135.488000	0.087323
135.552000	0.087323
135.616000	0.087323
135.680000	0.087323
135.744000	0.087323
135.808000	0.087323
135.872000	0.087323
135.936000	0.087323
136.000000	0.087323
136.064000	0.087323
136.128000	0.087323
136.192000	0.087323
136.256000	0.087323
136.320000	0.087323
136.384000	0.137955
136.448000	0.137955
136.512000	0.137955
136.576000	0.137955
136.640000	0.137955
136.704000	0.137955
136.768000	0.137955
136.832000	0.137955
136.896000	0.137955
136.960000	0.137955
137.024000	0.137955
137.088000	0.137955
137.152000	0.137955
137.216000	0.137955
137.280000	0.137955
137.344000	0.137955
137.408000	0.137955
137.472000	0.150641
137.536000	0.150641
137.600000	0.150641
137.664000	0.150641
137.728000	0.150641
137.792000	0.150641
137.856000	0.150641
137.920000	0.150641
137.984000	0.150641
138.048000	0.150641
138.112000	0.150641
138.176000	0.150641
138.240000	0.150641
138.304000	0.150641
138.368000	0.150641
138.432000	0.150641
138.496000	0.150641
138.560000	0.150641
138.624000	0.150641
138.688000	0.150641
138.752000	0.150641
138.816000	0.150641
138.880000	0.150641
138.944000	0.150641
139.008000	0.150641
139.072000	0.150641
139.136000	0.150641
139.200000	0.150641
139.264000	0.150641
139.328000	0.150641
139.392000	0.150641
139.456000	0.150641
139.520000	0.150641
139.584000	0.150641
139.648000	0.150641
139.712000	0.150641
139.776000	0.150641
139.840000	0.150641
139.904000	0.150641
139.968000	0.150641
140.032000	0.150641
140.096000	0.150641
140.160000	0.150641
140.224000	0.150641
140.288000	0.150641
140.352000	0.150641
140.416000	0.150641
140.480000	0.150641
140.544000	0.150641
140.608000	0.144971
140.672000	0.136734
140.736000	0.136734
140.800000	0.136734
140.864000	0.136734
140.928000	0.136734
140.992000	0.136734
141.056000	0.136734
141.120000	0.136734
141.184000	0.136734
141.248000	0.136734
141.312000	0.136734
141.376000	0.136734
141.440000	0.136734
141.504000	0.136734
141.568000	0.136734
141.632000	0.136734
141.696000	0.136734
141.760000	0.136734
141.824000	0.136734
141.888000	0.136734
141.952000	0.136734
142.016000	0.136734
142.080000	0.136734
142.144000	0.136734
142.208000	0.136734
142.272000	0.136734
142.336000	0.136734
142.400000	0.136734
142.464000	0.136734
142.528000	0.136734
142.592000	0.136734
142.656000	0.136734
142.720000	0.136734
142.784000	0.136734
142.848000	0.136734
142.912000	0.136734
142.976000	0.136734
143.040000	0.136734
143.104000	0.136734
143.168000	0.136734
143.232000	0.136734
143.296000	0.136734
143.360000	0.136734
143.424000	0.136734
143.488000	0.136734
143.552000	0.136734
143.616000	0.136734
143.680000	0.136734
143.744000	0.136734
143.808000	0.136734
143.872000	0.087219
143.936000	0.087219
144.000000	0.087219
144.064000	0.087219
144.128000	0.087219
144.192000	0.087219
144.256000	0.087219
144.320000	0.087219
144.384000	0.087219
144.448000	0.087219
144.512000	0.087219
144.576000	0.087219
144.640000	0.087219
144.704000	0.087219
144.768000	0.087219
144.832000	0.087219
144.896000	0.087219
144.960000	0.087219
145.024000	0.087219
145.088000	0.087219
145.152000	0.087219
145.216000	0.087219
145.280000	0.087219
145.344000	0.087219
145.408000	0.087219
145.472000	0.087219
145.536000	0.087219
145.600000	0.087219
145.664000	0.087219
145.728000	0.087219
145.792000	0.087219
145.856000	0.087219
145.920000	0.087219
145.984000	0.087219
146.048000	0.087219
146.112000	0.087219
146.176000	0.087219
146.240000	0.087219
146.304000	0.087219
146.368000	0.087219
146.432000	0.087219
146.496000	0.087219
146.560000	0.087219
146.624000	0.087219
146.688000	0.087219
146.752000	0.087219
146.816000	0.087219
146.880000	0.086407
146.944000	0.086407
147.008000	0.086407
147.072000	0.086407
147.136000	0.086407
147.200000	0.086407
147.264000	0.086407
147.328000	0.086407
147.392000	0.086407
147.456000	0.086407
147.520000	0.086407
147.584000	0.086407
147.648000	0.086407
147.712000	0.086407
147.776000	0.086407
147.840000	0.086407
147.904000	0.086407
147.968000	0.086407
148.032000	0.086407
148.096000	0.086407
148.160000	0.086407
148.224000	0.086407
148.288000	0.086407
148.352000	0.086407
148.416000	0.086407
148.480000	0.086407
148.544000	0.086407
148.608000	0.086407
148.672000	0.086407
148.736000	0.086407
148.800000	0.086407
148.864000	0.086407
148.928000	0.086407
148.992000	0.086407
149.056000	0.086407
149.120000	0.086407
149.184000	0.086407
149.248000	0.086407
149.312000	0.086407
149.376000	0.086407
149.440000	0.086407
149.504000	0.086407
149.568000	0.086407
149.632000	0.086407
149.696000	0.086407
149.760000	0.086407
149.824000	0.086407
149.888000	0.086407
149.952000	0.086407
150.016000	0.086407
150.080000	0.086407
150.144000	0.086407
150.208000	0.086407
150.272000	0.086407
150.336000	0.086407
150.400000	0.086407
150.464000	0.086407
150.528000	0.086407
150.592000	0.086407
150.656000	0.086407
150.720000	0.086407
150.784000	0.086407
150.848000	0.086407
150.912000	0.086407
150.976000	0.086407
151.040000	0.086407
151.104000	0.086407
151.168000	0.086407
151.232000	0.086407
151.296000	0.086407
151.360000	0.086407
151.424000	0.086407
151.488000	0.086407
151.552000	0.086407
151.616000	0.086407
151.680000	0.086407
151.744000	0.072737
151.808000	0.072737
151.872000	0.072737
151.936000	0.072737
152.000000	0.072737
152.064000	0.072737
152.128000	0.072737
152.192000	0.072737
152.256000	0.072737
152.320000	0.072737
152.384000	0.072737
152.448000	0.072737
152.512000	0.072737
152.576000	0.072737
152.640000	0.072737
152.704000	0.072737
152.768000	0.072737
152.832000	0.072737
152.896000	0.072737
152.960000	0.072737
153.024000	0.072737
153.088000	0.072737
153.152000	0.072737
153.216000	0.072737
153.280000	0.072737
153.344000	0.072737
153.408000	0.072737
153.472000	0.072737
153.536000	0.072737
153.600000	0.072737
153.664000	0.072737
153.728000	0.072737
153.792000	0.072737
153.856000	0.072737
153.920000	0.072737
153.984000	0.072737
154.048000	0.072737
154.112000	0.072737
154.176000	0.072737
154.240000	0.072737
154.304000	0.072737
154.368000	0.072737
154.432000	0.072737
154.496000	0.072737
154.560000	0.072737
154.624000	0.072737
154.688000	0.072737
154.752000	0.072737
154.816000	0.072737
154.880000	0.072737
154.944000	0.072737
155.008000	0.072737
155.072000	0.072737
155.136000	0.072737
155.200000	0.072737
155.264000	0.072737
155.328000	0.072737
155.392000	0.072737
155.456000	0.072737
155.520000	0.072737
155.584000	0.072737
155.648000	0.072737
155.712000	0.072737
155.776000	0.072737
155.840000	0.072737
155.904000	0.072737
155.968000	0.072737
156.032000	0.072737
156.096000	0.072737
156.160000	0.072737
156.224000	0.072737
156.288000	0.072737
156.352000	0.072737
156.416000	0.072737
156.480000	0.072737
156.544000	0.072737
156.608000	0.072737
156.672000	0.072737
156.736000	0.072737
156.800000	0.072737
156.864000	0.072737
156.928000	0.072737
156.992000	0.072737
157.056000	0.072737
157.120000	0.072737
157.184000	0.072737
157.248000	0.072737
157.312000	0.072737
157.376000	0.072737
157.440000	0.072737
157.504000	0.072737
157.568000	0.072737
157.632000	0.072737
157.696000	0.072737
157.760000	0.072737
157.824000	0.072737
157.888000	0.072737
157.952000	0.072737
158.016000	0.072737
158.080000	0.072737
158.144000	0.114828
158.208000	0.114828
158.272000	0.114828
158.336000	0.114828
158.400000	0.114828
158.464000	0.114828
158.528000	0.114828
158.592000	0.114828
158.656000	0.114828
158.720000	0.114828
158.784000	0.114828
158.848000	0.114828
158.912000	0.114828
158.976000	0.114828
159.040000	0.114828
159.104000	0.114828
159.168000	0.114828
159.232000	0.114828
159.296000	0.114828
159.360000	0.114828
159.424000	0.114828
159.488000	0.114828
159.552000	0.114828
159.616000	0.114828
159.680000	0.114828
159.744000	0.114828
159.808000	0.114828
159.872000	0.114828
159.936000	0.114828
160.000000	0.114828
160.064000	0.114828
160.128000	0.114828
160.192000	0.114828
160.256000	0.350090
160.320000	0.405923
160.384000	0.506695
160.448000	0.506695
160.512000	0.506695
160.576000	0.506695
160.640000	0.506695
160.704000	0.506695
160.768000	0.506695
160.832000	0.506695
160.896000	0.506695
160.960000	0.506695
161.024000	0.506695
161.088000	0.506695
161.152000	0.506695
161.216000	0.506695
161.280000	0.506695
161.344000	0.506695
161.408000	0.506695
161.472000	0.506695
161.536000	0.506695
161.600000	0.506695
161.664000	0.506695
161.728000	0.506695
161.792000	0.506695
161.856000	0.506695
161.920000	0.506695
161.984000	0.506695
162.048000	0.188871
162.112000	0.188871
162.176000	0.188871
162.240000	0.188871
162.304000	0.188871
162.368000	0.188871
162.432000	0.188871
162.496000	0.188871
162.560000	0.188871
162.624000	0.188871
162.688000	0.188871
162.752000	0.176486
162.816000	0.176486
162.880000	0.176486
162.944000	0.176486
163.008000	0.176486
163.072000	0.176486
163.136000	0.176486
163.200000	0.176486
163.264000	0.176486
163.328000	0.176486
163.392000	0.169653
163.456000	0.169653
163.520000	0.169653
163.584000	0.169653
163.648000	0.169653
163.712000	0.169653
163.776000	0.169653
163.840000	0.169653
163.904000	0.169653
163.968000	0.169653
164.032000	0.169653
164.096000	0.169653
164.160000	0.169653
164.224000	0.169653
164.288000	0.169653
164.352000	0.169653
164.416000	0.169653
164.480000	0.169653
164.544000	0.169653
164.608000	0.169653
164.672000	0.169653
164.736000	0.169653
164.800000	0.169653
164.864000	0.169653
164.928000	0.169653
164.992000	0.169653
165.056000	0.169653
165.120000	0.169653
165.184000	0.169653
165.248000	0.169653
165.312000	0.169653
165.376000	0.169653
165.440000	0.169653
165.504000	0.169653
165.568000	0.169653
165.632000	0.169653
165.696000	0.169653
165.760000	0.169653
165.824000	0.169653
165.888000	0.169653
165.952000	0.148146
166.016000	0.148146
166.080000	0.148146
166.144000	0.148146
166.208000	0.148146
166.272000	0.148146
166.336000	0.148146
166.400000	0.148146
166.464000	0.148146
166.528000	0.148146
166.592000	0.148146
166.656000	0.148146
166.720000	0.148146
166.784000	0.148146
166.848000	0.148146
166.912000	0.148146
166.976000	0.148146
167.040000	0.148146
167.104000	0.148146
167.168000	0.148146
167.232000	0.148146
167.296000	0.148146
167.360000	0.148146
167.424000	0.148146
167.488000	0.148146
167.552000	0.148146
167.616000	0.148146
167.680000	0.148146
167.744000	0.148146
167.808000	0.148146
167.872000	0.148146
167.936000	0.148146
168.000000	0.148146
168.064000	0.148146
168.128000	0.148146
168.192000	0.148146
168.256000	0.148146
168.320000	0.148146
168.384000	0.148146
168.448000	0.148146
168.512000	0.148146
168.576000	0.148146
168.640000	0.148146
168.704000	0.148146
168.768000	0.148146
168.832000	0.139931
168.896000	0.139931
168.960000	0.139931
169.024000	0.139931
169.088000	0.139931
169.152000	0.139931
169.216000	0.139931
169.280000	0.139931
169.344000	0.139931
169.408000	0.139931
169.472000	0.139931
169.536000	0.139931
169.600000	0.139931
169.664000	0.139931
169.728000	0.139931
169.792000	0.139931
169.856000	0.139931
169.920000	0.139931
169.984000	0.139931
170.048000	0.139931
170.112000	0.139931
170.176000	0.139931
170.240000	0.139931
170.304000	0.139931
170.368000	0.139931
170.432000	0.139931
170.496000	0.139931
170.560000	0.139931
170.624000	0.139931
170.688000	0.139931
170.752000	0.139931
170.816000	0.139931
170.880000	0.139931
170.944000	0.139931
171.008000	0.139931
171.072000	0.139931
171.136000	0.139931
171.200000	0.139931
171.264000	0.139931
171.328000	0.139931
171.392000	0.139931
171.456000	0.139931
171.520000	0.139931
171.584000	0.139931
171.648000	0.139931
171.712000	0.139931
171.776000	0.139931
171.840000	0.139931
171.904000	0.139931
171.968000	0.139931
172.032000	0.139931
172.096000	0.139931
172.160000	0.139931
172.224000	0.139931
172.288000	0.139931
172.352000	0.139931
172.416000	0.139931
172.480000	0.139931
172.544000	0.139931
172.608000	0.139931
172.672000	0.139931
172.736000	0.139931
172.800000	0.139931
172.864000	0.139931
172.928000	0.139931
172.992000	0.139931
173.056000	0.139931
173.120000	0.139931
173.184000	0.139931
173.248000	0.139931
173.312000	0.139931
173.376000	0.139931
173.440000	0.139931
173.504000	0.139931
173.568000	0.139931
173.632000	0.139931
173.696000	0.139931
173.760000	0.139931
173.824000	0.139931
173.888000	0.139931
173.952000	0.139931
174.016000	0.139931
174.080000	0.139931
174.144000	0.139931
174.208000	0.139931
174.272000	0.139931
174.336000	0.139931
174.400000	0.139931
174.464000	0.139931
174.528000	0.139931
174.592000	0.139931
174.656000	0.139931
174.720000	0.139931
174.784000	0.139931
174.848000	0.139931
174.912000	0.139931
174.976000	0.139931
175.040000	0.139931
175.104000	0.139931
175.168000	0.139931
175.232000	0.145980
175.296000	0.145980
175.360000	0.145980
175.424000	0.145980
175.488000	0.145980
175.552000	0.145980
175.616000	0.145980
175.680000	0.145980
175.744000	0.145980
175.808000	0.145980
175.872000	0.145980
175.936000	0.145980
176.000000	0.145980
176.064000	0.145980
176.128000	0.145980
176.192000	0.145980
176.256000	0.145980
176.320000	0.145980
176.384000	0.145980
176.448000	0.145980
176.512000	0.145980
176.576000	0.145980
176.640000	0.145980
176.704000	0.145980
176.768000	0.145980
176.832000	0.145980
176.896000	0.145980
176.960000	0.145980
177.024000	0.145980
177.088000	0.145980
177.152000	0.145980
177.216000	0.145980
177.280000	0.145980
177.344000	0.145980
177.408000	0.145980
177.472000	0.145980
177.536000	0.145980
177.600000	0.145980
177.664000	0.145980
177.728000	0.145980
177.792000	0.145980
177.856000	0.145980
177.920000	0.145980
177.984000	0.145980
178.048000	0.145980
178.112000	0.145980
178.176000	0.145980
178.240000	0.145980
178.304000	0.145980
178.368000	0.145980
178.432000	0.145980
178.496000	0.145980
178.560000	0.145980
178.624000	0.145980
178.688000	0.145980
178.752000	0.145980
178.816000	0.145980
178.880000	0.145980
178.944000	0.145980
179.008000	0.145980
179.072000	0.145980
179.136000	0.145980
179.200000	0.145980
179.264000	0.145980
179.328000	0.145980
179.392000	0.145980
179.456000	0.145980
179.520000	0.145980
179.584000	0.145980
179.648000	0.145980
179.712000	0.145980
179.776000	0.145980
179.840000	0.145980
179.904000	0.145980
179.968000	0.145980
180.032000	0.145980
180.096000	0.145980
180.160000	0.145980
180.224000	0.145980
180.288000	0.145980
180.352000	0.145980
180.416000	0.145980
180.480000	0.145980
180.544000	0.145980
180.608000	0.145980
180.672000	0.145980
180.736000	0.145980
180.800000	0.145980
180.864000	0.145980
180.928000	0.145980
180.992000	0.145980
181.056000	0.145980
181.120000	0.145980
181.184000	0.145980
181.248000	0.145980
181.312000	0.145980
181.376000	0.145980
181.440000	0.145980
181.504000	0.145980
181.568000	0.145980
181.632000	0.163563
181.696000	0.163563
181.760000	0.163563
181.824000	0.163563
181.888000	0.170349
181.952000	0.170349
182.016000	0.170349
182.080000	0.170349
182.144000	0.170349
182.208000	0.170349
182.272000	0.170349
182.336000	0.170349
182.400000	0.170349
182.464000	0.170349
182.528000	0.170349
182.592000	0.170349
182.656000	0.170349
182.720000	0.170349
182.784000	0.170349
182.848000	0.170349
182.912000	0.170349
182.976000	0.170349
183.040000	0.170349
183.104000	0.170349
183.168000	0.170349
183.232000	0.170349
183.296000	0.170349
183.360000	0.170349
183.424000	0.170349
183.488000	0.170349
183.552000	0.170349
183.616000	0.170349
183.680000	0.170349
183.744000	0.170349
183.808000	0.170349
183.872000	0.170349
183.936000	0.170349
184.000000	0.170349
184.064000	0.170349
184.128000	0.170349
184.192000	0.170349
184.256000	0.170349
184.320000	0.170349
184.384000	0.170349
184.448000	0.170349
184.512000	0.170349
184.576000	0.170349
184.640000	0.170349
184.704000	0.170349
184.768000	0.170349
184.832000	0.170349
184.896000	0.170349
184.960000	0.170349
185.024000	0.170349
185.088000	0.170349
185.152000	0.170349
185.216000	0.170349
185.280000	0.170349
185.344000	0.170349
185.408000	0.170349
185.472000	0.170349
185.536000	0.170349
185.600000	0.170349
185.664000	0.170349
185.728000	0.170349
185.792000	0.170349
185.856000	0.170349
185.920000	0.170349
185.984000	0.170349
186.048000	0.170349
186.112000	0.170349
186.176000	0.170349
186.240000	0.170349
186.304000	0.170349
186.368000	0.170349
186.432000	0.170349
186.496000	0.170349
186.560000	0.170349
186.624000	0.170349
186.688000	0.170349
186.752000	0.170349
186.816000	0.170349
186.880000	0.170349
186.944000	0.170349
187.008000	0.170349
187.072000	0.170349
187.136000	0.170349
187.200000	0.192376
187.264000	0.192376
187.328000	0.192376
187.392000	0.192376
187.456000	0.192911
187.520000	0.192911
187.584000	0.192911
187.648000	0.192911
187.712000	0.192911
187.776000	0.192911
187.840000	0.192911
187.904000	0.248193
187.968000	0.248193
188.032000	0.248193
188.096000	0.248193
188.160000	0.248193
188.224000	0.248193
188.288000	0.248193
188.352000	0.248193
188.416000	0.248193
188.480000	0.248193
188.544000	0.248193
188.608000	0.248193
188.672000	0.248193
188.736000	0.248193
188.800000	0.248193
188.864000	0.248193
188.928000	0.248193
188.992000	0.248193
189.056000	0.248193
189.120000	0.248193
189.184000	0.200710
189.248000	0.200710
189.312000	0.200710
189.376000	0.200710
189.440000	0.200710
189.504000	0.200710
189.568000	0.200710
189.632000	0.200710
189.696000	0.200710
189.760000	0.200710
189.824000	0.200710
189.888000	0.200710
189.952000	0.200710
190.016000	0.200710
190.080000	0.200710
190.144000	0.200710
190.208000	0.200710
190.272000	0.200710
190.336000	0.200710
190.400000	0.200710
190.464000	0.200710
190.528000	0.200710
190.592000	0.200710
190.656000	0.200710
190.720000	0.200710
190.784000	0.200710
190.848000	0.200710
190.912000	0.200710
190.976000	0.200710
191.040000	0.200710
191.104000	0.200710
191.168000	0.200710
191.232000	0.200710
191.296000	0.200710
191.360000	0.200710
191.424000	0.200710
191.488000	0.200710
191.552000	0.200710
191.616000	0.200710
191.680000	0.200710
191.744000	0.200710
191.808000	0.200710
191.872000	0.200710
191.936000	0.200710
192.000000	0.200710
192.064000	0.200710
192.128000	0.200710
192.192000	0.200710
192.256000	0.200710
192.320000	0.200710
192.384000	0.200710
192.448000	0.200710
192.512000	0.200710
192.576000	0.200710
192.640000	0.200710
192.704000	0.200710
192.768000	0.200710
192.832000	0.200710
192.896000	0.200710
192.960000	0.200710
193.024000	0.200710
193.088000	0.200710
193.152000	0.200710
193.216000	0.200710
193.280000	0.200710
193.344000	0.200710
193.408000	0.200710
193.472000	0.200710
193.536000	0.200710
193.600000	0.200710
193.664000	0.200710
193.728000	0.200710
193.792000	0.200710
193.856000	0.200710
193.920000	0.200710
193.984000	0.200710
194.048000	0.200710
194.112000	0.200710
194.176000	0.200710
194.240000	0.200710
194.304000	0.200710
194.368000	0.200710
194.432000	0.200710
194.496000	0.200710
194.560000	0.200710
194.624000	0.200710
194.688000	0.200710
194.752000	0.200710
194.816000	0.200710
194.880000	0.200710
194.944000	0.200710
195.008000	0.200710
195.072000	0.200710
195.136000	0.200710
195.200000	0.200710
195.264000	0.200710
195.328000	0.200710
195.392000	0.200710
195.456000	0.200710
195.520000	0.200710
195.584000	0.375981
195.648000	0.375981
195.712000	0.375981
195.776000	0.375981
195.840000	0.437319
195.904000	0.437319
195.968000	0.437319
196.032000	0.437319
196.096000	0.437319
196.160000	0.437319
196.224000	0.437319
196.288000	0.437319
196.352000	0.437319
196.416000	0.437319
196.480000	0.621538
196.544000	0.621538
196.608000	0.621538
196.672000	0.621538
196.736000	0.621538
196.800000	0.621538
196.864000	0.621538
196.928000	0.621538
196.992000	0.621538
197.056000	0.621538
197.120000	0.621538
197.184000	0.621538
197.248000	0.621538
197.312000	0.621538
197.376000	0.621538
197.440000	0.621538
197.504000	0.621538
197.568000	0.621538
197.632000	0.621538
197.696000	0.621538
197.760000	0.443329
197.824000	0.443329
197.888000	0.443329
197.952000	0.443329
198.016000	0.443329
198.080000	0.443329
198.144000	0.443329
198.208000	0.443329
198.272000	0.443329
198.336000	0.443329
198.400000	0.443329
198.464000	0.443329
198.528000	0.443329
198.592000	0.443329
198.656000	0.443329
198.720000	0.443329
198.784000	0.443329
198.848000	0.443329
198.912000	0.443329
198.976000	0.443329
199.040000	0.443329
199.104000	0.443329
199.168000	0.443329
199.232000	0.443329
199.296000	0.443329
199.360000	0.443329
199.424000	0.443329
199.488000	0.443329
199.552000	0.443329
199.616000	0.443329
199.680000	0.443329
199.744000	0.443329
199.808000	0.443329
199.872000	0.443329
199.936000	0.443329
200.000000	0.443329
200.064000	0.443329
200.128000	0.443329
200.192000	0.443329
200.256000	0.443329
200.320000	0.443329
200.384000	0.443329
200.448000	0.443329
200.512000	0.443329
200.576000	0.443329
200.640000	0.443329
200.704000	0.443329
200.768000	0.443329
200.832000	0.443329
200.896000	0.443329
200.960000	0.443329
201.024000	0.443329
201.088000	0.443329
201.152000	0.443329
201.216000	0.443329
201.280000	0.443329
201.344000	0.443329
201.408000	0.443329
201.472000	0.443329
201.536000	0.443329
201.600000	0.443329
201.664000	0.443329
201.728000	0.443329
201.792000	0.443329
201.856000	0.443329
201.920000	0.443329
201.984000	0.443329
202.048000	0.443329
202.112000	0.443329
202.176000	0.443329
202.240000	0.443329
202.304000	0.443329
202.368000	0.443329
202.432000	0.443329
202.496000	0.443329
202.560000	0.443329
202.624000	0.443329
202.688000	0.443329
202.752000	0.443329
202.816000	0.443329
202.880000	0.443329
202.944000	0.443329
203.008000	0.443329
203.072000	0.443329
203.136000	0.443329
203.200000	0.443329
203.264000	0.443329
203.328000	0.443329
203.392000	0.443329
203.456000	0.443329
203.520000	0.443329
203.584000	0.443329
203.648000	0.443329
203.712000	0.443329
203.776000	0.443329
203.840000	0.443329
203.904000	0.443329
203.968000	0.443329
204.032000	0.443329
204.096000	0.443329
204.160000	0.508707
204.224000	0.508707
204.288000	0.508707
204.352000	0.508707
204.416000	0.508707
204.480000	0.508707
204.544000	0.508707
204.608000	0.508707
204.672000	0.508707
204.736000	0.564988
204.800000	0.659790
204.864000	0.659790
204.928000	0.659790
204.992000	0.437609
205.056000	0.420889
205.120000	0.420889
205.184000	0.420889
205.248000	0.420889
205.312000	0.420889
205.376000	0.420889
205.440000	0.420889
205.504000	0.420889
205.568000	0.420889
205.632000	0.420889
205.696000	0.406535
205.760000	0.406535
205.824000	0.406535
205.888000	0.378118
205.952000	0.280765
206.016000	0.280765
206.080000	0.280765
206.144000	0.280765
206.208000	0.280765
206.272000	0.280765
206.336000	0.280765
206.400000	0.195626
206.464000	0.195626
206.528000	0.195626
206.592000	0.195626
206.656000	0.195626
206.720000	0.195626
206.784000	0.195626
206.848000	0.195626
206.912000	0.195626
206.976000	0.195626
207.040000	0.195626
207.104000	0.195626
207.168000	0.195626
207.232000	0.195626
207.296000	0.195626
207.360000	0.195626
207.424000	0.195626
207.488000	0.195626
207.552000	0.195626
207.616000	0.195626
207.680000	0.195626
207.744000	0.195626
207.808000	0.195626
207.872000	0.195626
207.936000	0.195626
208.000000	0.195626
208.064000	0.195626
208.128000	0.195626
208.192000	0.195626
208.256000	0.195626
208.320000	0.195626
208.384000	0.195626
208.448000	0.195626
208.512000	0.195626
208.576000	0.195626
208.640000	0.195626
208.704000	0.195626
208.768000	0.195626
208.832000	0.195626
208.896000	0.195626
208.960000	0.195626
209.024000	0.195626
209.088000	0.195626
209.152000	0.195626
209.216000	0.195626
209.280000	0.195626
209.344000	0.195626
209.408000	0.195626
209.472000	0.195626
209.536000	0.195626
209.600000	0.195626
209.664000	0.195626
209.728000	0.195626
209.792000	0.195626
209.856000	0.195626
209.920000	0.195626
209.984000	0.195626
210.048000	0.195626
210.112000	0.195626
210.176000	0.195626
210.240000	0.195626
210.304000	0.195626
210.368000	0.195626
210.432000	0.195626
210.496000	0.195626
210.560000	0.195626
210.624000	0.195626
210.688000	0.195626
210.752000	0.195626
210.816000	0.195626
210.880000	0.195626
210.944000	0.195626
211.008000	0.195626
211.072000	0.195626
211.136000	0.195626
211.200000	0.195626
211.264000	0.195626
211.328000	0.195626
211.392000	0.195626
211.456000	0.195626
211.520000	0.195626
211.584000	0.195626
211.648000	0.195626
211.712000	0.195626
211.776000	0.195626
211.840000	0.195626
211.904000	0.195626
211.968000	0.195626
212.032000	0.195626
212.096000	0.195626
212.160000	0.195626
212.224000	0.195626
212.288000	0.195626
212.352000	0.195626
212.416000	0.195626
212.480000	0.195626
212.544000	0.195626
212.608000	0.195626
212.672000	0.195626
212.736000	0.195626
212.800000	0.206809
212.864000	0.206809
212.928000	0.184299
212.992000	0.184299
213.056000	0.184299
213.120000	0.184299
213.184000	0.184299
213.248000	0.184299
213.312000	0.184299
213.376000	0.184299
213.440000	0.184299
213.504000	0.184299
213.568000	0.184299
213.632000	0.184299
213.696000	0.184299
213.760000	0.184299
213.824000	0.184299
213.888000	0.184299
213.952000	0.184299
214.016000	0.184299
214.080000	0.184299
214.144000	0.184299
214.208000	0.184299
214.272000	0.184299
214.336000	0.184299
214.400000	0.184299
214.464000	0.184299
214.528000	0.184299
214.592000	0.184299
214.656000	0.184299
214.720000	0.184299
214.784000	0.184299
214.848000	0.184299
214.912000	0.184299
214.976000	0.184299
215.040000	0.184299
215.104000	0.184299
215.168000	0.184299
215.232000	0.184299
215.296000	0.184299
215.360000	0.184299
215.424000	0.184299
215.488000	0.184299
215.552000	0.184299
215.616000	0.184299
215.680000	0.184299
215.744000	0.184299
215.808000	0.184299
215.872000	0.184299
215.936000	0.184299
216.000000	0.184299
216.064000	0.184299
216.128000	0.184299
216.192000	0.184299
216.256000	0.184299
216.320000	0.184299
216.384000	0.184299
216.448000	0.184299
216.512000	0.184299
216.576000	0.184299
216.640000	0.184299
216.704000	0.184299
216.768000	0.184299
216.832000	0.184299
216.896000	0.184299
216.960000	0.184299
217.024000	0.184299
217.088000	0.184299
217.152000	0.184299
217.216000	0.184299
217.280000	0.184299
217.344000	0.184299
217.408000	0.184299
217.472000	0.184299
217.536000	0.184299
217.600000	0.184299
217.664000	0.184299
217.728000	0.184299
217.792000	0.184299
217.856000	0.184299
217.920000	0.184299
217.984000	0.184299
218.048000	0.184299
218.112000	0.184299
218.176000	0.184299
218.240000	0.184299
218.304000	0.184299
218.368000	0.184299
218.432000	0.184299
218.496000	0.184299
218.560000	0.184299
218.624000	0.184299
218.688000	0.184299
218.752000	0.184299
218.816000	0.184299
218.880000	0.184299
218.944000	0.184299
219.008000	0.184299
219.072000	0.184299
219.136000	0.184299
219.200000	0.184299
219.264000	0.184299
219.328000	0.203202
219.392000	0.210219
219.456000	0.210219
219.520000	0.210219
219.584000	0.210219
219.648000	0.210219
219.712000	0.210219
219.776000	0.227217
219.840000	0.227217
219.904000	0.227217
219.968000	0.227217
220.032000	0.227217
220.096000	0.227217
220.160000	0.227217
220.224000	0.227217
220.288000	0.227217
220.352000	0.227217
220.416000	0.227217
220.480000	0.227217
220.544000	0.227217
220.608000	0.227217
220.672000	0.227217
220.736000	0.227217
220.800000	0.227217
220.864000	0.227217
220.928000	0.227197
220.992000	0.227197
221.056000	0.227197
221.120000	0.227197
221.184000	0.227197
221.248000	0.227197
221.312000	0.227197
221.376000	0.227197
221.440000	0.227197
221.504000	0.227197
221.568000	0.227197
221.632000	0.227197
221.696000	0.227197
221.760000	0.227197
221.824000	0.227197
221.888000	0.227197
221.952000	0.227197
222.016000	0.227197
222.080000	0.227197
222.144000	0.227197
222.208000	0.227197
222.272000	0.227197
222.336000	0.227197
222.400000	0.227197
222.464000	0.227197
222.528000	0.227197
222.592000	0.227197
222.656000	0.227197
222.720000	0.227197
222.784000	0.227197
222.848000	0.227197
222.912000	0.227197
222.976000	0.227197
223.040000	0.227197
223.104000	0.227197
223.168000	0.227197
223.232000	0.227197
223.296000	0.227197
223.360000	0.227197
223.424000	0.227197
223.488000	0.227197
223.552000	0.227197
223.616000	0.227197
223.680000	0.227197
223.744000	0.227197
223.808000	0.227197
223.872000	0.227197
223.936000	0.227197
224.000000	0.227197
224.064000	0.227197
224.128000	0.227197
224.192000	0.227197
224.256000	0.227197
224.320000	0.227197
224.384000	0.227197
224.448000	0.227197
224.512000	0.227197
224.576000	0.227197
224.640000	0.227197
224.704000	0.227197
224.768000	0.227197
224.832000	0.227197
224.896000	0.227197
224.960000	0.227197
225.024000	0.227197
225.088000	0.227197
225.152000	0.227197
225.216000	0.227197
225.280000	0.227197
225.344000	0.227197
225.408000	0.227197
225.472000	0.227197
225.536000	0.227197
225.600000	0.227197
225.664000	0.227197
225.728000	0.227197
225.792000	0.227197
225.856000	0.227197
225.920000	0.227197
225.984000	0.227197
226.048000	0.227197
226.112000	0.227197
226.176000	0.227197
226.240000	0.227197
226.304000	0.227197
226.368000	0.227197
226.432000	0.227197
226.496000	0.227197
226.560000	0.227197
226.624000	0.227197
226.688000	0.227197
226.752000	0.227197
226.816000	0.227197
226.880000	0.227197
226.944000	0.227197
227.008000	0.227197
227.072000	0.227197
227.136000	0.227197
227.200000	0.227197
227.264000	0.227034
227.328000	0.227034
227.392000	0.227034
227.456000	0.227034
227.520000	0.227034
227.584000	0.227034
227.648000	0.227034
227.712000	0.227034
227.776000	0.227034
227.840000	0.227034
227.904000	0.227034
227.968000	0.227034
228.032000	0.227034
228.096000	0.227034
228.160000	0.227034
228.224000	0.227034
228.288000	0.227034
228.352000	0.227034
228.416000	0.227034
228.480000	0.227034
228.544000	0.227034
228.608000	0.227034
228.672000	0.227034
228.736000	0.227034
228.800000	0.227034
228.864000	0.227034
228.928000	0.227034
228.992000	0.227034
229.056000	0.227034
229.120000	0.227034
229.184000	0.227034
229.248000	0.227034
229.312000	0.227034
229.376000	0.227034
229.440000	0.227034
229.504000	0.227034
229.568000	0.227034
229.632000	0.178614
229.696000	0.178614
229.760000	0.178614
229.824000	0.178614
229.888000	0.178614
229.952000	0.178614
230.016000	0.178614
230.080000	0.178614
230.144000	0.178614
230.208000	0.178614
230.272000	0.178614
230.336000	0.178614
230.400000	0.178614
230.464000	0.178614
230.528000	0.178614
230.592000	0.178614
230.656000	0.178614
230.720000	0.146484
230.784000	0.146484
230.848000	0.146484
230.912000	0.146484
230.976000	0.146484
231.040000	0.146484
231.104000	0.146484
231.168000	0.146484
231.232000	0.146484
231.296000	0.146484
231.360000	0.146484
231.424000	0.146484
231.488000	0.146484
231.552000	0.146484
231.616000	0.146484
231.680000	0.146484
231.744000	0.146484
231.808000	0.146484
231.872000	0.146484
231.936000	0.146484
232.000000	0.146484
232.064000	0.146484
232.128000	0.146484
232.192000	0.146484
232.256000	0.146484
232.320000	0.146484
232.384000	0.146484
232.448000	0.146484
232.512000	0.146484
232.576000	0.146484
232.640000	0.146484
232.704000	0.146484
232.768000	0.146484
232.832000	0.146484
232.896000	0.146484
232.960000	0.146484
233.024000	0.133138
233.088000	0.133138
233.152000	0.133138
233.216000	0.133138
233.280000	0.133138
233.344000	0.133138
233.408000	0.133138
233.472000	0.133138
233.536000	0.133138
233.600000	0.133138
233.664000	0.133138
233.728000	0.094166
233.792000	0.094166
233.856000	0.094166
233.920000	0.094166
233.984000	0.094166
234.048000	0.094166
234.112000	0.094166
234.176000	0.094166
234.240000	0.094166
234.304000	0.094166
234.368000	0.094166
234.432000	0.094166
234.496000	0.094166
234.560000	0.094166
234.624000	0.094166
234.688000	0.094166
234.752000	0.094166
234.816000	0.094166
234.880000	0.094166
234.944000	0.094166
235.008000	0.094166
235.072000	0.094166
235.136000	0.094166
235.200000	0.094166
235.264000	0.094166
235.328000	0.094166
235.392000	0.094166
235.456000	0.094166
235.520000	0.094166
235.584000	0.094166
235.648000	0.094166
235.712000	0.094166
235.776000	0.094166
235.840000	0.094166
235.904000	0.094166
235.968000	0.094166
236.032000	0.094166
236.096000	0.094166
236.160000	0.094166
236.224000	0.094166
236.288000	0.094166
236.352000	0.094166
236.416000	0.094166
236.480000	0.094166
236.544000	0.094166
236.608000	0.094166
236.672000	0.094166
236.736000	0.094166
236.800000	0.094166
236.864000	0.094166
236.928000	0.094166
236.992000	0.094166
237.056000	0.094166
237.120000	0.094166
237.184000	0.094166
237.248000	0.094166
237.312000	0.094166
237.376000	0.094166
237.440000	0.094166
237.504000	0.094166
237.568000	0.094166
237.632000	0.094166
237.696000	0.094166
237.760000	0.094166
237.824000	0.094166
237.888000	0.094166
237.952000	0.094166
238.016000	0.094166
238.080000	0.094166
238.144000	0.094166
238.208000	0.094166
238.272000	0.094166
238.336000	0.094166
238.400000	0.094166
238.464000	0.094166
238.528000	0.094166
238.592000	0.094166
238.656000	0.094166
238.720000	0.094166
238.784000	0.094166
238.848000	0.094166
238.912000	0.094166
238.976000	0.094166
239.040000	0.094166
239.104000	0.094166
239.168000	0.094166
239.232000	0.094166
239.296000	0.094166
239.360000	0.094166
239.424000	0.094166
239.488000	0.094166
239.552000	0.094166
239.616000	0.094166
239.680000	0.094166
239.744000	0.094166
239.808000	0.094166
239.872000	0.094166
239.936000	0.094166
240.000000	0.094166
240.064000	0.094166
240.128000	0.107596
240.192000	0.161838
240.256000	0.161838
240.320000	0.161838
240.384000	0.161838
240.448000	0.161838
240.512000	0.161838
240.576000	0.161838
240.640000	0.161838
240.704000	0.161838
240.768000	0.161838
240.832000	0.161838
240.896000	0.161838
240.960000	0.161838
241.024000	0.161838
241.088000	0.161838
241.152000	0.161838
241.216000	0.161838
241.280000	0.161838
241.344000	0.161838
241.408000	0.161838
241.472000	0.161838
241.536000	0.161838
241.600000	0.177278
241.664000	0.177278
241.728000	0.177278
241.792000	0.177278
241.856000	0.177278
241.920000	0.177278
241.984000	0.177278
242.048000	0.177278
242.112000	0.177278
242.176000	0.177278
242.240000	0.177278
242.304000	0.177278
242.368000	0.177278
242.432000	0.177278
242.496000	0.177278
242.560000	0.177278
242.624000	0.177278
242.688000	0.177278
242.752000	0.177278
242.816000	0.177278
242.880000	0.177278
242.944000	0.177278
243.008000	0.177278
243.072000	0.177278
243.136000	0.177278
243.200000	0.177278
243.264000	0.179929
243.328000	0.179929
243.392000	0.256463
243.456000	0.299799
243.520000	0.299799
243.584000	0.299799
243.648000	0.299799
243.712000	0.299799
243.776000	0.299799
243.840000	0.299799
243.904000	0.299799
243.968000	0.299799
244.032000	0.299799
244.096000	0.332791
244.160000	0.332791
244.224000	0.332791
244.288000	0.313879
244.352000	0.313879
244.416000	0.313879
244.480000	0.313879
244.544000	0.313879
244.608000	0.313879
244.672000	0.313879
244.736000	0.313879
244.800000	0.313879
244.864000	0.313879
244.928000	0.313879
244.992000	0.313879
245.056000	0.313879
245.120000	0.313879
245.184000	0.313879
245.248000	0.313879
245.312000	0.313879
245.376000	0.313879
245.440000	0.313879
245.504000	0.313879
245.568000	0.242161
245.632000	0.242161
245.696000	0.242161
245.760000	0.242161
245.824000	0.242161
245.888000	0.206280
245.952000	0.206280
246.016000	0.206280
246.080000	0.206280
246.144000	0.206280
246.208000	0.206280
246.272000	0.206280
246.336000	0.206280
246.400000	0.206280
246.464000	0.206280
246.528000	0.206280
246.592000	0.206280
246.656000	0.206280
246.720000	0.206280
246.784000	0.206280
246.848000	0.206280
246.912000	0.206280
246.976000	0.206280
247.040000	0.206280
247.104000	0.206280
247.168000	0.206280
247.232000	0.206280
247.296000	0.206280
247.360000	0.206280
247.424000	0.206280
247.488000	0.206280
247.552000	0.206280
247.616000	0.162529
247.680000	0.162529
247.744000	0.162529
247.808000	0.162529
247.872000	0.162529
247.936000	0.162529
248.000000	0.162529
248.064000	0.162529
248.128000	0.162529
248.192000	0.162529
248.256000	0.162529
248.320000	0.162529
248.384000	0.162529
248.448000	0.162529
248.512000	0.162529
248.576000	0.162529
248.640000	0.162529
248.704000	0.162529
248.768000	0.162529
248.832000	0.162529
248.896000	0.162529
248.960000	0.162529
249.024000	0.162529
249.088000	0.162529
249.152000	0.162529
249.216000	0.162529
249.280000	0.162529
249.344000	0.162529
249.408000	0.162529
249.472000	0.162529
249.536000	0.162529
249.600000	0.162529
249.664000	0.162529
249.728000	0.162529
249.792000	0.162529
249.856000	0.162529
249.920000	0.162529
249.984000	0.162529
250.048000	0.162529
250.112000	0.162529
250.176000	0.162529
250.240000	0.162529
250.304000	0.162529
250.368000	0.162529
250.432000	0.162529
250.496000	0.162529
250.560000	0.162529
250.624000	0.162529
250.688000	0.162529
250.752000	0.162529
250.816000	0.162529
250.880000	0.162529
250.944000	0.162529
251.008000	0.162529
251.072000	0.162529
251.136000	0.162529
251.200000	0.162529
251.264000	0.162529
251.328000	0.162529
251.392000	0.162529
251.456000	0.162529
251.520000	0.162529
251.584000	0.162529
251.648000	0.162529
251.712000	0.162529
251.776000	0.162529
251.840000	0.162529
251.904000	0.162529
251.968000	0.162529
252.032000	0.162529
252.096000	0.162529
252.160000	0.162529
252.224000	0.162529
252.288000	0.162529
252.352000	0.162529
252.416000	0.162529
252.480000	0.162529
252.544000	0.162529
252.608000	0.162529
252.672000	0.162529
252.736000	0.162529
252.800000	0.162529
252.864000	0.162529
252.928000	0.162529
252.992000	0.162529
253.056000	0.162529
253.120000	0.162529
253.184000	0.162529
253.248000	0.162529
253.312000	0.162529
253.376000	0.162529
253.440000	0.162529
253.504000	0.162529
253.568000	0.162529
253.632000	0.162529
253.696000	0.162529
253.760000	0.162529
253.824000	0.162529
253.888000	0.162529
253.952000	0.162529
254.016000	0.210349
254.080000	0.210349
254.144000	0.210349
254.208000	0.210349
254.272000	0.210349
254.336000	0.210349
254.400000	0.210349
254.464000	0.210349
254.528000	0.210349
254.592000	0.275134
254.656000	0.275134
254.720000	0.275134
254.784000	0.275134
254.848000	0.275134
254.912000	0.275134
254.976000	0.275134
255.040000	0.275134
255.104000	0.275134
255.168000	0.275134
255.232000	0.275134
255.296000	0.275134
255.360000	0.277954
255.424000	0.277954
255.488000	0.277954
255.552000	0.277954
255.616000	0.277954
255.680000	0.277954
255.744000	0.277954
255.808000	0.277954
255.872000	0.277954
255.936000	0.277954
256.000000	0.277954
256.064000	0.277954
256.128000	0.277954
256.192000	0.277954
256.256000	0.277954
256.320000	0.277954
256.384000	0.277954
256.448000	0.277954
256.512000	0.277954
256.576000	0.277954
256.640000	0.277954
256.704000	0.277954
256.768000	0.277954
256.832000	0.277954
256.896000	0.277954
256.960000	0.277954
257.024000	0.277954
257.088000	0.277954
257.152000	0.277954
257.216000	0.277954
257.280000	0.277954
257.344000	0.277954
257.408000	0.277954
257.472000	0.277954
257.536000	0.277954
257.600000	0.277954
257.664000	0.277954
257.728000	0.277954
257.792000	0.277954
257.856000	0.277954
257.920000	0.277954
257.984000	0.330246
258.048000	0.330246
258.112000	0.330246
258.176000	0.330246
258.240000	0.330246
258.304000	0.330246
258.368000	0.330246
258.432000	0.330246
258.496000	0.330246
258.560000	0.330246
258.624000	0.330246
258.688000	0.330246
258.752000	0.330246
258.816000	0.330246
258.880000	0.330246
258.944000	0.330246
259.008000	0.330246
259.072000	0.330246
259.136000	0.330246
259.200000	0.330246
259.264000	0.330246
259.328000	0.330246
259.392000	0.330246
259.456000	0.330246
259.520000	0.330246
259.584000	0.330246
259.648000	0.330246
259.712000	0.330246
259.776000	0.330246
259.840000	0.330246
259.904000	0.330246
259.968000	0.330246
260.032000	0.330246
260.096000	0.330246
260.160000	0.330246
260.224000	0.330246
260.288000	0.330246
260.352000	0.330246
260.416000	0.330246
260.480000	0.330246
260.544000	0.330246
260.608000	0.330246
260.672000	0.330246
260.736000	0.330246
260.800000	0.330246
260.864000	0.330246
260.928000	0.330246
260.992000	0.330246
261.056000	0.330246
261.120000	0.234808
261.184000	0.234808
261.248000	0.234808
261.312000	0.216745
261.376000	0.216745
261.440000	0.216745
261.504000	0.216745
261.568000	0.216745
261.632000	0.216745
261.696000	0.216745
261.760000	0.216745
261.824000	0.216745
261.888000	0.216745
261.952000	0.216745
262.016000	0.216745
262.080000	0.216745
262.144000	0.216745
262.208000	0.216745
262.272000	0.188120
262.336000	0.188120
262.400000	0.170967
262.464000	0.170967
262.528000	0.170967
262.592000	0.170967
262.656000	0.170967
262.720000	0.170967
262.784000	0.170967
262.848000	0.170967
262.912000	0.170967
262.976000	0.170967
263.040000	0.170967
263.104000	0.170967
263.168000	0.170967
263.232000	0.170967
263.296000	0.170967
263.360000	0.170967
263.424000	0.170967
263.488000	0.170967
263.552000	0.170967
263.616000	0.170967
263.680000	0.170967
263.744000	0.170967
263.808000	0.170967
263.872000	0.170967
263.936000	0.170967
264.000000	0.170967
264.064000	0.170967
264.128000	0.170967
264.192000	0.170967
264.256000	0.170967
264.320000	0.170967
264.384000	0.170967
264.448000	0.170967
264.512000	0.170967
264.576000	0.170967
264.640000	0.170967
264.704000	0.170967
264.768000	0.170967
264.832000	0.170967
264.896000	0.170967
264.960000	0.170967
265.024000	0.170967
265.088000	0.170967
265.152000	0.170967
265.216000	0.170967
265.280000	0.170967
265.344000	0.170967
265.408000	0.170967
265.472000	0.170967
265.536000	0.170967
265.600000	0.170967
265.664000	0.170967
265.728000	0.170967
265.792000	0.170967
265.856000	0.170967
265.920000	0.170967
265.984000	0.170967
266.048000	0.170967
266.112000	0.170967
266.176000	0.170967
266.240000	0.170967
266.304000	0.170967
266.368000	0.170967
266.432000	0.170967
266.496000	0.170967
266.560000	0.170967
266.624000	0.170967
266.688000	0.170967
266.752000	0.170967
266.816000	0.170967
266.880000	0.170967
266.944000	0.170967
267.008000	0.170967
267.072000	0.170967
267.136000	0.170967
267.200000	0.170967
267.264000	0.170967
267.328000	0.170967
267.392000	0.170967
267.456000	0.170967
267.520000	0.170967
267.584000	0.170967
267.648000	0.170967
267.712000	0.170967
267.776000	0.170967
267.840000	0.170967
267.904000	0.170967
267.968000	0.170967
268.032000	0.170967
268.096000	0.170967
268.160000	0.170967
268.224000	0.170967
268.288000	0.170967
268.352000	0.170967
268.416000	0.170967
268.480000	0.170967
268.544000	0.170967
268.608000	0.170967
268.672000	0.170967
268.736000	0.170967
268.800000	0.197389
268.864000	0.197389
268.928000	0.197389
268.992000	0.197389
269.056000	0.197389
269.120000	0.197389
269.184000	0.197389
269.248000	0.197389
269.312000	0.197389
269.376000	0.197389
269.440000	0.197389
269.504000	0.197389
269.568000	0.197389
269.632000	0.197389
269.696000	0.197389
269.760000	0.197389
269.824000	0.197389
269.888000	0.197389
269.952000	0.197389
270.016000	0.197389
270.080000	0.197389
270.144000	0.197389
270.208000	0.197389
270.272000	0.197389
270.336000	0.198494
270.400000	0.198494
270.464000	0.198494
270.528000	0.198494
270.592000	0.198494
270.656000	0.198494
270.720000	0.198494
270.784000	0.198494
270.848000	0.198494
270.912000	0.198494
270.976000	0.198494
271.040000	0.198494
271.104000	0.198494
271.168000	0.198494
271.232000	0.198494
271.296000	0.198494
271.360000	0.198494
271.424000	0.198494
271.488000	0.198494
271.552000	0.198494
271.616000	0.198494
271.680000	0.198494
271.744000	0.198494
271.808000	0.198494
271.872000	0.198494
271.936000	0.198494
272.000000	0.198494
272.064000	0.198494
272.128000	0.198494
272.192000	0.198494
272.256000	0.198494
272.320000	0.198494
272.384000	0.198494
272.448000	0.198494
272.512000	0.198494
272.576000	0.198494
272.640000	0.198494
272.704000	0.198494
272.768000	0.198494
272.832000	0.198494
272.896000	0.198494
272.960000	0.198494
273.024000	0.198494
273.088000	0.198494
273.152000	0.198494
273.216000	0.198494
273.280000	0.198494
273.344000	0.198494
273.408000	0.198494
273.472000	0.198494
273.536000	0.198494
273.600000	0.198494
273.664000	0.198494
273.728000	0.198494
273.792000	0.198494
273.856000	0.198494
273.920000	0.198494
273.984000	0.198494
274.048000	0.198494
274.112000	0.198494
274.176000	0.198494
274.240000	0.198494
274.304000	0.198494
274.368000	0.198494
274.432000	0.195848
274.496000	0.195848
274.560000	0.195848
274.624000	0.195848
274.688000	0.195848
274.752000	0.195848
274.816000	0.195848
274.880000	0.195848
274.944000	0.195848
275.008000	0.195848
275.072000	0.195848
275.136000	0.195848
275.200000	0.195848
275.264000	0.195848
275.328000	0.195848
275.392000	0.157064
275.456000	0.157064
275.520000	0.157064
275.584000	0.157064
275.648000	0.157064
275.712000	0.157064
275.776000	0.157064
275.840000	0.157064
275.904000	0.157064
275.968000	0.157064
276.032000	0.157064
276.096000	0.157064
276.160000	0.157064
276.224000	0.157064
276.288000	0.157064
276.352000	0.157064
276.416000	0.111788
276.480000	0.089673
276.544000	0.089673
276.608000	0.089673
276.672000	0.089673
276.736000	0.089673
276.800000	0.089673
276.864000	0.089673
276.928000	0.089673
276.992000	0.089673
277.056000	0.089673
277.120000	0.089673
277.184000	0.089673
277.248000	0.089673
277.312000	0.089673
277.376000	0.089673
277.440000	0.089673
277.504000	0.089673
277.568000	0.089673
277.632000	0.089673
277.696000	0.089673
277.760000	0.089673
277.824000	0.089673
277.888000	0.089673
277.952000	0.089673
278.016000	0.089673
278.080000	0.089673
278.144000	0.089673
278.208000	0.089673
278.272000	0.089673
278.336000	0.089673
278.400000	0.089673
278.464000	0.089673
278.528000	0.089673
278.592000	0.089673
278.656000	0.089673
278.720000	0.089673
278.784000	0.089673
278.848000	0.089673
278.912000	0.089673
278.976000	0.089673
279.040000	0.089673
279.104000	0.089673
279.168000	0.089673
279.232000	0.089673
279.296000	0.089673
279.360000	0.089673
279.424000	0.089673
279.488000	0.089673
279.552000	0.089673
279.616000	0.089673
279.680000	0.089673
279.744000	0.089673
279.808000	0.089673
279.872000	0.089673
279.936000	0.089673
280.000000	0.089673
280.064000	0.089673
280.128000	0.089673
280.192000	0.089673
280.256000	0.089673
280.320000	0.089673
280.384000	0.089673
280.448000	0.089673
280.512000	0.000000
280.576000	0.000000
280.640000	0.000000
280.704000	0.000000
280.768000	0.000000
280.832000	0.000000
280.896000	0.000000
280.960000	0.000000
281.024000	0.000000
281.088000	0.000000
281.152000	0.000000
281.216000	0.000000
281.280000	0.000000
281.344000	0.000000
281.408000	0.000000
281.472000	0.000000
281.536000	0.000000
281.600000	0.000000
281.664000	0.000000
281.728000	0.000000
281.792000	0.000000
281.856000	0.000000
281.920000	0.000000
281.984000	0.000000
282.048000	0.000000
282.112000	0.000000
282.176000	0.000000
282.240000	0.000000
282.304000	0.000000
282.368000	0.000000
282.432000	0.000000
282.496000	0.000000
282.560000	0.000000
282.624000	0.000000
282.688000	0.000000
282.752000	0.000000
282.816000	0.000000
282.880000	0.000000
282.944000	0.000000
283.008000	0.000000
283.072000	0.000000
283.136000	0.000000
283.200000	0.000000
283.264000	0.000000
283.328000	0.000000
283.392000	0.000000
283.456000	0.000000
283.520000	0.000000
283.584000	0.000000
283.648000	0.000000
