0.064000	0.000000
0.128000	0.000000
0.192000	0.000000
0.256000	0.000000
0.320000	0.000000
0.384000	0.000000
0.448000	0.000000
0.512000	0.000000
0.576000	0.000000
0.640000	0.000000
0.704000	0.000000
0.768000	0.000000
0.832000	0.000000
0.896000	0.000000
0.960000	0.000000
1.024000	0.000000
1.088000	0.000000
1.152000	0.000000
1.216000	0.000000
1.280000	0.000000
1.344000	0.000000
1.408000	0.000000
1.472000	0.000000
1.536000	0.000000
1.600000	0.000000
1.664000	0.000000
1.728000	0.000000
1.792000	0.000000
1.856000	0.000000
1.920000	0.000000
1.984000	0.000000
2.048000	0.000000
2.112000	0.000000
2.176000	0.000000
2.240000	0.000000
2.304000	0.000000
2.368000	0.000000
2.432000	0.000000
2.496000	0.000000
2.560000	0.000000
2.624000	0.000000
2.688000	0.000000
2.752000	0.000000
2.816000	0.000000
2.880000	0.000000
2.944000	0.000000
3.008000	0.000000
3.072000	0.000000
3.136000	0.000000
3.200000	0.000000
3.264000	0.043128
3.328000	0.069077
3.392000	0.069077
3.456000	0.069077
3.520000	0.069077
3.584000	0.069077
3.648000	0.069077
3.712000	0.069077
3.776000	0.069077
3.840000	0.069077
3.904000	0.069077
3.968000	0.069077
4.032000	0.069077
4.096000	0.069077
4.160000	0.069077
4.224000	0.069077
4.288000	0.069077
4.352000	0.069077
4.416000	0.069077
4.480000	0.069077
4.544000	0.069077
4.608000	0.069077
4.672000	0.069077
4.736000	0.069077
4.800000	0.069077
4.864000	0.069077
4.928000	0.069077
4.992000	0.069077
5.056000	0.069077
5.120000	0.069077
5.184000	0.047796
5.248000	0.047796
5.312000	0.047796
5.376000	0.047796
5.440000	0.047796
5.504000	0.047796
5.568000	0.047796
5.632000	0.047796
5.696000	0.047796
5.760000	0.047796
5.824000	0.047796
5.888000	0.047796
5.952000	0.047796
6.016000	0.046220
6.080000	0.046220
6.144000	0.046220
6.208000	0.046220
6.272000	0.046220
6.336000	0.046220
6.400000	0.046220
6.464000	0.046220
6.528000	0.046220
6.592000	0.046220
6.656000	0.046220
6.720000	0.046220
6.784000	0.046220
6.848000	0.046220
6.912000	0.046220
6.976000	0.046220
7.040000	0.046220
7.104000	0.046220
7.168000	0.046220
7.232000	0.046220
7.296000	0.046220
7.360000	0.046220
7.424000	0.046220
7.488000	0.046220
7.552000	0.046220
7.616000	0.046220
7.680000	0.046220
7.744000	0.046220
7.808000	0.046220
7.872000	0.046220
7.936000	0.046220
8.000000	0.046220
8.064000	0.046220
8.128000	0.046220
8.192000	0.046220
8.256000	0.046220
8.320000	0.046220
8.384000	0.046220
8.448000	0.046220
8.512000	0.046220
8.576000	0.046220
8.640000	0.046220
8.704000	0.046220
8.768000	0.046220
8.832000	0.046220
8.896000	0.046220
8.960000	0.046220
9.024000	0.046220
9.088000	0.046220
9.152000	0.046220
9.216000	0.046220
9.280000	0.046220
9.344000	0.046220
9.408000	0.046220
9.472000	0.046220
9.536000	0.046220
9.600000	0.046220
9.664000	0.046220
9.728000	0.046220
9.792000	0.046220
9.856000	0.046220
9.920000	0.046220
9.984000	0.046220
10.048000	0.046220
10.112000	0.046220
10.176000	0.046220
10.240000	0.046220
10.304000	0.046220
10.368000	0.042504
10.432000	0.042504
10.496000	0.042504
10.560000	0.042504
10.624000	0.042504
10.688000	0.042504
10.752000	0.042504
10.816000	0.042504
10.880000	0.042504
10.944000	0.042504
11.008000	0.042504
11.072000	0.042504
11.136000	0.042504
11.200000	0.042504
11.264000	0.042504
11.328000	0.042504
11.392000	0.042504
11.456000	0.042504
11.520000	0.042504
11.584000	0.042504
11.648000	0.042504
11.712000	0.042504
11.776000	0.042504
11.840000	0.042504
11.904000	0.042504
11.968000	0.042504
12.032000	0.042504
12.096000	0.042504
12.160000	0.042504
12.224000	0.042504
12.288000	0.042504
12.352000	0.042504
12.416000	0.042504
12.480000	0.042504
12.544000	0.042504
12.608000	0.042504
12.672000	0.042504
12.736000	0.042504
12.800000	0.042504
12.864000	0.042504
12.928000	0.042504
12.992000	0.042504
13.056000	0.042504
13.120000	0.042504
13.184000	0.042504
13.248000	0.042504
13.312000	0.042504
13.376000	0.042504
13.440000	0.042504
13.504000	0.042504
13.568000	0.042504
13.632000	0.042504
13.696000	0.042504
13.760000	0.042504
13.824000	0.042504
13.888000	0.042504
13.952000	0.042504
14.016000	0.042504
14.080000	0.042504
14.144000	0.042504
14.208000	0.042504
14.272000	0.042504
14.336000	0.042504
14.400000	0.042504
14.464000	0.042504
14.528000	0.042504
14.592000	0.042504
14.656000	0.042504
14.720000	0.042504
14.784000	0.042504
14.848000	0.042504
14.912000	0.042504
14.976000	0.042504
15.040000	0.042504
15.104000	0.042504
15.168000	0.042504
15.232000	0.042504
15.296000	0.042504
15.360000	0.042504
15.424000	0.042504
15.488000	0.042504
15.552000	0.042504
15.616000	0.042504
15.680000	0.042504
15.744000	0.042504
15.808000	0.042504
15.872000	0.042504
15.936000	0.042504
16.000000	0.042504
16.064000	0.042504
16.128000	0.042504
16.192000	0.042504
16.256000	0.042504
16.320000	0.042504
16.384000	0.042504
16.448000	0.042504
16.512000	0.042504
16.576000	0.042504
16.640000	0.042504
16.704000	0.042504
16.768000	0.072024
16.832000	0.072024
16.896000	0.072024
16.960000	0.072024
17.024000	0.072024
17.088000	0.072024
17.152000	0.072024
17.216000	0.072024
17.280000	0.072024
17.344000	0.072024
17.408000	0.072024
17.472000	0.072024
17.536000	0.072024
17.600000	0.098793
17.664000	0.098793
17.728000	0.098793
17.792000	0.098793
17.856000	0.098793
17.920000	0.098793
17.984000	0.098793
18.048000	0.098793
18.112000	0.098793
18.176000	0.098793
18.240000	0.098793
18.304000	0.098793
18.368000	0.098793
18.432000	0.098793
18.496000	0.098793
18.560000	0.098793
18.624000	0.100787
18.688000	0.100787
18.752000	0.100787
18.816000	0.100787
18.880000	0.100787
18.944000	0.100787
19.008000	0.100787
19.072000	0.100787
19.136000	0.100787
19.200000	0.100787
19.264000	0.100787
19.328000	0.100787
19.392000	0.100787
19.456000	0.100787
19.520000	0.100787
19.584000	0.100787
19.648000	0.100787
19.712000	0.100787
19.776000	0.100787
19.840000	0.100787
19.904000	0.100787
19.968000	0.100787
20.032000	0.100787
20.096000	0.100787
20.160000	0.100787
20.224000	0.100787
20.288000	0.100787
20.352000	0.100787
20.416000	0.100787
20.480000	0.116994
20.544000	0.116994
20.608000	0.116994
20.672000	0.116994
20.736000	0.116994
20.800000	0.116994
20.864000	0.096298
20.928000	0.096298
20.992000	0.089556
21.056000	0.089556
21.120000	0.089556
21.184000	0.089556
21.248000	0.089556
21.312000	0.089556
21.376000	0.089556
21.440000	0.089556
21.504000	0.089556
21.568000	0.089556
21.632000	0.089556
21.696000	0.089556
21.760000	0.089556
21.824000	0.089556
21.888000	0.089556
21.952000	0.089556
22.016000	0.089556
22.080000	0.089556
22.144000	0.089556
22.208000	0.089556
22.272000	0.089556
22.336000	0.089556
22.400000	0.089556
22.464000	0.089556
22.528000	0.089556
22.592000	0.089556
22.656000	0.085163
22.720000	0.085163
22.784000	0.085163
22.848000	0.085163
22.912000	0.085163
22.976000	0.085163
23.040000	0.085163
23.104000	0.085163
23.168000	0.085163
23.232000	0.085163
23.296000	0.085163
23.360000	0.085163
23.424000	0.085163
23.488000	0.085163
23.552000	0.085163
23.616000	0.085163
23.680000	0.085163
23.744000	0.085163
23.808000	0.085163
23.872000	0.085163
23.936000	0.085163
24.000000	0.085163
24.064000	0.085163
24.128000	0.085163
24.192000	0.085163
24.256000	0.085163
24.320000	0.085163
24.384000	0.085163
24.448000	0.085163
24.512000	0.085163
24.576000	0.085163
24.640000	0.085163
24.704000	0.085163
24.768000	0.085163
24.832000	0.085163
24.896000	0.085163
24.960000	0.085163
25.024000	0.085163
25.088000	0.085163
25.152000	0.085163
25.216000	0.085163
25.280000	0.085163
25.344000	0.085163
25.408000	0.085163
25.472000	0.085163
25.536000	0.085163
25.600000	0.085163
25.664000	0.085163
25.728000	0.085163
25.792000	0.085163
25.856000	0.085163
25.920000	0.085163
25.984000	0.085163
26.048000	0.085163
26.112000	0.085163
26.176000	0.085163
26.240000	0.085163
26.304000	0.085163
26.368000	0.085163
26.432000	0.085163
26.496000	0.085163
26.560000	0.085163
26.624000	0.085163
26.688000	0.085163
26.752000	0.085163
26.816000	0.085163
26.880000	0.085163
26.944000	0.085163
27.008000	0.085163
27.072000	0.085163
27.136000	0.085163
27.200000	0.085163
27.264000	0.085163
27.328000	0.085163
27.392000	0.085163
27.456000	0.085163
27.520000	0.085163
27.584000	0.085163
27.648000	0.085163
27.712000	0.085163
27.776000	0.085163
27.840000	0.085163
27.904000	0.085163
27.968000	0.085163
28.032000	0.085163
28.096000	0.085163
28.160000	0.085163
28.224000	0.085163
28.288000	0.085163
28.352000	0.085163
28.416000	0.085163
28.480000	0.085163
28.544000	0.085163
28.608000	0.085163
28.672000	0.085163
28.736000	0.085163
28.800000	0.085163
28.864000	0.085163
28.928000	0.085163
28.992000	0.085163
29.056000	0.097521
29.120000	0.097521
29.184000	0.097521
29.248000	0.079292
29.312000	0.079292
29.376000	0.079292
29.440000	0.079292
29.504000	0.079292
29.568000	0.079292
29.632000	0.079292
29.696000	0.079292
29.760000	0.079292
29.824000	0.078433
29.888000	0.078433
29.952000	0.078433
30.016000	0.078433
30.080000	0.070703
30.144000	0.070703
30.208000	0.070703
30.272000	0.070703
30.336000	0.070703
30.400000	0.070703
30.464000	0.068347
30.528000	0.068347
30.592000	0.068347
30.656000	0.068347
30.720000	0.068347
30.784000	0.068347
30.848000	0.068347
30.912000	0.068347
30.976000	0.068347
31.040000	0.068347
31.104000	0.068347
31.168000	0.068347
31.232000	0.068347
31.296000	0.068347
31.360000	0.068347
31.424000	0.068347
31.488000	0.068347
31.552000	0.068347
31.616000	0.068347
31.680000	0.068347
31.744000	0.068347
31.808000	0.068347
31.872000	0.068347
31.936000	0.068347
32.000000	0.068347
32.064000	0.068347
32.128000	0.068347
32.192000	0.068347
32.256000	0.068347
32.320000	0.068347
32.384000	0.068347
32.448000	0.068347
32.512000	0.068347
32.576000	0.068347
32.640000	0.068347
32.704000	0.068347
32.768000	0.068347
32.832000	0.068347
32.896000	0.068347
32.960000	0.068347
33.024000	0.068347
33.088000	0.068347
33.152000	0.068347
33.216000	0.068347
33.280000	0.068347
33.344000	0.068347
33.408000	0.068347
33.472000	0.068347
33.536000	0.068347
33.600000	0.068347
33.664000	0.068347
33.728000	0.068347
33.792000	0.068347
33.856000	0.068347
33.920000	0.068347
33.984000	0.068347
34.048000	0.068347
34.112000	0.068347
34.176000	0.068347
34.240000	0.068347
34.304000	0.068347
34.368000	0.068347
34.432000	0.068347
34.496000	0.068347
34.560000	0.068347
34.624000	0.068347
34.688000	0.068347
34.752000	0.068347
34.816000	0.068347
34.880000	0.068347
34.944000	0.068347
35.008000	0.068347
35.072000	0.068347
35.136000	0.068347
35.200000	0.068347
35.264000	0.068347
35.328000	0.068347
35.392000	0.068347
35.456000	0.068347
35.520000	0.068347
35.584000	0.068347
35.648000	0.068347
35.712000	0.068347
35.776000	0.068347
35.840000	0.068347
35.904000	0.068347
35.968000	0.068347
36.032000	0.068347
36.096000	0.068347
36.160000	0.068347
36.224000	0.068347
36.288000	0.068347
36.352000	0.068347
36.416000	0.068347
36.480000	0.068347
36.544000	0.068347
36.608000	0.068347
36.672000	0.068347
36.736000	0.068347
36.800000	0.068347
36.864000	0.072251
36.928000	0.072251
36.992000	0.072251
37.056000	0.072251
37.120000	0.072251
37.184000	0.072251
37.248000	0.127218
37.312000	0.127218
37.376000	0.127218
37.440000	0.127218
37.504000	0.127218
37.568000	0.127218
37.632000	0.127218
37.696000	0.127218
37.760000	0.127218
37.824000	0.127218
37.888000	0.127218
37.952000	0.127218
38.016000	0.127218
38.080000	0.127218
38.144000	0.127218
38.208000	0.127218
38.272000	0.127218
38.336000	0.127218
38.400000	0.127218
38.464000	0.127218
38.528000	0.127218
38.592000	0.127218
38.656000	0.127218
38.720000	0.127218
38.784000	0.127218
38.848000	0.127218
38.912000	0.127218
38.976000	0.127218
39.040000	0.127218
39.104000	0.127218
39.168000	0.127218
39.232000	0.127218
39.296000	0.127218
39.360000	0.127218
39.424000	0.127218
39.488000	0.127218
39.552000	0.127218
39.616000	0.127218
39.680000	0.127218
39.744000	0.127218
39.808000	0.127218
39.872000	0.201143
39.936000	0.201143
40.000000	0.201143
40.064000	0.201143
40.128000	0.201143
40.192000	0.201143
40.256000	0.201143
40.320000	0.201143
40.384000	0.201143
40.448000	0.201143
40.512000	0.201143
40.576000	0.201143
40.640000	0.201143
40.704000	0.201143
40.768000	0.201143
40.832000	0.201143
40.896000	0.201143
40.960000	0.201143
41.024000	0.201143
41.088000	0.201143
41.152000	0.201143
41.216000	0.201143
41.280000	0.201143
41.344000	0.201143
41.408000	0.201143
41.472000	0.201143
41.536000	0.201143
41.600000	0.201143
41.664000	0.201143
41.728000	0.201143
41.792000	0.201143
41.856000	0.201143
41.920000	0.201143
41.984000	0.201143
42.048000	0.201143
42.112000	0.201143
42.176000	0.201143
42.240000	0.201143
42.304000	0.201143
42.368000	0.201143
42.432000	0.201143
42.496000	0.201143
42.560000	0.201143
42.624000	0.201143
42.688000	0.201143
42.752000	0.201143
42.816000	0.201143
42.880000	0.201143
42.944000	0.201143
43.008000	0.201143
43.072000	0.300636
43.136000	0.433228
43.200000	0.433228
43.264000	0.433228
43.328000	0.433228
43.392000	0.433228
43.456000	0.433228
43.520000	0.433228
43.584000	0.433228
43.648000	0.248195
43.712000	0.248195
43.776000	0.248195
43.840000	0.248195
43.904000	0.248195
43.968000	0.248195
44.032000	0.248195
44.096000	0.248195
44.160000	0.248195
44.224000	0.248195
44.288000	0.248195
44.352000	0.248195
44.416000	0.248195
44.480000	0.248195
44.544000	0.248195
44.608000	0.248195
44.672000	0.248195
44.736000	0.248195
44.800000	0.248195
44.864000	0.248195
44.928000	0.248195
44.992000	0.248195
45.056000	0.248195
45.120000	0.248195
45.184000	0.248195
45.248000	0.248195
45.312000	0.248195
45.376000	0.248195
45.440000	0.248195
45.504000	0.248195
45.568000	0.248195
45.632000	0.248195
45.696000	0.248195
45.760000	0.248195
45.824000	0.248195
45.888000	0.248195
45.952000	0.248195
46.016000	0.248195
46.080000	0.248195
46.144000	0.248195
46.208000	0.248195
46.272000	0.248195
46.336000	0.248195
46.400000	0.248195
46.464000	0.248195
46.528000	0.248195
46.592000	0.248195
46.656000	0.248195
46.720000	0.248195
46.784000	0.248195
46.848000	0.248195
46.912000	0.248195
46.976000	0.248195
47.040000	0.248195
47.104000	0.248195
47.168000	0.248195
47.232000	0.248195
47.296000	0.248195
47.360000	0.248195
47.424000	0.248195
47.488000	0.248195
47.552000	0.248195
47.616000	0.248195
47.680000	0.248195
47.744000	0.248195
47.808000	0.248195
47.872000	0.248195
47.936000	0.248195
48.000000	0.248195
48.064000	0.248195
48.128000	0.248195
48.192000	0.248195
48.256000	0.248195
48.320000	0.248195
48.384000	0.248195
48.448000	0.248195
48.512000	0.248195
48.576000	0.248195
48.640000	0.248195
48.704000	0.248195
48.768000	0.248195
48.832000	0.248195
48.896000	0.248195
48.960000	0.248195
49.024000	0.248195
49.088000	0.248195
49.152000	0.248195
49.216000	0.248195
49.280000	0.248195
49.344000	0.248195
49.408000	0.248195
49.472000	0.248195
49.536000	0.248195
49.600000	0.248195
49.664000	0.248195
49.728000	0.193494
49.792000	0.193494
49.856000	0.193494
49.920000	0.193494
49.984000	0.193494
50.048000	0.193494
50.112000	0.193494
50.176000	0.193494
50.240000	0.193494
50.304000	0.193494
50.368000	0.193494
50.432000	0.193494
50.496000	0.193494
50.560000	0.193494
50.624000	0.193494
50.688000	0.193494
50.752000	0.193494
50.816000	0.193494
50.880000	0.193494
50.944000	0.193494
51.008000	0.193494
51.072000	0.193494
51.136000	0.193494
51.200000	0.193494
51.264000	0.193494
51.328000	0.193494
51.392000	0.193494
51.456000	0.193494
51.520000	0.193494
51.584000	0.193494
51.648000	0.193494
51.712000	0.193494
51.776000	0.193494
51.840000	0.193494
51.904000	0.193494
51.968000	0.193494
52.032000	0.193494
52.096000	0.193494
52.160000	0.193494
52.224000	0.193494
52.288000	0.193494
52.352000	0.193494
52.416000	0.193494
52.480000	0.193494
52.544000	0.193494
52.608000	0.193494
52.672000	0.193494
52.736000	0.193494
52.800000	0.193494
52.864000	0.193494
52.928000	0.193494
52.992000	0.193494
53.056000	0.193494
53.120000	0.193494
53.184000	0.193494
53.248000	0.193494
53.312000	0.193494
53.376000	0.193494
53.440000	0.193494
53.504000	0.193494
53.568000	0.193494
53.632000	0.193494
53.696000	0.193494
53.760000	0.193494
53.824000	0.193494
53.888000	0.193494
53.952000	0.193494
54.016000	0.193494
54.080000	0.193494
54.144000	0.193494
54.208000	0.193494
54.272000	0.193494
54.336000	0.193494
54.400000	0.193494
54.464000	0.193494
54.528000	0.193494
54.592000	0.193494
54.656000	0.193494
54.720000	0.138052
54.784000	0.138052
54.848000	0.138052
54.912000	0.138052
54.976000	0.138052
55.040000	0.138052
55.104000	0.138052
55.168000	0.138052
55.232000	0.138052
55.296000	0.138052
55.360000	0.138052
55.424000	0.138052
55.488000	0.138052
55.552000	0.138052
55.616000	0.138052
55.680000	0.138052
55.744000	0.138052
55.808000	0.138052
55.872000	0.138052
55.936000	0.138052
56.000000	0.138052
56.064000	0.138052
56.128000	0.138052
56.192000	0.138052
56.256000	0.138052
56.320000	0.138052
56.384000	0.138052
56.448000	0.138052
56.512000	0.138052
56.576000	0.138052
56.640000	0.138052
56.704000	0.138052
56.768000	0.138052
56.832000	0.138052
56.896000	0.138052
56.960000	0.138052
57.024000	0.138052
57.088000	0.138052
57.152000	0.138052
57.216000	0.138052
57.280000	0.138052
57.344000	0.138052
57.408000	0.138052
57.472000	0.138052
57.536000	0.138052
57.600000	0.138052
57.664000	0.138052
57.728000	0.138052
57.792000	0.138052
57.856000	0.138052
57.920000	0.138052
57.984000	0.138052
58.048000	0.138052
58.112000	0.138052
58.176000	0.138052
58.240000	0.138052
58.304000	0.138052
58.368000	0.138052
58.432000	0.138052
58.496000	0.138052
58.560000	0.138052
58.624000	0.138052
58.688000	0.138052
58.752000	0.138052
58.816000	0.138052
58.880000	0.138052
58.944000	0.138052
59.008000	0.138052
59.072000	0.138052
59.136000	0.138052
59.200000	0.138052
59.264000	0.138052
59.328000	0.138052
59.392000	0.138052
59.456000	0.138052
59.520000	0.138052
59.584000	0.138052
59.648000	0.138052
59.712000	0.138052
59.776000	0.138052
59.840000	0.138052
59.904000	0.138052
59.968000	0.138052
60.032000	0.138052
60.096000	0.138052
60.160000	0.138052
60.224000	0.138052
60.288000	0.138052
60.352000	0.138052
60.416000	0.138052
60.480000	0.138052
60.544000	0.138052
60.608000	0.138052
60.672000	0.138052
60.736000	0.138052
60.800000	0.138052
60.864000	0.138052
60.928000	0.138052
60.992000	0.138052
61.056000	0.138052
61.120000	0.139728
61.184000	0.139728
61.248000	0.139728
61.312000	0.139728
61.376000	0.139728
61.440000	0.139728
61.504000	0.140303
61.568000	0.140303
61.632000	0.157639
61.696000	0.157639
61.760000	0.157639
61.824000	0.157639
61.888000	0.157639
61.952000	0.157639
62.016000	0.157639
62.080000	0.157639
62.144000	0.157639
62.208000	0.157639
62.272000	0.157639
62.336000	0.157639
62.400000	0.157639
62.464000	0.157639
62.528000	0.157639
62.592000	0.157639
62.656000	0.157639
62.720000	0.157639
62.784000	0.157639
62.848000	0.157639
62.912000	0.157639
62.976000	0.157639
63.040000	0.157639
63.104000	0.157639
63.168000	0.157639
63.232000	0.157639
63.296000	0.194564
63.360000	0.194564
63.424000	0.194564
63.488000	0.194564
63.552000	0.194564
63.616000	0.194564
63.680000	0.194564
63.744000	0.194564
63.808000	0.194564
63.872000	0.194564
63.936000	0.194564
64.000000	0.194564
64.064000	0.194564
64.128000	0.194564
64.192000	0.194564
64.256000	0.194564
64.320000	0.194564
64.384000	0.194564
64.448000	0.194564
64.512000	0.081533
64.576000	0.081533
64.640000	0.081533
64.704000	0.081533
64.768000	0.081533
64.832000	0.081533
64.896000	0.081533
64.960000	0.081533
65.024000	0.081533
65.088000	0.081533
65.152000	0.081533
65.216000	0.081533
65.280000	0.081533
65.344000	0.081533
65.408000	0.081533
65.472000	0.081533
65.536000	0.081533
65.600000	0.081533
65.664000	0.081533
65.728000	0.081533
65.792000	0.081533
65.856000	0.081533
65.920000	0.081533
65.984000	0.081533
66.048000	0.081533
66.112000	0.081533
66.176000	0.081533
66.240000	0.081533
66.304000	0.081533
66.368000	0.081533
66.432000	0.081533
66.496000	0.081533
66.560000	0.081533
66.624000	0.081533
66.688000	0.081533
66.752000	0.081533
66.816000	0.081533
66.880000	0.081533
66.944000	0.081533
67.008000	0.081533
67.072000	0.081533
67.136000	0.081533
67.200000	0.081533
67.264000	0.081533
67.328000	0.081533
67.392000	0.081533
67.456000	0.081533
67.520000	0.081533
67.584000	0.081533
67.648000	0.081533
67.712000	0.081533
67.776000	0.081533
67.840000	0.081533
67.904000	0.081533
67.968000	0.081533
68.032000	0.081533
68.096000	0.081533
68.160000	0.081533
68.224000	0.081533
68.288000	0.081533
68.352000	0.081533
68.416000	0.081533
68.480000	0.081533
68.544000	0.081533
68.608000	0.081533
68.672000	0.081533
68.736000	0.081533
68.800000	0.081533
68.864000	0.081533
68.928000	0.081533
68.992000	0.081533
69.056000	0.081533
69.120000	0.081533
69.184000	0.081533
69.248000	0.081533
69.312000	0.081533
69.376000	0.081533
69.440000	0.081533
69.504000	0.081533
69.568000	0.081533
69.632000	0.081533
69.696000	0.081533
69.760000	0.081533
69.824000	0.081533
69.888000	0.081533
69.952000	0.081533
70.016000	0.081533
70.080000	0.081533
70.144000	0.081533
70.208000	0.081533
70.272000	0.081533
70.336000	0.081533
70.400000	0.081533
70.464000	0.081533
70.528000	0.081533
70.592000	0.081533
70.656000	0.081533
70.720000	0.081533
70.784000	0.081533
70.848000	0.081533
70.912000	0.104967
70.976000	0.120264
71.040000	0.120264
71.104000	0.120264
71.168000	0.120264
71.232000	0.120264
71.296000	0.120264
71.360000	0.120264
71.424000	0.120264
71.488000	0.120264
71.552000	0.120264
71.616000	0.120264
71.680000	0.120264
71.744000	0.120264
71.808000	0.120264
71.872000	0.120264
71.936000	0.120264
72.000000	0.120264
72.064000	0.120264
72.128000	0.120264
72.192000	0.120264
72.256000	0.120264
72.320000	0.120264
72.384000	0.120264
72.448000	0.120264
72.512000	0.120264
72.576000	0.120264
72.640000	0.120264
72.704000	0.120264
72.768000	0.120264
72.832000	0.120264
72.896000	0.120264
72.960000	0.120264
73.024000	0.120264
73.088000	0.120264
73.152000	0.120264
73.216000	0.120264
73.280000	0.120264
73.344000	0.120264
73.408000	0.120264
73.472000	0.120264
73.536000	0.120264
73.600000	0.120264
73.664000	0.120264
73.728000	0.120264
73.792000	0.120264
73.856000	0.120264
73.920000	0.120264
73.984000	0.120264
74.048000	0.120264
74.112000	0.120264
74.176000	0.120264
74.240000	0.120264
74.304000	0.120264
74.368000	0.120264
74.432000	0.120264
74.496000	0.120264
74.560000	0.120264
74.624000	0.120264
74.688000	0.120264
74.752000	0.120264
74.816000	0.120264
74.880000	0.120264
74.944000	0.120264
75.008000	0.120264
75.072000	0.120264
75.136000	0.120264
75.200000	0.120264
75.264000	0.120264
75.328000	0.120264
75.392000	0.120264
75.456000	0.120264
75.520000	0.120264
75.584000	0.120264
75.648000	0.120264
75.712000	0.120264
75.776000	0.120264
75.840000	0.120264
75.904000	0.120264
75.968000	0.141594
76.032000	0.234803
76.096000	0.437170
76.160000	0.437170
76.224000	0.437170
76.288000	0.437170
76.352000	0.437170
76.416000	0.437170
76.480000	0.453172
76.544000	0.453172
76.608000	0.453172
76.672000	0.453172
76.736000	0.453172
76.800000	0.414213
76.864000	0.414213
76.928000	0.414213
76.992000	0.414213
77.056000	0.414213
77.120000	0.258339
77.184000	0.258339
77.248000	0.258339
77.312000	0.258339
77.376000	0.258339
77.440000	0.258339
77.504000	0.258339
77.568000	0.258339
77.632000	0.258339
77.696000	0.258339
77.760000	0.258339
77.824000	0.258339
77.888000	0.258339
77.952000	0.258339
78.016000	0.258339
78.080000	0.258339
78.144000	0.258339
78.208000	0.258339
78.272000	0.258339
78.336000	0.258339
78.400000	0.258339
78.464000	0.258339
78.528000	0.258339
78.592000	0.258339
78.656000	0.258339
78.720000	0.258339
78.784000	0.258339
78.848000	0.258339
78.912000	0.258339
78.976000	0.258339
79.040000	0.258339
79.104000	0.258339
79.168000	0.258339
79.232000	0.258339
79.296000	0.258339
79.360000	0.258339
79.424000	0.258339
79.488000	0.258339
79.552000	0.258339
79.616000	0.258339
79.680000	0.258339
79.744000	0.258339
79.808000	0.258339
79.872000	0.258339
79.936000	0.258339
80.000000	0.258339
80.064000	0.258339
80.128000	0.258339
80.192000	0.258339
80.256000	0.258339
80.320000	0.258339
80.384000	0.258339
80.448000	0.258339
80.512000	0.258339
80.576000	0.258339
80.640000	0.258339
80.704000	0.258339
80.768000	0.258339
80.832000	0.258339
80.896000	0.258339
80.960000	0.258339
81.024000	0.258339
81.088000	0.258339
81.152000	0.258339
81.216000	0.258339
81.280000	0.258339
81.344000	0.258339
81.408000	0.258339
81.472000	0.258339
81.536000	0.258339
81.600000	0.258339
81.664000	0.258339
81.728000	0.258339
81.792000	0.258339
81.856000	0.258339
81.920000	0.258339
81.984000	0.258339
82.048000	0.258339
82.112000	0.258339
82.176000	0.258339
82.240000	0.258339
82.304000	0.258339
82.368000	0.258339
82.432000	0.258339
82.496000	0.258339
82.560000	0.258339
82.624000	0.258339
82.688000	0.258339
82.752000	0.258339
82.816000	0.258339
82.880000	0.258339
82.944000	0.258339
83.008000	0.258339
83.072000	0.258339
83.136000	0.258339
83.200000	0.258339
83.264000	0.258339
83.328000	0.258339
83.392000	0.258339
83.456000	0.258339
83.520000	0.363021
83.584000	0.363021
83.648000	0.363021
83.712000	0.363021
83.776000	0.363021
83.840000	0.454160
83.904000	0.454160
83.968000	0.454160
84.032000	0.454160
84.096000	0.454160
84.160000	0.454160
84.224000	0.454160
84.288000	0.454160
84.352000	0.454160
84.416000	0.454160
84.480000	0.454160
84.544000	0.454160
84.608000	0.454160
84.672000	0.454160
84.736000	0.454160
84.800000	0.454160
84.864000	0.454160
84.928000	0.454160
84.992000	0.454160
85.056000	0.454160
85.120000	0.454160
85.184000	0.454160
85.248000	0.454160
85.312000	0.454160
85.376000	0.454160
85.440000	0.454160
85.504000	0.247295
85.568000	0.247295
85.632000	0.247295
85.696000	0.247295
85.760000	0.247295
85.824000	0.247295
85.888000	0.247295
85.952000	0.247295
86.016000	0.247295
86.080000	0.247295
86.144000	0.247295
86.208000	0.247295
86.272000	0.247295
86.336000	0.247295
86.400000	0.247295
86.464000	0.247295
86.528000	0.247295
86.592000	0.247295
86.656000	0.247295
86.720000	0.247295
86.784000	0.247295
86.848000	0.247295
86.912000	0.247295
86.976000	0.247295
87.040000	0.247295
87.104000	0.247295
87.168000	0.247295
87.232000	0.247295
87.296000	0.247295
87.360000	0.247295
87.424000	0.247295
87.488000	0.247295
87.552000	0.247295
87.616000	0.247295
87.680000	0.247295
87.744000	0.247295
87.808000	0.247295
87.872000	0.247295
87.936000	0.247295
88.000000	0.247295
88.064000	0.247295
88.128000	0.247295
88.192000	0.247295
88.256000	0.247295
88.320000	0.247295
88.384000	0.247295
88.448000	0.247295
88.512000	0.247295
88.576000	0.247295
88.640000	0.247295
88.704000	0.247295
88.768000	0.247295
88.832000	0.247295
88.896000	0.247295
88.960000	0.247295
89.024000	0.247295
89.088000	0.247295
89.152000	0.247295
89.216000	0.247295
89.280000	0.247295
89.344000	0.247295
89.408000	0.247295
89.472000	0.247295
89.536000	0.247295
89.600000	0.247295
89.664000	0.247295
89.728000	0.247295
89.792000	0.247295
89.856000	0.247295
89.920000	0.247295
89.984000	0.247295
90.048000	0.247295
90.112000	0.247295
90.176000	0.247295
90.240000	0.247295
90.304000	0.247295
90.368000	0.247295
90.432000	0.247295
90.496000	0.247295
90.560000	0.247295
90.624000	0.247295
90.688000	0.247295
90.752000	0.247295
90.816000	0.247295
90.880000	0.247295
90.944000	0.247295
91.008000	0.247295
91.072000	0.247295
91.136000	0.247295
91.200000	0.247295
91.264000	0.247295
91.328000	0.247295
91.392000	0.247295
91.456000	0.247295
91.520000	0.247295
91.584000	0.247295
91.648000	0.247295
91.712000	0.247295
91.776000	0.247295
91.840000	0.247295
91.904000	0.264292
91.968000	0.264292
92.032000	0.264292
92.096000	0.264292
92.160000	0.264292
92.224000	0.264292
92.288000	0.264292
92.352000	0.264292
92.416000	0.264292
92.480000	0.264292
92.544000	0.264292
92.608000	0.264292
92.672000	0.264292
92.736000	0.264292
92.800000	0.264292
92.864000	0.264292
92.928000	0.264292
92.992000	0.264292
93.056000	0.264292
93.120000	0.312150
93.184000	0.312150
93.248000	0.312150
93.312000	0.312150
93.376000	0.312150
93.440000	0.312150
93.504000	0.312150
93.568000	0.312150
93.632000	0.312150
93.696000	0.312150
93.760000	0.302354
93.824000	0.302354
93.888000	0.228893
93.952000	0.228893
94.016000	0.228893
94.080000	0.228893
94.144000	0.228893
94.208000	0.228893
94.272000	0.228893
94.336000	0.228893
94.400000	0.228893
94.464000	0.228893
94.528000	0.228893
94.592000	0.228893
94.656000	0.228893
94.720000	0.228893
94.784000	0.228893
94.848000	0.228893
94.912000	0.228893
94.976000	0.228893
95.040000	0.228893
95.104000	0.228893
95.168000	0.228893
95.232000	0.228893
95.296000	0.228893
95.360000	0.228893
95.424000	0.226429
95.488000	0.126366
95.552000	0.126366
95.616000	0.126366
95.680000	0.126366
95.744000	0.126366
95.808000	0.126366
95.872000	0.126366
95.936000	0.126366
96.000000	0.126366
96.064000	0.126366
96.128000	0.126366
96.192000	0.126366
96.256000	0.126366
96.320000	0.126366
96.384000	0.126366
96.448000	0.126366
96.512000	0.126366
96.576000	0.126366
96.640000	0.126366
96.704000	0.126366
96.768000	0.126366
96.832000	0.126366
96.896000	0.126366
96.960000	0.126366
97.024000	0.126366
97.088000	0.126366
97.152000	0.126366
97.216000	0.126366
97.280000	0.126366
97.344000	0.126366
97.408000	0.126366
97.472000	0.126366
97.536000	0.126366
97.600000	0.126366
97.664000	0.126366
97.728000	0.126366
97.792000	0.126366
97.856000	0.126366
97.920000	0.126366
97.984000	0.126366
98.048000	0.126366
98.112000	0.126366
98.176000	0.126366
98.240000	0.126366
98.304000	0.126366
98.368000	0.126366
98.432000	0.126366
98.496000	0.126366
98.560000	0.126366
98.624000	0.126366
98.688000	0.126366
98.752000	0.126366
98.816000	0.126366
98.880000	0.126366
98.944000	0.126366
99.008000	0.126366
99.072000	0.126366
99.136000	0.126366
99.200000	0.126366
99.264000	0.126366
99.328000	0.126366
99.392000	0.126366
99.456000	0.126366
99.520000	0.126366
99.584000	0.126366
99.648000	0.126366
99.712000	0.126366
99.776000	0.126366
99.840000	0.126366
99.904000	0.126366
99.968000	0.126366
100.032000	0.126366
100.096000	0.126366
100.160000	0.126366
100.224000	0.126366
100.288000	0.126366
100.352000	0.126366
100.416000	0.126366
100.480000	0.126366
100.544000	0.126366
100.608000	0.126366
100.672000	0.126366
100.736000	0.126366
100.800000	0.126366
100.864000	0.126366
100.928000	0.126366
100.992000	0.126366
101.056000	0.126366
101.120000	0.126366
101.184000	0.126366
101.248000	0.126366
101.312000	0.126366
101.376000	0.126366
101.440000	0.126366
101.504000	0.126366
101.568000	0.126366
101.632000	0.126366
101.696000	0.126366
101.760000	0.126366
101.824000	0.126366
101.888000	0.188766
101.952000	0.188766
102.016000	0.188766
102.080000	0.188766
102.144000	0.188766
102.208000	0.188766
102.272000	0.188766
102.336000	0.188766
102.400000	0.188766
102.464000	0.188766
102.528000	0.188766
102.592000	0.188766
102.656000	0.188766
102.720000	0.160086
102.784000	0.151987
102.848000	0.151987
102.912000	0.151987
102.976000	0.151987
103.040000	0.151987
103.104000	0.151987
103.168000	0.151987
103.232000	0.151987
103.296000	0.151987
103.360000	0.151987
103.424000	0.151987
103.488000	0.151987
103.552000	0.151987
103.616000	0.151987
103.680000	0.151987
103.744000	0.151987
103.808000	0.151987
103.872000	0.151987
103.936000	0.151987
104.000000	0.151987
104.064000	0.151987
104.128000	0.151987
104.192000	0.151987
104.256000	0.151987
104.320000	0.151987
104.384000	0.151987
104.448000	0.151987
104.512000	0.151987
104.576000	0.151987
104.640000	0.151987
104.704000	0.151987
104.768000	0.151987
104.832000	0.151987
104.896000	0.151987
104.960000	0.151987
105.024000	0.151987
105.088000	0.151987
105.152000	0.151987
105.216000	0.151987
105.280000	0.151987
105.344000	0.151987
105.408000	0.151987
105.472000	0.151987
105.536000	0.151987
105.600000	0.151987
105.664000	0.151987
105.728000	0.151987
105.792000	0.151987
105.856000	0.151987
105.920000	0.151987
105.984000	0.151987
106.048000	0.151987
106.112000	0.151987
106.176000	0.151987
106.240000	0.151987
106.304000	0.151987
106.368000	0.151987
106.432000	0.151987
106.496000	0.151987
106.560000	0.151987
106.624000	0.151987
106.688000	0.151987
106.752000	0.151987
106.816000	0.151987
106.880000	0.151987
106.944000	0.151987
107.008000	0.151987
107.072000	0.151987
107.136000	0.151987
107.200000	0.151987
107.264000	0.151987
107.328000	0.151987
107.392000	0.151987
107.456000	0.151987
107.520000	0.151987
107.584000	0.151987
107.648000	0.151987
107.712000	0.151987
107.776000	0.151987
107.840000	0.151987
107.904000	0.151987
107.968000	0.151987
108.032000	0.151987
108.096000	0.151987
108.160000	0.151987
108.224000	0.151987
108.288000	0.151987
108.352000	0.151987
108.416000	0.133016
108.480000	0.133016
108.544000	0.133016
108.608000	0.133016
108.672000	0.133016
108.736000	0.133016
108.800000	0.133016
108.864000	0.133016
108.928000	0.133016
108.992000	0.133016
109.056000	0.133016
109.120000	0.133016
109.184000	0.133016
109.248000	0.123370
109.312000	0.123370
109.376000	0.123370
109.440000	0.123370
109.504000	0.123370
109.568000	0.123370
109.632000	0.123370
109.696000	0.123370
109.760000	0.123370
109.824000	0.123370
109.888000	0.123370
109.952000	0.123370
110.016000	0.111984
110.080000	0.111984
110.144000	0.111984
110.208000	0.111984
110.272000	0.111984
110.336000	0.111984
110.400000	0.111984
110.464000	0.111984
110.528000	0.111984
110.592000	0.111984
110.656000	0.111984
110.720000	0.111984
110.784000	0.111984
110.848000	0.111984
110.912000	0.111984
110.976000	0.111984
111.040000	0.111984
111.104000	0.111984
111.168000	0.111984
111.232000	0.111984
111.296000	0.111984
111.360000	0.111984
111.424000	0.111984
111.488000	0.111984
111.552000	0.111984
111.616000	0.111984
111.680000	0.106778
111.744000	0.106778
111.808000	0.106778
111.872000	0.106778
111.936000	0.106778
112.000000	0.106778
112.064000	0.106778
112.128000	0.106778
112.192000	0.106778
112.256000	0.106778
112.320000	0.106778
112.384000	0.106778
112.448000	0.106778
112.512000	0.096565
112.576000	0.096565
112.640000	0.096565
112.704000	0.096565
112.768000	0.096565
112.832000	0.096565
112.896000	0.096565
112.960000	0.096565
113.024000	0.096565
113.088000	0.096565
113.152000	0.096565
113.216000	0.096565
113.280000	0.096565
113.344000	0.096565
113.408000	0.096565
113.472000	0.096565
113.536000	0.096565
113.600000	0.096565
113.664000	0.096565
113.728000	0.096565
113.792000	0.096565
113.856000	0.096565
113.920000	0.096565
113.984000	0.096565
114.048000	0.096565
114.112000	0.096565
114.176000	0.096565
114.240000	0.096565
114.304000	0.096565
114.368000	0.096565
114.432000	0.096565
114.496000	0.096565
114.560000	0.096565
114.624000	0.096565
114.688000	0.096565
114.752000	0.096565
114.816000	0.096565
114.880000	0.096565
114.944000	0.096565
115.008000	0.096565
115.072000	0.096565
115.136000	0.096565
115.200000	0.096565
115.264000	0.096565
115.328000	0.096565
115.392000	0.096565
115.456000	0.096565
115.520000	0.096565
115.584000	0.096565
115.648000	0.096565
115.712000	0.096565
115.776000	0.096565
115.840000	0.096565
115.904000	0.096565
115.968000	0.096565
116.032000	0.096565
116.096000	0.096565
116.160000	0.096565
116.224000	0.096565
116.288000	0.096565
116.352000	0.096565
116.416000	0.096565
116.480000	0.096565
116.544000	0.096565
116.608000	0.096565
116.672000	0.096565
116.736000	0.096565
116.800000	0.096565
116.864000	0.096565
116.928000	0.096565
116.992000	0.096565
117.056000	0.096565
117.120000	0.096565
117.184000	0.096565
117.248000	0.096565
117.312000	0.096565
117.376000	0.096565
117.440000	0.096565
117.504000	0.096565
117.568000	0.096565
117.632000	0.096565
117.696000	0.096565
117.760000	0.096565
117.824000	0.096565
117.888000	0.096565
117.952000	0.096565
118.016000	0.096565
118.080000	0.096565
118.144000	0.096565
118.208000	0.096565
118.272000	0.096565
118.336000	0.096565
118.400000	0.096565
118.464000	0.096565
118.528000	0.096565
118.592000	0.096565
118.656000	0.096565
118.720000	0.096565
118.784000	0.096565
118.848000	0.096565
118.912000	0.098282
118.976000	0.098282
119.040000	0.098282
119.104000	0.098282
119.168000	0.098282
119.232000	0.098282
119.296000	0.098282
119.360000	0.098282
119.424000	0.098282
119.488000	0.098282
119.552000	0.098282
119.616000	0.098282
119.680000	0.098282
119.744000	0.098282
119.808000	0.098282
119.872000	0.098282
119.936000	0.098282
120.000000	0.098282
120.064000	0.098282
120.128000	0.098282
120.192000	0.098282
120.256000	0.098282
120.320000	0.098282
120.384000	0.098282
120.448000	0.098282
120.512000	0.098282
120.576000	0.098282
120.640000	0.098282
120.704000	0.098282
120.768000	0.098282
120.832000	0.098282
120.896000	0.098282
120.960000	0.098282
121.024000	0.098282
121.088000	0.098282
121.152000	0.098282
121.216000	0.098282
121.280000	0.098282
121.344000	0.082279
121.408000	0.071109
121.472000	0.071109
121.536000	0.071109
121.600000	0.071109
121.664000	0.071109
121.728000	0.071109
121.792000	0.071109
121.856000	0.071109
121.920000	0.071109
121.984000	0.071109
122.048000	0.071109
122.112000	0.071109
122.176000	0.071109
122.240000	0.071109
122.304000	0.071109
122.368000	0.071109
122.432000	0.071109
122.496000	0.071109
122.560000	0.071109
122.624000	0.071109
122.688000	0.071109
122.752000	0.071109
122.816000	0.071109
122.880000	0.071109
122.944000	0.071109
123.008000	0.071109
123.072000	0.071109
123.136000	0.071109
123.200000	0.071109
123.264000	0.071109
123.328000	0.071109
123.392000	0.071109
123.456000	0.071109
123.520000	0.071109
123.584000	0.071109
123.648000	0.071109
123.712000	0.071109
123.776000	0.071109
123.840000	0.071109
123.904000	0.071109
123.968000	0.071109
124.032000	0.071109
124.096000	0.071109
124.160000	0.071109
124.224000	0.071109
124.288000	0.071109
124.352000	0.071109
124.416000	0.071109
124.480000	0.071109
124.544000	0.071109
124.608000	0.071109
124.672000	0.071109
124.736000	0.071109
124.800000	0.071109
124.864000	0.071109
124.928000	0.071109
124.992000	0.071109
125.056000	0.071109
125.120000	0.071109
125.184000	0.071109
125.248000	0.071109
125.312000	0.071109
125.376000	0.071109
125.440000	0.071109
125.504000	0.071109
125.568000	0.071109
125.632000	0.071109
125.696000	0.071109
125.760000	0.071109
125.824000	0.071109
125.888000	0.071109
125.952000	0.071109
126.016000	0.071109
126.080000	0.071109
126.144000	0.071109
126.208000	0.071109
126.272000	0.071109
126.336000	0.071109
126.400000	0.071109
126.464000	0.071109
126.528000	0.071109
126.592000	0.071109
126.656000	0.071109
126.720000	0.071109
126.784000	0.071109
126.848000	0.071109
126.912000	0.071109
126.976000	0.071109
127.040000	0.071109
127.104000	0.071109
127.168000	0.071109
127.232000	0.071109
127.296000	0.071109
127.360000	0.071109
127.424000	0.071109
127.488000	0.071109
127.552000	0.071109
127.616000	0.071109
127.680000	0.071109
127.744000	0.071109
127.808000	0.078614
127.872000	0.078614
127.936000	0.078614
128.000000	0.078614
128.064000	0.078614
128.128000	0.078614
128.192000	0.078614
128.256000	0.078614
128.320000	0.078614
128.384000	0.078614
128.448000	0.078614
128.512000	0.078614
128.576000	0.078614
128.640000	0.078614
128.704000	0.078614
128.768000	0.078614
128.832000	0.078614
128.896000	0.078614
128.960000	0.078614
129.024000	0.078614
129.088000	0.078614
129.152000	0.078614
129.216000	0.078614
129.280000	0.078614
129.344000	0.078614
129.408000	0.078614
129.472000	0.078614
129.536000	0.078614
129.600000	0.078614
129.664000	0.096015
129.728000	0.096015
129.792000	0.096015
129.856000	0.096015
129.920000	0.096015
129.984000	0.096015
130.048000	0.096015
130.112000	0.096015
130.176000	0.096015
130.240000	0.096015
130.304000	0.096015
130.368000	0.096015
130.432000	0.096015
130.496000	0.096015
130.560000	0.096015
130.624000	0.096015
130.688000	0.096015
130.752000	0.096015
130.816000	0.096015
130.880000	0.096015
130.944000	0.096015
131.008000	0.096015
131.072000	0.096015
131.136000	0.096015
131.200000	0.096015
131.264000	0.096015
131.328000	0.096015
131.392000	0.096015
131.456000	0.096015
131.520000	0.096015
131.584000	0.096015
131.648000	0.096015
131.712000	0.096015
131.776000	0.096015
131.840000	0.096015
131.904000	0.096015
131.968000	0.096015
132.032000	0.146402
132.096000	0.146402
132.160000	0.146402
132.224000	0.146402
132.288000	0.146402
132.352000	0.146402
132.416000	0.146402
132.480000	0.146402
132.544000	0.146402
132.608000	0.146402
132.672000	0.146402
132.736000	0.146402
132.800000	0.146402
132.864000	0.146402
132.928000	0.146402
132.992000	0.146402
133.056000	0.146402
133.120000	0.146402
133.184000	0.146402
133.248000	0.146402
133.312000	0.146402
133.376000	0.146402
133.440000	0.146402
133.504000	0.146402
133.568000	0.146402
133.632000	0.146402
133.696000	0.146402
133.760000	0.146402
133.824000	0.146402
133.888000	0.146402
133.952000	0.146402
134.016000	0.146402
134.080000	0.146402
134.144000	0.146402
134.208000	0.146402
134.272000	0.146402
134.336000	0.146402
134.400000	0.146402
134.464000	0.146402
134.528000	0.146402
134.592000	0.146402
134.656000	0.146402
134.720000	0.146402
134.784000	0.146402
134.848000	0.146402
134.912000	0.146402
134.976000	0.146402
135.040000	0.146402
135.104000	0.146402
135.168000	0.146402
135.232000	0.146402
135.296000	0.146402
135.360000	0.146402
135.424000	0.146402
135.488000	0.146402
135.552000	0.146402
135.616000	0.146402
135.680000	0.146402
135.744000	0.146402
135.808000	0.146402
135.872000	0.146402
135.936000	0.146402
136.000000	0.146402
136.064000	0.146402
136.128000	0.146402
136.192000	0.146402
136.256000	0.146402
136.320000	0.146402
136.384000	0.146402
136.448000	0.146402
136.512000	0.146402
136.576000	0.146402
136.640000	0.146402
136.704000	0.146402
136.768000	0.146402
136.832000	0.146402
136.896000	0.146402
136.960000	0.146402
137.024000	0.146402
137.088000	0.146402
137.152000	0.146402
137.216000	0.146402
137.280000	0.153998
137.344000	0.153998
137.408000	0.153998
137.472000	0.153998
137.536000	0.153998
137.600000	0.210244
137.664000	0.210244
137.728000	0.210244
137.792000	0.210244
137.856000	0.210244
137.920000	0.246149
137.984000	0.246149
138.048000	0.246149
138.112000	0.246149
138.176000	0.246149
138.240000	0.197119
138.304000	0.197119
138.368000	0.197119
138.432000	0.170896
138.496000	0.170896
138.560000	0.170896
138.624000	0.170896
138.688000	0.170896
138.752000	0.170896
138.816000	0.170896
138.880000	0.170896
138.944000	0.170896
139.008000	0.170896
139.072000	0.170896
139.136000	0.170896
139.200000	0.170896
139.264000	0.170896
139.328000	0.170896
139.392000	0.170896
139.456000	0.170896
139.520000	0.170896
139.584000	0.170896
139.648000	0.170896
139.712000	0.170896
139.776000	0.170896
139.840000	0.170896
139.904000	0.170896
139.968000	0.170896
140.032000	0.170896
140.096000	0.170896
140.160000	0.170896
140.224000	0.170896
140.288000	0.170896
140.352000	0.170896
140.416000	0.170896
140.480000	0.170896
140.544000	0.170896
140.608000	0.170896
140.672000	0.170896
140.736000	0.170896
140.800000	0.170896
140.864000	0.170896
140.928000	0.170896
140.992000	0.170896
141.056000	0.170896
141.120000	0.170896
141.184000	0.170896
141.248000	0.170896
141.312000	0.170896
141.376000	0.170896
141.440000	0.170896
141.504000	0.170896
141.568000	0.170896
141.632000	0.170896
141.696000	0.170896
141.760000	0.170896
141.824000	0.170896
141.888000	0.170896
141.952000	0.170896
142.016000	0.170896
142.080000	0.170896
142.144000	0.170896
142.208000	0.170896
142.272000	0.170896
142.336000	0.170896
142.400000	0.170896
142.464000	0.170896
142.528000	0.170896
142.592000	0.170896
142.656000	0.170896
142.720000	0.170896
142.784000	0.170896
142.848000	0.170896
142.912000	0.170896
142.976000	0.170896
143.040000	0.170896
143.104000	0.170896
143.168000	0.170896
143.232000	0.170896
143.296000	0.170896
143.360000	0.170896
143.424000	0.170896
143.488000	0.170896
143.552000	0.170896
143.616000	0.170896
143.680000	0.170896
143.744000	0.170896
143.808000	0.170896
143.872000	0.170896
143.936000	0.170896
144.000000	0.170896
144.064000	0.170896
144.128000	0.170896
144.192000	0.170896
144.256000	0.170896
144.320000	0.170896
144.384000	0.170896
144.448000	0.170896
144.512000	0.170896
144.576000	0.170896
144.640000	0.170896
144.704000	0.170896
144.768000	0.170896
144.832000	0.185053
144.896000	0.186515
144.960000	0.186515
145.024000	0.186515
145.088000	0.186515
145.152000	0.186515
145.216000	0.186515
145.280000	0.186515
145.344000	0.186515
145.408000	0.186515
145.472000	0.186515
145.536000	0.186515
145.600000	0.186515
145.664000	0.186515
145.728000	0.186515
145.792000	0.186515
145.856000	0.186515
145.920000	0.186515
145.984000	0.186515
146.048000	0.186515
146.112000	0.186515
146.176000	0.186515
146.240000	0.186515
146.304000	0.186515
146.368000	0.186515
146.432000	0.186515
146.496000	0.186515
146.560000	0.186515
146.624000	0.277614
146.688000	0.277614
146.752000	0.277614
146.816000	0.277614
146.880000	0.277614
146.944000	0.277614
147.008000	0.277614
147.072000	0.277614
147.136000	0.277614
147.200000	0.277614
147.264000	0.277482
147.328000	0.277482
147.392000	0.277482
147.456000	0.277482
147.520000	0.277482
147.584000	0.277482
147.648000	0.277482
147.712000	0.277482
147.776000	0.277482
147.840000	0.277482
147.904000	0.277482
147.968000	0.277482
148.032000	0.277482
148.096000	0.277482
148.160000	0.201651
148.224000	0.201651
148.288000	0.201651
148.352000	0.194323
148.416000	0.194323
148.480000	0.194323
148.544000	0.194323
148.608000	0.194323
148.672000	0.194323
148.736000	0.194323
148.800000	0.194323
148.864000	0.194323
148.928000	0.194323
148.992000	0.194323
149.056000	0.194323
149.120000	0.194323
149.184000	0.194323
149.248000	0.194323
149.312000	0.194323
149.376000	0.194323
149.440000	0.194323
149.504000	0.194323
149.568000	0.194323
149.632000	0.194323
149.696000	0.194323
149.760000	0.194323
149.824000	0.194323
149.888000	0.154816
149.952000	0.154816
150.016000	0.154816
150.080000	0.154816
150.144000	0.154816
150.208000	0.154816
150.272000	0.154816
150.336000	0.154816
150.400000	0.120222
150.464000	0.120222
150.528000	0.120222
150.592000	0.120222
150.656000	0.120222
150.720000	0.119352
150.784000	0.109745
150.848000	0.109745
150.912000	0.109745
150.976000	0.109745
151.040000	0.109745
151.104000	0.109745
151.168000	0.109745
151.232000	0.109745
151.296000	0.109745
151.360000	0.109745
151.424000	0.109745
151.488000	0.109745
151.552000	0.109745
151.616000	0.109745
151.680000	0.109745
151.744000	0.109745
151.808000	0.109745
151.872000	0.109745
151.936000	0.109745
152.000000	0.109745
152.064000	0.109745
152.128000	0.109745
152.192000	0.109745
152.256000	0.109745
152.320000	0.109745
152.384000	0.109745
152.448000	0.109745
152.512000	0.109745
152.576000	0.109745
152.640000	0.109745
152.704000	0.109745
152.768000	0.109745
152.832000	0.109745
152.896000	0.109745
152.960000	0.109745
153.024000	0.109745
153.088000	0.109745
153.152000	0.109745
153.216000	0.109745
153.280000	0.109745
153.344000	0.109745
153.408000	0.109745
153.472000	0.109745
153.536000	0.109745
153.600000	0.109745
153.664000	0.109745
153.728000	0.109745
153.792000	0.109745
153.856000	0.109745
153.920000	0.109745
153.984000	0.109745
154.048000	0.109745
154.112000	0.109745
154.176000	0.109745
154.240000	0.109745
154.304000	0.109745
154.368000	0.109745
154.432000	0.109745
154.496000	0.109745
154.560000	0.109745
154.624000	0.109745
154.688000	0.109745
154.752000	0.109745
154.816000	0.109745
154.880000	0.109745
154.944000	0.109745
155.008000	0.109745
155.072000	0.109745
155.136000	0.109745
155.200000	0.109745
155.264000	0.109745
155.328000	0.109745
155.392000	0.109745
155.456000	0.109745
155.520000	0.109745
155.584000	0.109745
155.648000	0.109745
155.712000	0.109745
155.776000	0.109745
155.840000	0.109745
155.904000	0.109745
155.968000	0.109745
156.032000	0.109745
156.096000	0.109745
156.160000	0.109745
156.224000	0.109745
156.288000	0.109745
156.352000	0.109745
156.416000	0.109745
156.480000	0.109745
156.544000	0.109745
156.608000	0.109745
156.672000	0.109745
156.736000	0.109745
156.800000	0.109745
156.864000	0.109745
156.928000	0.109745
156.992000	0.109745
157.056000	0.109745
157.120000	0.109745
157.184000	0.112889
157.248000	0.113104
157.312000	0.113104
157.376000	0.126062
157.440000	0.132260
157.504000	0.151976
157.568000	0.274892
157.632000	0.274892
157.696000	0.274892
157.760000	0.274892
157.824000	0.274892
157.888000	0.274892
157.952000	0.274892
158.016000	0.274892
158.080000	0.274892
158.144000	0.274892
158.208000	0.274892
158.272000	0.274892
158.336000	0.274892
158.400000	0.274892
158.464000	0.274892
158.528000	0.274892
158.592000	0.274892
158.656000	0.274892
158.720000	0.274892
158.784000	0.274892
158.848000	0.274892
158.912000	0.274892
158.976000	0.274892
159.040000	0.274892
159.104000	0.274892
159.168000	0.300626
159.232000	0.300626
159.296000	0.300626
159.360000	0.300626
159.424000	0.300626
159.488000	0.300626
159.552000	0.300626
159.616000	0.300626
159.680000	0.300626
159.744000	0.300626
159.808000	0.300626
159.872000	0.301524
159.936000	0.301524
160.000000	0.301524
160.064000	0.301524
160.128000	0.301524
160.192000	0.301524
160.256000	0.301524
160.320000	0.301524
160.384000	0.301524
160.448000	0.301524
160.512000	0.301524
160.576000	0.301524
160.640000	0.301524
160.704000	0.301524
160.768000	0.301524
160.832000	0.301524
160.896000	0.301524
160.960000	0.301524
161.024000	0.301524
161.088000	0.301524
161.152000	0.301524
161.216000	0.301524
161.280000	0.301524
161.344000	0.301524
161.408000	0.301524
161.472000	0.301524
161.536000	0.301524
161.600000	0.301524
161.664000	0.301524
161.728000	0.301524
161.792000	0.301524
161.856000	0.301524
161.920000	0.301524
161.984000	0.301524
162.048000	0.301524
162.112000	0.301524
162.176000	0.301524
162.240000	0.301524
162.304000	0.301524
162.368000	0.301524
162.432000	0.301524
162.496000	0.301524
162.560000	0.301524
162.624000	0.301524
162.688000	0.301524
162.752000	0.301524
162.816000	0.301524
162.880000	0.301524
162.944000	0.301524
163.008000	0.301524
163.072000	0.301524
163.136000	0.301524
163.200000	0.301524
163.264000	0.301524
163.328000	0.301524
163.392000	0.301524
163.456000	0.301524
163.520000	0.301524
163.584000	0.301524
163.648000	0.301524
163.712000	0.301524
163.776000	0.301524
163.840000	0.301524
163.904000	0.301524
163.968000	0.301524
164.032000	0.301524
164.096000	0.301524
164.160000	0.301524
164.224000	0.301524
164.288000	0.301524
164.352000	0.301524
164.416000	0.301524
164.480000	0.301524
164.544000	0.301524
164.608000	0.301524
164.672000	0.301524
164.736000	0.301524
164.800000	0.301524
164.864000	0.301524
164.928000	0.301524
164.992000	0.301524
165.056000	0.301524
165.120000	0.301524
165.184000	0.301524
165.248000	0.301524
165.312000	0.301524
165.376000	0.301524
165.440000	0.301524
165.504000	0.301524
165.568000	0.301524
165.632000	0.301524
165.696000	0.324087
165.760000	0.420202
165.824000	0.420202
165.888000	0.420202
165.952000	0.420202
166.016000	0.420202
166.080000	0.420202
166.144000	0.420202
166.208000	0.420202
166.272000	0.420202
166.336000	0.420202
166.400000	0.420202
166.464000	0.420202
166.528000	0.420202
166.592000	0.420202
166.656000	0.420202
166.720000	0.420202
166.784000	0.420202
166.848000	0.420202
166.912000	0.420202
166.976000	0.420202
167.040000	0.243488
167.104000	0.243488
167.168000	0.243488
167.232000	0.243488
167.296000	0.243488
167.360000	0.243488
167.424000	0.243488
167.488000	0.243488
167.552000	0.243488
167.616000	0.243488
167.680000	0.243488
167.744000	0.243488
167.808000	0.243488
167.872000	0.243488
167.936000	0.243488
168.000000	0.243488
168.064000	0.243488
168.128000	0.243488
168.192000	0.243488
168.256000	0.243488
168.320000	0.243488
168.384000	0.243488
168.448000	0.243488
168.512000	0.243488
168.576000	0.243488
168.640000	0.243488
168.704000	0.243488
168.768000	0.243488
168.832000	0.243488
168.896000	0.243488
168.960000	0.243488
169.024000	0.243488
169.088000	0.243488
169.152000	0.243488
169.216000	0.243488
169.280000	0.243488
169.344000	0.243488
169.408000	0.243488
169.472000	0.243488
169.536000	0.243488
169.600000	0.243488
169.664000	0.243488
169.728000	0.243488
169.792000	0.243488
169.856000	0.243488
169.920000	0.243488
169.984000	0.243488
170.048000	0.243488
170.112000	0.243488
170.176000	0.243488
170.240000	0.243488
170.304000	0.243488
170.368000	0.243488
170.432000	0.243488
170.496000	0.243488
170.560000	0.243488
170.624000	0.243488
170.688000	0.243488
170.752000	0.243488
170.816000	0.243488
170.880000	0.243488
170.944000	0.243488
171.008000	0.243488
171.072000	0.243488
171.136000	0.243488
171.200000	0.243488
171.264000	0.243488
171.328000	0.243488
171.392000	0.243488
171.456000	0.243488
171.520000	0.243488
171.584000	0.243488
171.648000	0.243488
171.712000	0.243488
171.776000	0.243488
171.840000	0.243488
171.904000	0.243488
171.968000	0.243488
172.032000	0.243488
172.096000	0.243488
172.160000	0.243488
172.224000	0.243488
172.288000	0.243488
172.352000	0.243488
172.416000	0.243488
172.480000	0.243488
172.544000	0.243488
172.608000	0.243488
172.672000	0.243488
172.736000	0.243488
172.800000	0.243488
172.864000	0.243488
172.928000	0.243488
172.992000	0.243488
173.056000	0.243488
173.120000	0.243488
173.184000	0.243488
173.248000	0.243488
173.312000	0.243488
173.376000	0.243488
173.440000	0.259844
173.504000	0.259844
173.568000	0.259844
173.632000	0.259844
173.696000	0.259844
173.760000	0.259844
173.824000	0.259844
173.888000	0.259844
173.952000	0.259844
174.016000	0.259844
174.080000	0.259844
174.144000	0.259844
174.208000	0.259844
174.272000	0.259844
174.336000	0.259844
174.400000	0.259844
174.464000	0.293767
174.528000	0.293767
174.592000	0.293767
174.656000	0.293767
174.720000	0.293767
174.784000	0.293767
174.848000	0.293767
174.912000	0.293767
174.976000	0.293767
175.040000	0.293767
175.104000	0.293767
175.168000	0.293767
175.232000	0.293767
175.296000	0.293767
175.360000	0.293767
175.424000	0.293767
175.488000	0.293767
175.552000	0.293767
175.616000	0.293767
175.680000	0.293767
175.744000	0.293767
175.808000	0.293767
175.872000	0.293767
175.936000	0.293767
176.000000	0.293767
176.064000	0.293767
176.128000	0.293767
176.192000	0.293767
176.256000	0.293767
176.320000	0.293767
176.384000	0.293767
176.448000	0.293767
176.512000	0.293767
176.576000	0.244742
176.640000	0.244742
176.704000	0.155691
176.768000	0.000000
176.832000	0.000000
176.896000	0.000000
176.960000	0.000000
177.024000	0.000000
177.088000	0.000000
177.152000	0.000000
177.216000	0.000000
177.280000	0.000000
177.344000	0.000000
177.408000	0.000000
177.472000	0.000000
177.536000	0.000000
177.600000	0.000000
177.664000	0.000000
177.728000	0.000000
177.792000	0.000000
177.856000	0.000000
177.920000	0.000000
177.984000	0.000000
178.048000	0.000000
178.112000	0.000000
178.176000	0.000000
178.240000	0.000000
178.304000	0.000000
178.368000	0.000000
178.432000	0.000000
178.496000	0.000000
178.560000	0.000000
178.624000	0.000000
178.688000	0.000000
178.752000	0.000000
178.816000	0.000000
178.880000	0.000000
178.944000	0.000000
179.008000	0.000000
179.072000	0.000000
179.136000	0.000000
179.200000	0.000000
179.264000	0.000000
179.328000	0.000000
179.392000	0.000000
179.456000	0.000000
179.520000	0.000000
179.584000	0.000000
179.648000	0.000000
179.712000	0.000000
179.776000	0.000000
179.840000	0.000000
179.904000	0.000000
